132.00000
496.00000
822.00000
1253.00000
1643.00000
2022.00000
2337.00000
2549.00000
2958.00000
3476.00000
3779.00000
4197.00000
4639.00000
5139.00000
5722.00000
6304.00000
6785.00000
7204.00000
7471.00000
7817.00000
8228.00000
8507.00000
8897.00000
9282.00000
9576.00000
9963.00000
10388.00000
10827.00000
11326.00000
11810.00000
12299.00000
12593.00000
13005.00000
13627.00000
14170.00000
14550.00000
14982.00000
15575.00000
16011.00000
16580.00000
16871.00000
17330.00000
17572.00000
17920.00000
18250.00000
18612.00000
18899.00000
19154.00000
19566.00000
19998.00000
20431.00000
20916.00000
21405.00000
22017.00000
22804.00000
23377.00000
23935.00000
24422.00000
24826.00000
25330.00000
25547.00000
25994.00000
26565.00000
26872.00000
27324.00000
27704.00000
28132.00000
28551.00000
29021.00000
29603.00000
30135.00000
30701.00000
31514.00000
31931.00000
32343.00000
32737.00000
33103.00000
33530.00000
33970.00000
34466.00000
34982.00000
35546.00000
35986.00000
36444.00000
36854.00000
37329.00000
37801.00000
38239.00000
38568.00000
38926.00000
39228.00000
39599.00000
40081.00000
40375.00000
40854.00000
41514.00000
42173.00000
42963.00000
43787.00000
44532.00000
45124.00000
45726.00000
46338.00000
46810.00000
47244.00000
47702.00000
48201.00000
48853.00000
49115.00000
49381.00000
49813.00000
50365.00000
50846.00000
