186.00000
632.00000
1066.00000
1575.00000
2178.00000
2663.00000
3395.00000
4003.00000
4570.00000
5100.00000
5595.00000
6141.00000
6715.00000
7197.00000
7772.00000
8228.00000
8766.00000
9351.00000
9955.00000
10469.00000
11032.00000
11582.00000
12091.00000
12530.00000
12815.00000
13274.00000
13845.00000
14373.00000
14901.00000
15344.00000
15780.00000
16208.00000
16702.00000
17123.00000
17751.00000
18247.00000
18767.00000
19252.00000
19829.00000
20480.00000
21058.00000
21569.00000
22078.00000
22601.00000
23107.00000
23651.00000
24225.00000
24966.00000
25344.00000
25666.00000
26028.00000
26405.00000
26775.00000
27132.00000
27531.00000
27947.00000
28437.00000
28923.00000
29391.00000
29914.00000
30474.00000
30993.00000
31517.00000
32079.00000
32636.00000
33148.00000
33640.00000
34139.00000
34659.00000
35166.00000
35667.00000
36208.00000
36637.00000
37050.00000
37545.00000
38084.00000
38586.00000
39234.00000
39925.00000
40629.00000
41272.00000
41966.00000
42583.00000
43202.00000
43785.00000
44370.00000
44972.00000
45520.00000
46086.00000
46684.00000
47270.00000
47783.00000
48261.00000
48870.00000
49397.00000
49946.00000
50583.00000
51122.00000
51836.00000
52446.00000
52980.00000
53628.00000
54208.00000
54690.00000
55205.00000
55693.00000
56162.00000
56748.00000
57418.00000
58034.00000
58653.00000
59155.00000
59583.00000
60030.00000
60527.00000
61095.00000
61673.00000
62200.00000
62818.00000
63523.00000
64258.00000
64865.00000
65480.00000
65931.00000
66477.00000
67103.00000
67762.00000
68413.00000
68979.00000
69521.00000
70117.00000
70809.00000
71393.00000
72046.00000
72710.00000
73393.00000
74050.00000
74652.00000
75276.00000
75834.00000
76412.00000
76947.00000
77436.00000
77921.00000
78578.00000
79294.00000
79885.00000
80460.00000
81000.00000
81503.00000
82006.00000
82503.00000
83099.00000
83662.00000
84444.00000
84983.00000
85536.00000
86142.00000
86696.00000
87208.00000
87722.00000
88359.00000
89022.00000
89701.00000
