32.00000
81.00000
133.00000
199.00000
266.00000
328.00000
384.00000
428.00000
478.00000
534.00000
599.00000
653.00000
699.00000
747.00000
809.00000
844.00000
922.00000
972.00000
1015.00000
1067.00000
1121.00000
1178.00000
1238.00000
1297.00000
1359.00000
1412.00000
1467.00000
1518.00000
1566.00000
1609.00000
1661.00000
1728.00000
1787.00000
1852.00000
1920.00000
1982.00000
2044.00000
2101.00000
2158.00000
2218.00000
2283.00000
2347.00000
2392.00000
2435.00000
2484.00000
2530.00000
2581.00000
2633.00000
2692.00000
2763.00000
2832.00000
2897.00000
2949.00000
3011.00000
3078.00000
3139.00000
3197.00000
3266.00000
3332.00000
3408.00000
3475.00000
3540.00000
3602.00000
3653.00000
3716.00000
3775.00000
3847.00000
3903.00000
3964.00000
4018.00000
4075.00000
4127.00000
4178.00000
4236.00000
4290.00000
4347.00000
4406.00000
4460.00000
4527.00000
4599.00000
4662.00000
4727.00000
4785.00000
4848.00000
4907.00000
4967.00000
5026.00000
5085.00000
5138.00000
5181.00000
5245.00000
5283.00000
5328.00000
5373.00000
5420.00000
5468.00000
5519.00000
5578.00000
5634.00000
5679.00000
5732.00000
5793.00000
5857.00000
5928.00000
5983.00000
6042.00000
6109.00000
6172.00000
6268.00000
6296.00000
6346.00000
6388.00000
6438.00000
6485.00000
6540.00000
6588.00000
6640.00000
6722.00000
6785.00000
6862.00000
6940.00000
7008.00000
7083.00000
7137.00000
7197.00000
7238.00000
7287.00000
7345.00000
7406.00000
7469.00000
7531.00000
7607.00000
7667.00000
7721.00000
7783.00000
7842.00000
7893.00000
7940.00000
7988.00000
8051.00000
8102.00000
8164.00000
8225.00000
8283.00000
8343.00000
8394.00000
8442.00000
8508.00000
8564.00000
8627.00000
8685.00000
8747.00000
8829.00000
8884.00000
8944.00000
9004.00000
9064.00000
9118.00000
9178.00000
9232.00000
9283.00000
9341.00000
9403.00000
9468.00000
9544.00000
9615.00000
9667.00000
9726.00000
9778.00000
9834.00000
9882.00000
9938.00000
9990.00000
