18.00000
111.00000
207.00000
305.00000
408.00000
508.00000
606.00000
708.00000
812.00000
912.00000
1011.00000
1110.00000
1208.00000
1305.00000
1402.00000
1497.00000
1593.00000
1689.00000
1784.00000
1879.00000
1974.00000
2069.00000
2163.00000
2260.00000
2360.00000
2460.00000
2564.00000
2665.00000
2766.00000
2863.00000
2960.00000
3057.00000
3153.00000
3249.00000
3345.00000
3441.00000
3537.00000
3634.00000
3730.00000
3829.00000
3928.00000
4028.00000
4132.00000
4235.00000
4343.00000
4449.00000
4557.00000
4661.00000
4764.00000
4865.00000
4968.00000
5070.00000
5172.00000
5272.00000
5374.00000
5475.00000
5577.00000
5676.00000
5775.00000
5874.00000
5973.00000
6073.00000
6171.00000
6270.00000
6368.00000
6467.00000
6566.00000
6664.00000
6762.00000
6860.00000
6958.00000
7055.00000
7152.00000
7249.00000
7346.00000
7443.00000
7540.00000
7636.00000
7731.00000
7827.00000
7922.00000
8017.00000
8112.00000
8207.00000
8301.00000
8395.00000
8489.00000
8584.00000
8679.00000
8774.00000
8869.00000
8964.00000
9060.00000
9156.00000
9253.00000
9353.00000
9453.00000
9554.00000
9654.00000
9753.00000
9852.00000
9951.00000
10050.00000
10150.00000
10250.00000
10352.00000
10453.00000
10554.00000
10654.00000
10755.00000
10856.00000
10962.00000
11071.00000
11175.00000
11276.00000
11377.00000
11477.00000
11578.00000
11677.00000
11777.00000
11876.00000
11977.00000
12077.00000
12177.00000
12276.00000
12375.00000
12475.00000
12577.00000
12676.00000
12775.00000
12875.00000
12974.00000
13072.00000
13173.00000
13278.00000
13379.00000
13479.00000
13579.00000
13679.00000
13779.00000
13877.00000
13977.00000
14076.00000
14175.00000
14274.00000
14373.00000
14473.00000
14575.00000
14678.00000
14780.00000
14882.00000
14984.00000
15085.00000
15186.00000
15286.00000
15387.00000
15488.00000
15592.00000
15693.00000
15795.00000
15897.00000
15999.00000
16100.00000
16203.00000
16305.00000
16408.00000
16513.00000
16620.00000
16729.00000
16834.00000
16937.00000
17039.00000
17142.00000
17243.00000
17345.00000
17446.00000
17547.00000
17648.00000
17749.00000
17854.00000
17958.00000
18062.00000
18165.00000
18267.00000
18368.00000
18469.00000
18570.00000
18670.00000
18770.00000
18870.00000
18971.00000
19071.00000
19170.00000
19270.00000
19369.00000
19469.00000
19568.00000
19667.00000
19767.00000
19866.00000
19965.00000
20064.00000
20163.00000
20262.00000
20360.00000
20459.00000
20557.00000
20656.00000
20756.00000
20855.00000
20953.00000
21051.00000
21150.00000
21249.00000
21347.00000
21444.00000
21542.00000
21641.00000
21738.00000
21838.00000
21937.00000
22035.00000
22137.00000
22240.00000
22345.00000
22453.00000
22564.00000
22672.00000
22780.00000
22886.00000
22992.00000
23101.00000
23208.00000
23314.00000
23420.00000
23525.00000
23629.00000
23732.00000
23835.00000
23937.00000
24039.00000
24142.00000
24248.00000
24356.00000
24461.00000
24564.00000
24666.00000
24768.00000
24869.00000
24970.00000
25071.00000
25171.00000
25272.00000
25372.00000
25472.00000
