123.00000
362.00000
603.00000
846.00000
1091.00000
1333.00000
1577.00000
1823.00000
2067.00000
2315.00000
2565.00000
2814.00000
3067.00000
3323.00000
3575.00000
3829.00000
4081.00000
4331.00000
4581.00000
4829.00000
5078.00000
5327.00000
5573.00000
5818.00000
6066.00000
6311.00000
6556.00000
6803.00000
7048.00000
7296.00000
7542.00000
7787.00000
8036.00000
8282.00000
8529.00000
8777.00000
9024.00000
9272.00000
9519.00000
9767.00000
10016.00000
10261.00000
10506.00000
10751.00000
10997.00000
11243.00000
11490.00000
11738.00000
11985.00000
12233.00000
12481.00000
12730.00000
12977.00000
13223.00000
13467.00000
13711.00000
13953.00000
14194.00000
14437.00000
14680.00000
14926.00000
15171.00000
15414.00000
15658.00000
15905.00000
16149.00000
16397.00000
16642.00000
16889.00000
17136.00000
17383.00000
17630.00000
17878.00000
18124.00000
18373.00000
18622.00000
18875.00000
19123.00000
19373.00000
19620.00000
19869.00000
20115.00000
20364.00000
20610.00000
20857.00000
21102.00000
21347.00000
21594.00000
21839.00000
22086.00000
22330.00000
22575.00000
22820.00000
23064.00000
23307.00000
23549.00000
23791.00000
24032.00000
24273.00000
24512.00000
24752.00000
24991.00000
25230.00000
25469.00000
25707.00000
25947.00000
26185.00000
26427.00000
26667.00000
26905.00000
27145.00000
27382.00000
27621.00000
27856.00000
28093.00000
28329.00000
28562.00000
28796.00000
29029.00000
29261.00000
29494.00000
29726.00000
29963.00000
30198.00000
30433.00000
30669.00000
30904.00000
31140.00000
31378.00000
31613.00000
31849.00000
32086.00000
32322.00000
32560.00000
32797.00000
33036.00000
33277.00000
33519.00000
33759.00000
34003.00000
34245.00000
34488.00000
34737.00000
34981.00000
35226.00000
35471.00000
35716.00000
35961.00000
36204.00000
36448.00000
36692.00000
36936.00000
37181.00000
37425.00000
37669.00000
37914.00000
38159.00000
38403.00000
38650.00000
38895.00000
39139.00000
39388.00000
39632.00000
39876.00000
40123.00000
40369.00000
40613.00000
40859.00000
41104.00000
41349.00000
41595.00000
41842.00000
42088.00000
42335.00000
42580.00000
42825.00000
43072.00000
43319.00000
43565.00000
43812.00000
44060.00000
44307.00000
44557.00000
44805.00000
45052.00000
45302.00000
45548.00000
45794.00000
46043.00000
46288.00000
46533.00000
46780.00000
47028.00000
47272.00000
47519.00000
47763.00000
48006.00000
48250.00000
48490.00000
48731.00000
48972.00000
49211.00000
49452.00000
49694.00000
49934.00000
50175.00000
50414.00000
50652.00000
50890.00000
51128.00000
51365.00000
51602.00000
51842.00000
52082.00000
52322.00000
52567.00000
52809.00000
53050.00000
53297.00000
53542.00000
53786.00000
54030.00000
54275.00000
54519.00000
54763.00000
55007.00000
55253.00000
55497.00000
55745.00000
55990.00000
56239.00000
56489.00000
56737.00000
56990.00000
57241.00000
57492.00000
57745.00000
57995.00000
58249.00000
58498.00000
58748.00000
58998.00000
59249.00000
59504.00000
59758.00000
60010.00000
60267.00000
60520.00000
60775.00000
61026.00000
61277.00000
61526.00000
61774.00000
62024.00000
62270.00000
62517.00000
62767.00000
63014.00000
63260.00000
63505.00000
63749.00000
63992.00000
64234.00000
64478.00000
64719.00000
64960.00000
65201.00000
65444.00000
65686.00000
65929.00000
66175.00000
66422.00000
66671.00000
66918.00000
67166.00000
67417.00000
67666.00000
67918.00000
68170.00000
68421.00000
68676.00000
68930.00000
69185.00000
69436.00000
69688.00000
69938.00000
70189.00000
70437.00000
70688.00000
70938.00000
71193.00000
71446.00000
71698.00000
71952.00000
72204.00000
72459.00000
72710.00000
72963.00000
73214.00000
73466.00000
73716.00000
73968.00000
74216.00000
74465.00000
74713.00000
74959.00000
75205.00000
75450.00000
75695.00000
75939.00000
76182.00000
76427.00000
76670.00000
76912.00000
77153.00000
77395.00000
77637.00000
77879.00000
78126.00000
78369.00000
78614.00000
78859.00000
79105.00000
79351.00000
79596.00000
79846.00000
80094.00000
80344.00000
80592.00000
80841.00000
81090.00000
81337.00000
81583.00000
81827.00000
82071.00000
82314.00000
82557.00000
82801.00000
83045.00000
83289.00000
83535.00000
83782.00000
84032.00000
84279.00000
84526.00000
84771.00000
85014.00000
85258.00000
85499.00000
85740.00000
85979.00000
86218.00000
86457.00000
86695.00000
86935.00000
87178.00000
87422.00000
87669.00000
87913.00000
88156.00000
88399.00000
88641.00000
88883.00000
89126.00000
89367.00000
89607.00000
89846.00000
90086.00000
90324.00000
90563.00000
90806.00000
91044.00000
91283.00000
91520.00000
91758.00000
91994.00000
92231.00000
92467.00000
92702.00000
92937.00000
93171.00000
93406.00000
93638.00000
93872.00000
94106.00000
94338.00000
94571.00000
94804.00000
95038.00000
95272.00000
95506.00000
95738.00000
95971.00000
96205.00000
96436.00000
96668.00000
96900.00000
97135.00000
97372.00000
97607.00000
97842.00000
98077.00000
98312.00000
98545.00000
98780.00000
99013.00000
99246.00000
99477.00000
99707.00000
99937.00000
100165.00000
100393.00000
100621.00000
100855.00000
101085.00000
101319.00000
101558.00000
101796.00000
102036.00000
102275.00000
102512.00000
102750.00000
102986.00000
103221.00000
103456.00000
103688.00000
103921.00000
104152.00000
104382.00000
104612.00000
104844.00000
105075.00000
105309.00000
105543.00000
105776.00000
106008.00000
106242.00000
106473.00000
106705.00000
106935.00000
107165.00000
107395.00000
107623.00000
107851.00000
108087.00000
108319.00000
108551.00000
108784.00000
109019.00000
109252.00000
109488.00000
109724.00000
109960.00000
110196.00000
110432.00000
110665.00000
110900.00000
111140.00000
111381.00000
111622.00000
111861.00000
112099.00000
112334.00000
112569.00000
112802.00000
113035.00000
113267.00000
113498.00000
113730.00000
113962.00000
114194.00000
114429.00000
114667.00000
114905.00000
115144.00000
115383.00000
115624.00000
115863.00000
116101.00000
116341.00000
116579.00000
116819.00000
117059.00000
117299.00000
117540.00000
117779.00000
118019.00000
118258.00000
118495.00000
118733.00000
118969.00000
119203.00000
119438.00000
119677.00000
119912.00000
