26.00000
109.00000
182.00000
256.00000
339.00000
421.00000
495.00000
567.00000
632.00000
690.00000
754.00000
819.00000
888.00000
959.00000
1018.00000
1058.00000
1104.00000
1168.00000
1229.00000
1295.00000
1348.00000
1401.00000
1448.00000
1494.00000
1538.00000
1591.00000
1644.00000
1694.00000
1744.00000
1793.00000
1843.00000
1897.00000
1948.00000
1997.00000
2050.00000
2108.00000
2163.00000
2231.00000
2286.00000
2408.00000
2447.00000
2493.00000
2549.00000
2598.00000
2648.00000
2688.00000
2733.00000
2779.00000
2815.00000
2851.00000
2885.00000
2920.00000
2950.00000
3033.00000
3102.00000
3160.00000
3216.00000
3265.00000
3313.00000
3364.00000
3427.00000
3494.00000
3559.00000
3614.00000
3666.00000
3744.00000
3817.00000
3891.00000
3968.00000
4053.00000
4129.00000
4198.00000
4269.00000
4342.00000
4417.00000
4488.00000
4562.00000
4640.00000
4714.00000
4783.00000
4849.00000
4916.00000
4987.00000
5075.00000
5149.00000
5220.00000
5288.00000
5356.00000
5416.00000
5477.00000
5527.00000
5585.00000
5649.00000
5715.00000
5778.00000
5845.00000
5912.00000
5974.00000
6030.00000
6089.00000
6157.00000
6229.00000
6289.00000
6351.00000
6408.00000
6459.00000
6506.00000
6566.00000
6629.00000
6692.00000
6752.00000
6812.00000
6871.00000
6921.00000
6967.00000
7020.00000
7080.00000
7140.00000
7196.00000
7246.00000
7295.00000
7349.00000
7407.00000
7467.00000
7526.00000
7584.00000
7628.00000
7670.00000
7712.00000
7764.00000
7816.00000
7874.00000
7934.00000
7992.00000
8054.00000
8111.00000
8155.00000
8201.00000
8252.00000
8298.00000
8351.00000
8400.00000
8448.00000
8499.00000
8556.00000
8607.00000
8659.00000
8716.00000
8765.00000
8809.00000
8852.00000
8901.00000
8947.00000
8988.00000
9031.00000
9064.00000
9105.00000
9146.00000
9185.00000
9233.00000
9272.00000
9314.00000
9354.00000
9394.00000
9441.00000
9493.00000
9533.00000
9570.00000
9603.00000
9638.00000
9675.00000
9726.00000
9775.00000
9812.00000
9853.00000
9905.00000
9942.00000
10000.00000
10039.00000
10079.00000
10112.00000
10149.00000
10182.00000
10221.00000
10258.00000
10293.00000
10327.00000
10365.00000
10400.00000
10443.00000
10488.00000
10528.00000
10567.00000
10604.00000
10645.00000
10690.00000
10725.00000
10757.00000
10854.00000
10899.00000
10957.00000
11011.00000
11066.00000
11124.00000
11182.00000
11236.00000
11286.00000
11345.00000
11413.00000
11473.00000
11531.00000
11587.00000
11643.00000
11697.00000
11768.00000
11839.00000
11914.00000
11982.00000
