188.00000
453.00000
721.00000
991.00000
1256.00000
1523.00000
1782.00000
2035.00000
2283.00000
2530.00000
2776.00000
3020.00000
3266.00000
3514.00000
3764.00000
4011.00000
4264.00000
4514.00000
4761.00000
5015.00000
5266.00000
5523.00000
5779.00000
6029.00000
6284.00000
6543.00000
6800.00000
7054.00000
7304.00000
7553.00000
7797.00000
8043.00000
8289.00000
8538.00000
8792.00000
9046.00000
9302.00000
9560.00000
9814.00000
10077.00000
10334.00000
10588.00000
10837.00000
11085.00000
11332.00000
11579.00000
11825.00000
12073.00000
12322.00000
12568.00000
12816.00000
13068.00000
13325.00000
13581.00000
13841.00000
14102.00000
14367.00000
14633.00000
14892.00000
15153.00000
15413.00000
15673.00000
15933.00000
16192.00000
16444.00000
16695.00000
16941.00000
17187.00000
17431.00000
17673.00000
17919.00000
18161.00000
18411.00000
18656.00000
18901.00000
19150.00000
19401.00000
19649.00000
19900.00000
20153.00000
20410.00000
20670.00000
20927.00000
21189.00000
21450.00000
21709.00000
21975.00000
22240.00000
22496.00000
22757.00000
23017.00000
23274.00000
23527.00000
23776.00000
24024.00000
24267.00000
24511.00000
24752.00000
24991.00000
25238.00000
25495.00000
25745.00000
26002.00000
26263.00000
26516.00000
26778.00000
27046.00000
27309.00000
27571.00000
27823.00000
28069.00000
28313.00000
28556.00000
28796.00000
29036.00000
29274.00000
29518.00000
29763.00000
30012.00000
30265.00000
30515.00000
30766.00000
31012.00000
31261.00000
31515.00000
31764.00000
32021.00000
32282.00000
32538.00000
32794.00000
33053.00000
33306.00000
33566.00000
33820.00000
34068.00000
34315.00000
34563.00000
34811.00000
35060.00000
35313.00000
35568.00000
35828.00000
36087.00000
36341.00000
36597.00000
36862.00000
37122.00000
37384.00000
37639.00000
37894.00000
38154.00000
38414.00000
38677.00000
38943.00000
39202.00000
39457.00000
39711.00000
39959.00000
40208.00000
40456.00000
40706.00000
40954.00000
41205.00000
41464.00000
41722.00000
41977.00000
42239.00000
42500.00000
42756.00000
43020.00000
43283.00000
43539.00000
43800.00000
44063.00000
44322.00000
44583.00000
44838.00000
45094.00000
45349.00000
45604.00000
45852.00000
46100.00000
46347.00000
46593.00000
46837.00000
47080.00000
47328.00000
47582.00000
47838.00000
48090.00000
48334.00000
48581.00000
48826.00000
49069.00000
49311.00000
49552.00000
49796.00000
50040.00000
50284.00000
50528.00000
50770.00000
51012.00000
51256.00000
51500.00000
51749.00000
52002.00000
52256.00000
52511.00000
52761.00000
53017.00000
53271.00000
53525.00000
53774.00000
54025.00000
54274.00000
54521.00000
54768.00000
55017.00000
55276.00000
55533.00000
55792.00000
56051.00000
56305.00000
56570.00000
56830.00000
57095.00000
57353.00000
57609.00000
57865.00000
58119.00000
58370.00000
58619.00000
58871.00000
59123.00000
59377.00000
59630.00000
59889.00000
60150.00000
60406.00000
60659.00000
60910.00000
61157.00000
61404.00000
61646.00000
61886.00000
62124.00000
62359.00000
62595.00000
62828.00000
63061.00000
63292.00000
63526.00000
63761.00000
64003.00000
64244.00000
64493.00000
64742.00000
64990.00000
65240.00000
65486.00000
65734.00000
65978.00000
66227.00000
66478.00000
66729.00000
66979.00000
67226.00000
67470.00000
67712.00000
67954.00000
68197.00000
68445.00000
68699.00000
68947.00000
69205.00000
69465.00000
69720.00000
69983.00000
70251.00000
70510.00000
70780.00000
71048.00000
71307.00000
71575.00000
71837.00000
72094.00000
72343.00000
72595.00000
72850.00000
73102.00000
73363.00000
73622.00000
73887.00000
74150.00000
74416.00000
74675.00000
74940.00000
75202.00000
75466.00000
75729.00000
75986.00000
76254.00000
76517.00000
76775.00000
77029.00000
77278.00000
77527.00000
77774.00000
78029.00000
78285.00000
78539.00000
78802.00000
79057.00000
79322.00000
79585.00000
79853.00000
80118.00000
80380.00000
80646.00000
80904.00000
81168.00000
81427.00000
81697.00000
81964.00000
82231.00000
82488.00000
82743.00000
82993.00000
83242.00000
83489.00000
83733.00000
83980.00000
84233.00000
84480.00000
84735.00000
84991.00000
85250.00000
85516.00000
85776.00000
86044.00000
86305.00000
86573.00000
86833.00000
87100.00000
87367.00000
87635.00000
87901.00000
88165.00000
88431.00000
88694.00000
88953.00000
89209.00000
89465.00000
89723.00000
89977.00000
90233.00000
90484.00000
90740.00000
90992.00000
91253.00000
91512.00000
91780.00000
92046.00000
92306.00000
