155.00000
435.00000
704.00000
974.00000
1243.00000
1508.00000
1770.00000
2037.00000
2299.00000
2564.00000
2836.00000
3105.00000
3375.00000
3648.00000
3916.00000
4184.00000
4460.00000
4756.00000
5025.00000
5297.00000
5571.00000
5846.00000
6125.00000
6400.00000
6672.00000
6941.00000
7214.00000
7484.00000
7757.00000
8025.00000
8291.00000
8557.00000
8833.00000
9105.00000
9367.00000
9628.00000
9887.00000
10143.00000
10403.00000
10658.00000
10919.00000
11185.00000
11448.00000
11715.00000
11986.00000
12259.00000
12529.00000
12802.00000
13075.00000
13351.00000
13633.00000
13928.00000
14218.00000
14500.00000
14807.00000
15102.00000
15389.00000
15685.00000
15974.00000
16247.00000
16510.00000
16774.00000
17035.00000
17296.00000
17558.00000
17827.00000
18100.00000
18365.00000
18632.00000
18904.00000
19177.00000
19457.00000
19730.00000
19998.00000
20260.00000
20518.00000
20776.00000
21037.00000
21300.00000
21569.00000
21840.00000
22111.00000
22377.00000
22644.00000
22910.00000
23188.00000
23459.00000
23729.00000
23999.00000
24272.00000
24544.00000
24815.00000
25083.00000
25355.00000
25620.00000
25882.00000
26144.00000
26404.00000
26668.00000
26931.00000
27207.00000
27502.00000
27775.00000
28064.00000
28337.00000
28615.00000
28885.00000
29154.00000
29427.00000
29700.00000
29977.00000
30245.00000
30516.00000
30791.00000
31067.00000
31338.00000
31616.00000
31889.00000
32158.00000
32422.00000
32690.00000
32952.00000
33211.00000
33468.00000
33729.00000
33990.00000
34256.00000
34515.00000
34774.00000
35036.00000
35301.00000
35567.00000
35830.00000
36100.00000
36365.00000
36629.00000
36893.00000
37156.00000
37417.00000
37675.00000
37932.00000
38192.00000
38459.00000
38722.00000
38984.00000
39241.00000
39497.00000
39758.00000
40018.00000
40273.00000
40531.00000
40787.00000
41045.00000
41305.00000
41562.00000
41821.00000
42078.00000
42336.00000
42594.00000
42851.00000
43107.00000
43363.00000
43624.00000
43885.00000
44144.00000
44398.00000
44651.00000
44906.00000
45162.00000
45418.00000
45675.00000
45941.00000
46209.00000
46465.00000
46720.00000
46971.00000
47225.00000
47474.00000
47729.00000
47987.00000
48243.00000
48500.00000
48756.00000
49012.00000
49268.00000
49521.00000
49780.00000
50037.00000
50298.00000
50557.00000
50821.00000
51087.00000
51344.00000
51605.00000
51863.00000
52125.00000
52389.00000
52649.00000
52917.00000
53183.00000
53445.00000
53713.00000
53981.00000
54251.00000
54528.00000
54805.00000
55078.00000
55348.00000
55618.00000
55885.00000
56150.00000
56418.00000
56681.00000
56943.00000
57207.00000
57469.00000
57726.00000
57988.00000
58247.00000
58510.00000
58768.00000
59029.00000
59288.00000
59550.00000
59816.00000
