0.72800
0.65200
0.86200
0.78000
0.75800
0.63000
0.42400
0.81800
1.03600
0.60600
0.83600
0.88400
1.00000
1.16600
1.16400
0.96200
0.83800
0.53400
0.69200
0.82200
0.55800
0.78000
0.77000
0.58800
0.77400
0.85000
0.87800
0.99800
0.96800
0.97800
0.58800
0.82400
1.24400
1.08600
0.76000
0.86400
1.18600
0.87200
1.13800
0.58200
0.91800
0.48400
0.69600
0.66000
0.72400
0.57400
0.51000
0.82400
0.86400
0.86600
0.97000
0.97800
1.22400
1.57400
1.14600
1.11600
0.97400
0.80800
1.00800
0.43400
0.89400
1.14200
0.61400
0.90400
0.76000
0.85600
0.83800
0.94000
1.16400
1.06400
1.13200
1.62600
0.83400
0.82400
0.78800
0.73200
0.85400
0.88000
0.99200
1.03200
1.12800
0.88000
0.91600
0.82000
0.95000
0.94400
0.87600
0.65800
0.71600
0.60400
0.74200
0.96400
0.58800
0.95800
1.32000
1.31800
1.58000
1.64800
1.49000
1.18400
1.20400
1.22400
0.94400
0.86800
0.91600
0.99800
1.30400
0.52400
0.53200
0.86400
1.10400
0.96200
