190.00000
441.00000
694.00000
953.00000
1212.00000
1473.00000
1729.00000
1987.00000
2248.00000
2509.00000
2770.00000
3030.00000
3282.00000
3533.00000
3781.00000
4035.00000
4288.00000
4545.00000
4802.00000
5064.00000
5319.00000
5571.00000
5821.00000
6071.00000
6321.00000
6566.00000
6809.00000
7056.00000
7299.00000
7549.00000
7795.00000
8040.00000
8291.00000
8542.00000
8797.00000
9053.00000
9308.00000
9565.00000
9824.00000
10080.00000
10332.00000
10579.00000
10828.00000
11072.00000
11315.00000
11560.00000
11803.00000
12045.00000
12290.00000
12535.00000
12787.00000
13042.00000
13294.00000
13547.00000
13807.00000
14069.00000
14329.00000
14585.00000
14846.00000
15105.00000
15365.00000
15618.00000
15867.00000
16117.00000
16364.00000
16615.00000
16865.00000
17120.00000
17377.00000
17634.00000
17892.00000
18149.00000
18404.00000
18657.00000
18909.00000
19159.00000
19408.00000
19658.00000
19909.00000
20161.00000
20410.00000
20663.00000
20918.00000
21171.00000
21428.00000
21686.00000
21940.00000
22191.00000
22440.00000
22688.00000
22938.00000
23187.00000
23434.00000
23681.00000
23926.00000
24173.00000
24416.00000
24659.00000
24899.00000
25138.00000
25377.00000
25619.00000
25868.00000
26115.00000
26365.00000
26616.00000
26863.00000
27113.00000
27366.00000
27618.00000
27866.00000
28116.00000
28368.00000
28617.00000
28864.00000
29115.00000
29361.00000
29605.00000
29847.00000
30088.00000
30329.00000
30567.00000
30802.00000
31038.00000
31272.00000
31507.00000
31741.00000
31976.00000
32217.00000
32466.00000
32710.00000
32959.00000
33204.00000
33446.00000
33689.00000
33929.00000
34171.00000
34410.00000
34649.00000
34887.00000
35123.00000
35358.00000
35592.00000
35827.00000
36068.00000
36313.00000
36562.00000
36817.00000
37074.00000
37332.00000
37608.00000
37864.00000
38125.00000
38381.00000
38633.00000
38879.00000
39131.00000
39383.00000
39635.00000
39891.00000
40141.00000
40395.00000
40640.00000
40887.00000
41132.00000
41385.00000
41633.00000
41879.00000
42127.00000
42370.00000
42576.00000
43090.00000
43325.00000
43561.00000
43796.00000
44026.00000
44257.00000
44486.00000
44714.00000
44940.00000
45167.00000
45400.00000
45638.00000
45880.00000
46125.00000
46369.00000
46613.00000
46857.00000
47101.00000
47353.00000
47603.00000
47855.00000
48106.00000
48351.00000
48596.00000
48838.00000
49080.00000
49325.00000
49573.00000
49825.00000
