1.23400
1.15800
0.62000
0.92000
1.10800
1.54000
0.74200
0.87600
0.95600
1.08000
1.09000
0.93000
1.25200
1.20200
1.14800
1.13200
1.11800
0.98000
1.09600
0.99400
1.09400
1.07800
0.97800
0.88400
0.71200
0.81000
0.71000
0.75200
1.01600
0.94800
1.00600
1.06000
0.88600
1.22600
1.00800
1.04400
0.67200
0.58200
0.73200
0.87000
1.04400
1.19800
0.99400
0.90000
1.04800
1.21200
1.05000
1.04800
1.09000
1.17200
1.23600
1.01200
1.13200
1.16400
1.20400
1.25200
1.34600
1.10800
0.98600
0.95200
1.12400
1.11800
0.96000
1.03400
1.05600
1.06000
1.05600
1.25800
1.34400
0.90200
1.01200
1.25000
1.39800
1.18200
1.20000
1.19200
1.16200
1.31200
1.30600
1.23400
1.21400
1.21800
1.24600
1.28400
1.22800
1.19800
1.17200
1.21400
1.15200
1.17400
1.28800
1.38600
1.20600
1.17400
1.24600
1.16800
1.12200
1.21000
1.23200
1.17400
1.30800
1.17400
1.20600
1.12000
