324.00000
874.00000
1455.00000
2050.00000
2644.00000
3127.00000
3792.00000
4559.00000
5114.00000
5739.00000
6393.00000
7045.00000
7675.00000
8261.00000
8941.00000
9565.00000
10341.00000
11201.00000
12014.00000
12736.00000
13538.00000
14227.00000
15008.00000
15844.00000
16642.00000
17316.00000
18000.00000
18627.00000
19189.00000
19830.00000
20832.00000
21616.00000
22284.00000
22940.00000
23590.00000
24286.00000
24899.00000
25580.00000
26351.00000
27113.00000
27805.00000
28549.00000
29171.00000
29763.00000
30415.00000
31164.00000
31856.00000
32567.00000
33168.00000
33753.00000
34322.00000
34861.00000
35590.00000
36228.00000
36792.00000
37312.00000
37909.00000
38710.00000
39571.00000
40387.00000
41183.00000
41827.00000
42504.00000
42901.00000
43305.00000
43784.00000
44261.00000
44770.00000
45413.00000
46039.00000
46636.00000
47288.00000
48125.00000
49084.00000
49894.00000
50863.00000
51629.00000
52485.00000
53262.00000
54080.00000
54794.00000
