0.56000
0.53800
0.54000
0.53800
0.53000
0.52400
0.53400
0.52400
0.53000
0.54400
0.53800
0.54000
0.54600
0.53600
0.53600
0.55200
0.59200
0.53800
0.54400
0.54800
0.55000
0.55800
0.55000
0.54400
0.53800
0.54600
0.54000
0.54600
0.53600
0.53200
0.53200
0.55200
0.54400
0.52400
0.52200
0.51800
0.51200
0.52000
0.51000
0.52200
0.53200
0.52600
0.53400
0.54200
0.54600
0.54000
0.54600
0.54600
0.55200
0.56400
0.59000
0.58000
0.56400
0.61400
0.59000
0.57400
0.59200
0.57800
0.54600
0.52600
0.52800
0.52200
0.52200
0.52400
0.53800
0.54600
0.53000
0.53400
0.54400
0.54600
0.56000
0.54600
0.53600
0.52400
0.51600
0.51600
0.52200
0.52600
0.53800
0.54200
0.54200
0.53200
0.53400
0.53200
0.55600
0.54200
0.54000
0.54000
0.54600
0.54400
0.54200
0.53600
0.54400
0.53000
0.52400
0.52400
0.52000
0.52800
0.52600
0.55200
0.59000
0.54600
0.57800
0.54600
0.55600
0.54000
0.53800
0.54600
0.54600
0.55400
0.53600
0.54200
0.55000
0.55200
0.54200
0.55600
0.54600
0.53800
0.52800
0.53600
0.52400
0.51800
0.51400
0.52200
0.52200
0.53200
0.51800
0.51800
0.52400
0.53000
0.53200
0.52600
0.54000
0.53000
0.52800
0.52800
0.52600
0.52200
0.51600
0.51400
0.52000
0.53400
0.52600
0.52400
0.51400
0.51200
0.52200
0.52000
0.51000
0.51600
0.51200
0.51600
0.52000
0.51400
0.51800
0.51400
0.51600
0.51600
0.51400
0.51200
0.51200
0.52200
0.52200
0.51800
0.50800
0.50600
0.51000
0.51200
0.51200
0.51400
0.53200
0.53600
0.51200
0.51000
0.50200
0.50800
0.49800
0.51000
0.51600
0.51200
0.51400
0.51200
0.51200
0.51200
0.50600
0.51800
0.51400
0.52200
0.51800
0.52800
0.53200
0.51400
0.52200
0.51600
0.52400
0.52800
0.52000
0.53600
0.53200
0.52400
0.53600
0.53600
0.54000
0.55400
0.55400
0.54600
0.54000
0.54000
0.53400
0.53000
0.53600
0.52600
0.52400
0.52800
0.52400
0.51400
0.52400
0.51800
0.52600
0.51600
0.52200
0.51800
0.52400
0.53200
