96.00000
367.00000
635.00000
901.00000
1162.00000
1419.00000
1672.00000
1922.00000
2181.00000
2440.00000
2695.00000
2952.00000
3201.00000
3449.00000
3696.00000
3949.00000
4204.00000
4461.00000
4716.00000
4978.00000
5248.00000
5504.00000
5765.00000
6021.00000
6270.00000
6523.00000
6781.00000
7050.00000
7321.00000
7589.00000
7870.00000
8143.00000
8417.00000
8701.00000
8976.00000
9250.00000
9527.00000
9796.00000
10058.00000
10317.00000
10574.00000
10830.00000
11090.00000
11344.00000
11594.00000
11847.00000
12107.00000
12375.00000
12648.00000
12930.00000
13207.00000
13473.00000
13740.00000
14001.00000
14262.00000
14521.00000
14794.00000
15077.00000
15350.00000
15620.00000
15887.00000
16147.00000
16397.00000
16646.00000
16894.00000
17143.00000
17391.00000
17636.00000
17878.00000
18122.00000
18368.00000
18615.00000
18862.00000
19115.00000
19369.00000
19629.00000
19896.00000
20158.00000
20424.00000
20694.00000
20956.00000
21223.00000
21483.00000
21739.00000
21996.00000
22249.00000
22500.00000
22750.00000
23007.00000
23263.00000
23511.00000
23757.00000
24008.00000
24263.00000
24523.00000
24787.00000
25058.00000
25348.00000
25625.00000
25904.00000
26179.00000
26454.00000
26721.00000
26991.00000
27262.00000
27539.00000
27815.00000
28086.00000
28353.00000
28616.00000
28872.00000
29126.00000
29374.00000
29621.00000
29869.00000
30117.00000
30365.00000
30610.00000
30855.00000
31101.00000
31346.00000
31594.00000
31841.00000
32091.00000
32340.00000
32586.00000
32835.00000
33091.00000
33342.00000
33592.00000
33839.00000
34087.00000
34341.00000
34601.00000
34857.00000
35117.00000
35380.00000
35643.00000
35908.00000
36181.00000
36445.00000
36703.00000
36962.00000
37224.00000
37490.00000
37755.00000
38015.00000
38274.00000
38530.00000
38781.00000
39033.00000
39285.00000
39544.00000
39804.00000
40066.00000
40327.00000
40588.00000
40843.00000
41098.00000
41349.00000
41601.00000
41851.00000
42101.00000
42354.00000
42601.00000
42847.00000
43096.00000
43348.00000
43597.00000
43846.00000
44102.00000
44359.00000
44611.00000
44863.00000
45117.00000
45371.00000
45616.00000
45862.00000
46113.00000
46370.00000
46627.00000
46895.00000
47158.00000
47429.00000
47700.00000
47975.00000
48249.00000
48514.00000
48777.00000
49039.00000
49303.00000
49566.00000
49832.00000
50105.00000
50376.00000
50648.00000
50917.00000
51184.00000
51451.00000
51714.00000
51982.00000
52250.00000
52521.00000
52788.00000
53064.00000
53337.00000
53608.00000
53872.00000
54137.00000
54406.00000
54670.00000
54933.00000
55192.00000
55453.00000
55711.00000
55963.00000
56217.00000
56475.00000
56733.00000
56991.00000
57252.00000
57515.00000
57773.00000
58033.00000
58295.00000
58556.00000
58814.00000
59068.00000
59322.00000
59574.00000
59827.00000
60078.00000
60329.00000
60579.00000
60830.00000
61082.00000
61335.00000
61589.00000
61844.00000
62098.00000
62353.00000
62609.00000
62864.00000
63118.00000
63371.00000
63625.00000
63881.00000
64142.00000
64407.00000
64681.00000
64963.00000
65234.00000
65506.00000
65776.00000
66048.00000
66320.00000
66590.00000
66859.00000
67123.00000
67379.00000
67628.00000
67876.00000
68120.00000
68363.00000
68606.00000
68851.00000
69096.00000
69344.00000
69592.00000
69843.00000
