1.01200
1.20800
0.96000
0.97400
1.21600
1.16600
1.13000
1.03600
1.40400
1.07200
0.97000
0.84200
0.80000
0.90400
0.78400
0.61600
0.60600
0.87200
1.18600
1.03600
0.94400
0.83800
0.99800
0.95400
1.05400
1.06000
1.09000
0.95600
0.90400
0.86200
1.12400
0.56000
0.62800
0.82200
0.80400
0.80800
0.85600
0.72200
0.91800
0.59400
0.79400
1.01600
1.41600
1.12800
1.13800
1.00600
1.18800
1.20200
1.42000
1.18200
1.26600
1.21200
1.11000
0.94200
1.00400
1.00200
1.02200
1.29800
1.01400
1.09000
0.86000
0.79600
0.88600
0.90000
1.15800
1.24000
1.45000
1.33000
1.30000
1.25200
1.39600
1.42200
0.82000
1.00800
1.00400
0.84600
0.96200
0.92000
0.81600
0.85000
1.39800
0.85800
1.02000
1.22600
1.09200
1.11800
1.01400
0.99200
1.13800
0.89400
0.99400
1.19400
1.17800
1.00600
1.36200
0.90600
0.88200
0.95400
1.19000
0.88200
1.04000
0.66800
0.99200
0.98600
1.03400
1.26200
0.96600
0.72400
0.89000
1.21000
1.12600
1.15600
1.23200
1.43200
1.34200
1.10800
0.97600
1.12200
1.20000
1.08800
1.14000
1.22200
1.22000
1.22800
1.05200
1.09800
1.15000
1.39600
1.22800
1.22200
1.00600
1.11600
1.00400
0.97600
1.05200
1.20800
0.99400
1.21800
1.51600
0.80600
0.92800
0.94800
0.96000
1.01200
0.88800
0.99400
1.05600
1.05800
1.08000
0.86000
0.94400
0.90600
0.83400
0.75400
1.01800
1.06600
1.07400
1.07800
1.15200
1.05200
1.10200
1.08600
0.84400
0.80400
0.58200
0.67800
0.62400
0.49600
0.49000
0.60200
0.78600
1.67400
0.75000
0.76200
0.79000
0.78400
0.75200
0.72600
0.72800
0.78600
0.92800
0.89600
0.86400
0.90400
0.80200
0.79000
1.03400
0.89000
0.98800
1.00600
0.84400
1.13400
1.03000
0.89400
1.08600
1.14200
0.92200
0.77800
