1.10000
1.16200
1.19000
1.18800
0.96600
1.33000
1.53400
1.11000
1.25000
1.30800
1.30400
1.26000
1.17200
1.36000
1.24800
1.55200
1.72000
1.62600
1.44400
1.60400
1.37800
1.56200
1.67200
1.59600
1.34800
1.36800
1.25400
1.12400
1.28200
2.00400
1.56800
1.33600
1.31200
1.30000
1.39200
1.22600
1.36200
1.54200
1.52400
1.38400
1.48800
1.24400
1.18400
1.30400
1.49800
1.38400
1.42200
1.20200
1.17000
1.13800
1.07800
1.45800
1.27600
1.12800
1.04000
1.19400
1.60200
1.72200
1.63200
1.59200
1.28800
1.35400
0.79400
0.80800
0.95800
0.95400
1.01800
1.28600
1.25200
1.19400
1.30400
1.67400
1.91800
1.62000
1.93800
1.53200
1.71200
1.55400
1.63600
1.42800
