23.58520
23.48904
23.45044
23.36270
23.40832
23.35638
23.26865
23.17811
23.09458
23.09458
22.99422
22.91069
22.82155
22.77523
22.77663
22.68890
22.59976
22.54923
22.59415
22.63696
22.68188
22.77523
22.86577
23.04615
23.09458
23.18092
23.31217
23.40131
23.44903
23.54098
23.63292
23.72347
23.80559
23.85191
23.89753
23.98667
23.98878
24.08213
23.99158
23.99018
23.93824
23.90525
23.86033
23.71785
23.67012
23.58520
23.50027
23.36411
23.18232
23.04615
22.91069
22.73522
22.59134
22.55063
22.45868
22.46149
22.46289
22.54923
22.73242
22.73101
22.86858
22.99983
23.13670
23.17951
23.27637
23.35989
23.44763
23.53957
23.62731
23.63152
23.72066
23.76418
23.81120
23.81120
23.76839
23.76698
23.72206
23.62731
23.54238
23.45044
23.44903
23.40411
23.26865
23.13950
22.95631
22.91069
22.72891
22.59836
22.46570
22.32603
22.23689
22.14916
22.01229
22.00948
22.05581
22.10002
22.23408
22.37235
22.59134
22.68609
22.77102
22.86718
22.91350
23.04896
23.13529
23.18092
23.27005
23.35779
23.45184
23.49185
23.53536
23.58379
23.63292
23.63573
23.67644
23.62731
23.63152
23.63012
23.54098
23.45044
23.40832
23.40552
23.27146
23.13529
22.99983
22.90789
22.77663
22.68750
22.59415
22.41376
22.32322
22.18986
22.10494
22.15056
22.14775
22.18846
22.23127
22.37235
22.46289
22.55484
22.64468
22.72891
22.82155
22.99702
23.04756
23.13529
23.23005
23.27005
23.35498
23.40552
23.45465
23.50027
23.54098
23.45184
23.44903
23.44903
23.40552
23.31638
23.21882
23.18092
23.14231
23.04475
23.00545
22.91350
22.81875
22.73242
22.59134
22.50220
22.41517
22.32603
22.23689
22.15056
22.05581
22.00808
22.00527
21.96386
22.05861
22.19127
22.32743
22.41868
22.42008
22.55484
22.64468
22.77804
22.86577
22.95351
22.99983
23.14091
23.18653
23.27497
23.31357
23.40552
23.45184
23.45324
23.49746
23.49465
23.45044
23.49185
23.36551
23.36551
23.31357
23.27356
23.22864
23.13810
23.04615
22.96123
22.91069
22.82015
22.77102
22.64117
22.55063
22.46149
22.37516
22.32462
22.23829
22.23127
22.19127
22.28602
22.42148
22.46149
22.54923
22.54642
22.63977
22.77663
22.87139
22.91350
22.95772
23.04475
23.09178
23.18092
23.23005
23.31919
23.35779
23.36130
23.40552
23.45184
23.45044
23.40271
23.35638
23.31357
23.22864
23.22584
23.13249
23.00264
22.91490
22.77663
22.73101
22.55344
22.46430
22.36253
22.24110
22.18986
22.05300
22.00948
21.92455
21.88174
21.87893
21.87612
22.00387
22.09722
22.14214
22.23549
22.28462
22.42008
22.50781
22.64749
22.64117
22.77102
22.86437
22.94930
23.04265
23.09178
23.09037
23.18092
23.18092
23.27005
23.27356
23.27637
23.23005
23.22443
23.18232
23.13249
23.09178
23.00545
22.91631
22.86577
22.77242
22.68188
22.64468
22.51203
22.41517
22.32322
22.23970
22.15056
22.15337
22.09862
22.14494
22.23268
22.37095
22.41517
22.55063
22.59976
22.73101
22.86858
22.95351
23.04265
23.09178
23.18092
23.23005
23.27005
23.31638
23.35989
23.44903
23.40832
23.45324
23.49746
23.49465
23.49465
23.39990
23.40692
23.31497
23.31638
23.26584
23.13529
23.00123
22.95210
22.86858
22.73663
22.64258
22.50360
22.37235
22.28041
22.19408
22.14775
22.05721
22.01369
21.97088
22.00948
22.14635
22.23127
22.32603
22.41376
22.50501
22.59695
22.68890
22.77663
22.87139
22.95772
23.09178
23.17811
23.31638
23.39990
23.45184
23.45465
23.54659
23.59011
23.59011
23.58239
23.49325
23.44763
23.40131
23.35498
23.36411
23.18653
23.18372
23.04756
22.95210
22.91069
22.81875
22.73382
22.59976
22.46289
22.42008
22.33235
22.23689
22.19127
22.18846
22.23408
22.36954
22.46009
22.55344
22.63696
22.73803
22.82436
22.95982
23.09458
23.14372
23.17951
23.22162
23.31357
23.35779
23.40692
23.40131
23.40271
23.35989
23.27146
23.22584
23.18653
23.09458
23.00404
22.91210
22.77383
22.72891
22.63977
22.50781
22.37235
22.27900
22.24391
22.14775
22.10774
21.96947
21.92175
21.87753
21.92034
22.00948
22.18846
22.32182
22.36674
22.49869
22.59695
22.68328
22.81875
22.82015
23.00545
23.09599
23.09458
23.18092
23.22584
23.22584
23.26865
23.31076
23.31638
23.36411
23.31778
23.27637
23.23005
23.21390
23.13810
23.04756
22.99983
22.91210
22.87139
22.77523
22.72469
22.63977
22.50781
22.37235
22.23829
22.28462
22.19127
22.14635
22.14635
22.14916
22.24110
22.28602
22.32743
22.37516
22.41517
22.54501
22.59555
22.63977
22.77523
22.78085
22.91631
22.91771
23.00264
23.04475
23.09318
23.08757
23.13249
23.18232
23.22724
23.23005
23.18513
23.17811
23.13529
23.09178
23.05037
22.91210
22.90789
22.82155
22.73382
22.64258
22.59555
22.46149
22.41236
22.32603
22.28321
22.28883
22.33235
22.33235
22.41868
22.50781
22.55203
22.64468
22.73663
22.77523
22.86998
22.95491
23.04265
23.13670
23.18653
23.27497
23.27637
23.31497
23.40552
23.49465
23.48904
23.49606
23.49746
23.53957
23.53957
23.45044
23.44903
23.40552
23.36130
23.27356
23.22584
23.13389
23.04475
22.95491
22.86718
22.77804
22.73382
22.63977
22.55344
22.41096
22.32884
22.32884
22.23689
22.19127
22.18846
22.23689
22.32743
22.46430
22.50781
22.59836
22.73101
22.77102
22.91069
22.99983
23.18653
23.27497
23.22724
23.36130
23.40271
23.45184
23.49465
23.54800
23.54098
23.53817
23.53957
23.53536
23.49185
23.40552
23.36270
23.31357
23.26725
23.17811
23.09037
23.04756
22.91631
22.82155
22.82015
22.72610
22.59555
22.50781
22.45868
22.45588
22.45728
22.46289
22.46289
22.51062
22.64258
22.68469
22.72891
22.82155
22.81524
22.95351
23.00404
23.05177
23.09178
23.17670
23.17811
23.22162
23.26584
23.26865
23.31919
23.31919
23.31919
23.31638
23.22584
23.22724
23.09037
23.09458
23.00123
22.90789
22.86437
22.77242
22.77523
22.64258
22.50781
22.41517
22.36954
22.32322
22.23689
22.18635
22.14916
22.23689
22.28602
22.37656
22.55344
22.64117
22.77523
22.86577
22.94930
23.04756
23.18092
23.18653
23.31497
23.35638
23.44623
23.53677
23.62731
23.63152
23.72627
23.81261
23.90666
23.81120
23.80839
23.76558
23.72347
23.67644
23.59151
23.58520
23.53957
23.44482
23.40552
23.27497
23.18513
23.09318
22.95631
22.86437
22.76962
22.73382
22.59555
22.51062
22.42148
22.37095
22.36954
22.32322
22.32462
22.42008
22.55203
22.59836
22.73522
22.82577
22.91350
23.04265
23.13529
23.17951
23.26725
23.40131
23.39850
23.49887
23.58379
23.63714
23.63012
23.63152
23.62871
23.62591
23.58379
23.53536
23.49746
23.45465
23.40692
23.36130
23.27497
23.09178
23.13389
22.99843
22.90929
22.82015
22.73242
22.72891
22.59415
22.46149
22.41868
22.41727
22.33375
22.32462
22.32322
22.36954
22.50641
22.63696
22.68609
22.82436
22.86577
23.04756
23.13529
23.13249
23.22584
23.31357
23.36130
23.45044
23.50378
23.58660
23.63012
23.67644
23.71926
23.67925
23.72206
23.71926
23.67925
23.67644
23.58379
23.58660
23.53817
23.39850
23.35989
23.27146
23.22724
23.09178
22.95070
22.77804
22.76962
22.64468
22.55203
22.46991
22.42148
22.33235
22.23689
22.23689
22.32884
22.41236
22.50641
22.59415
22.68890
22.86437
22.91069
22.96123
23.09599
23.18232
23.22443
23.31919
23.40692
23.45465
23.54238
23.54800
23.54659
23.58239
23.53817
23.53536
23.41113
23.36551
23.31497
23.22303
23.08757
22.90929
22.73101
22.68609
22.50641
22.37235
22.32884
22.19267
22.10494
22.00948
21.96386
22.05861
22.15056
22.22847
22.41517
22.54501
22.68469
22.82155
22.82296
22.95491
23.09178
23.13108
23.26444
23.35638
23.45324
23.50659
23.50027
23.58379
23.57818
23.62871
23.63292
23.63012
23.62591
23.63292
23.67644
23.59011
23.45044
23.36411
23.31778
23.22724
23.18232
23.09318
23.04615
23.04475
23.00264
22.91631
22.82155
22.72891
22.63836
22.54782
22.50641
22.59976
22.64608
22.73242
22.82155
22.86016
22.95631
23.04756
23.09739
23.14091
23.17811
23.26865
23.35638
23.45184
23.45465
23.54379
23.58379
23.62731
23.67012
23.67363
23.67784
23.63012
23.62871
23.58099
23.63012
23.54379
23.45465
23.36270
23.22584
23.13810
23.05037
22.82436
22.69171
22.55063
22.50781
22.36814
22.32322
22.23689
22.09862
22.05440
21.96386
21.92034
21.88034
21.83261
21.78839
21.78628
21.74207
21.74207
21.69995
21.69995
21.69855
21.69995
21.65152
21.60520
21.56800
21.47465
21.43254
21.38481
21.34200
21.29427
21.33638
21.37920
21.46553
21.51887
21.51887
21.70206
21.96807
22.19127
22.41868
22.45728
22.59415
22.82436
23.00123
23.13810
23.22584
23.40552
23.49746
23.58660
23.67644
23.71926
23.80559
23.81120
23.90385
23.94947
24.03299
24.07932
24.07932
24.07792
24.08072
24.08072
23.99018
23.71926
23.48904
23.22584
23.13670
22.90929
22.95982
22.86296
22.86156
22.77804
22.68750
22.50641
22.32322
22.14775
22.10353
21.96386
21.82980
21.68872
21.60380
21.56239
21.56379
21.65574
21.74066
21.96667
22.10213
22.32322
22.64468
22.86718
23.00264
23.14231
23.13529
23.22162
23.40131
23.49606
23.58871
23.67925
23.72347
23.81120
23.85753
23.80839
23.85472
23.67504
23.54379
23.27356
23.04475
22.95491
22.82015
22.68328
22.69171
22.59695
22.59695
22.54923
22.45868
22.23127
22.09862
22.00667
21.92315
21.74487
21.60941
21.47746
21.42833
21.42833
21.42552
21.51606
21.65574
21.69855
21.92596
22.10774
22.32884
22.55203
22.59415
22.86437
22.95210
23.08757
23.23005
23.36270
23.45184
23.63012
23.71926
23.81261
23.85753
23.89753
23.94666
23.99158
23.94386
23.89753
23.76277
23.62731
23.40552
23.09458
22.91210
22.68469
22.41727
22.23549
22.09862
22.01229
22.01510
21.96947
21.87472
21.78839
21.82840
21.83261
21.83542
21.74768
21.78839
21.78628
21.74347
21.74347
21.65293
21.65714
21.61362
21.69855
21.74628
21.78488
21.87472
21.87332
22.01089
22.10353
22.14635
22.23970
22.23829
22.33094
22.37516
22.41376
22.55063
22.59695
22.72610
22.86718
22.95631
23.09178
23.13670
23.17811
23.31357
23.40271
23.53817
23.53957
23.63292
23.76979
23.81120
23.85472
23.89613
23.80839
23.76698
23.72347
23.58379
23.45324
23.31357
23.13389
22.91069
22.72891
22.55063
22.46289
22.37235
22.32603
22.32743
22.36954
22.46149
22.55484
22.64468
22.73382
22.86718
22.90929
23.00123
23.08897
23.18092
23.27356
23.22443
23.31357
23.31357
23.36130
23.40692
23.32199
23.36270
23.36551
23.31357
23.22584
23.13810
23.04615
22.95491
22.81383
22.72891
22.68328
22.64608
22.59836
22.46149
22.41376
22.36814
22.28041
22.19267
22.23689
22.28602
22.37235
22.50501
22.59695
22.68188
22.76962
22.91069
23.00404
23.09458
23.22724
23.27005
23.30515
23.35989
23.44903
23.54379
23.49465
23.45184
23.40131
23.35989
23.27146
23.17951
23.09037
22.91210
22.82155
22.63696
22.55063
22.46430
22.37937
22.28181
22.18986
22.14354
22.19267
22.14635
22.14775
22.14775
22.19408
22.28602
22.32041
22.41517
22.50501
22.59415
22.63977
22.77944
22.86437
22.95351
22.99983
23.04475
23.04615
23.00685
23.00404
22.95772
22.95772
22.90929
22.82296
22.73242
22.59695
22.64749
22.55344
22.41236
22.32743
22.23689
22.19127
22.14775
22.10774
22.06142
22.01089
22.00948
22.05581
22.05581
22.10634
22.19688
22.41517
22.46149
22.63977
22.77663
22.95631
23.13670
23.22724
23.31919
23.40832
23.45324
23.45324
23.45184
23.44903
23.49185
23.39850
23.26725
23.26865
23.13389
23.04896
22.95772
22.82296
22.77804
22.64468
22.59695
22.46009
22.45868
22.41517
22.32462
22.32603
22.23689
22.23970
22.24391
22.18846
22.14916
22.14635
22.18986
22.14916
22.14494
22.10213
22.05721
22.10774
22.10494
22.06423
22.05300
22.05721
22.18846
22.23408
22.36814
22.54782
22.64258
22.77663
22.86718
22.95772
23.09599
23.22724
23.31778
23.40552
23.53957
23.67363
23.80839
23.85472
23.85612
23.94947
23.99299
23.99580
23.89473
23.85191
23.80559
23.76558
23.67153
23.54659
23.49606
23.40411
23.27005
23.13810
22.95772
22.95772
22.82717
22.73522
22.68609
22.63977
22.59134
22.50781
22.46149
22.42008
22.37516
22.37516
22.32603
22.32182
22.28041
22.28041
22.28181
22.23549
22.32322
22.46009
22.54782
22.73663
22.77383
22.90929
23.00264
23.09458
23.13950
23.22864
23.31638
23.40411
23.49185
23.63292
23.72487
23.81401
23.85612
23.90385
23.99158
23.94105
23.98527
23.94105
23.85753
23.81120
23.76558
23.67363
23.62591
23.49185
23.36691
23.36270
23.18513
23.08897
22.91490
22.77663
22.73242
22.64608
22.50641
22.46289
22.36954
22.37376
22.28743
22.28462
22.27900
22.18846
22.23408
22.18986
22.10002
22.14635
22.09862
22.10213
22.10353
22.14635
22.32462
22.41727
22.45588
22.59555
22.68609
22.73101
22.77663
22.82436
22.91350
23.00123
23.09037
23.18372
23.23005
23.32059
23.36270
23.36270
23.40411
23.40692
23.45465
23.49887
23.49465
23.49746
23.44763
23.44482
23.40832
23.27005
23.22303
23.26584
23.18092
23.13950
23.00545
22.91069
22.82155
22.77523
22.73382
22.64608
22.59836
22.59555
22.55063
22.59415
22.64258
22.72750
22.82015
22.82155
22.86577
23.00404
23.00123
23.03984
23.04615
23.13810
23.09178
23.13389
23.13529
23.18092
23.18513
23.13810
23.13249
23.13529
23.13670
23.09178
23.00545
23.00685
22.90929
22.90789
22.82296
22.77523
22.68890
22.59695
22.55203
22.46430
22.45868
22.50781
22.55203
22.59555
22.64258
22.77663
22.77663
22.82296
22.91350
23.00404
23.09318
23.17811
23.17811
23.27497
23.26725
23.27146
23.36130
23.40692
23.45184
23.45605
23.45184
23.49185
23.49185
23.49185
23.53677
23.45465
23.40552
23.40271
23.40832
23.36411
23.27497
23.22724
23.13389
23.13810
23.04896
22.95631
22.86998
22.82296
22.77944
22.69030
22.64258
22.59695
22.54923
22.45868
22.41236
22.46149
22.46430
22.55203
22.59415
22.63836
22.77523
22.82015
22.86858
22.91631
22.95631
23.08335
23.13389
23.17951
23.22443
23.27146
23.31778
23.36411
23.40692
23.40552
23.40552
23.36130
23.31217
23.26865
23.27356
23.22864
23.09458
23.05177
22.99983
22.91350
22.81734
22.77383
22.73242
22.59976
22.55484
22.46430
22.46430
22.36954
22.32322
22.32322
22.36954
22.46009
22.50009
22.50360
22.59415
22.64117
22.72891
22.77663
22.82296
22.86437
22.91350
23.04615
23.09458
23.18513
23.18513
23.19004
23.13950
23.18653
23.18372
23.14091
23.18232
23.09178
23.04475
23.04756
22.95631
22.95351
22.91350
22.86577
22.77804
22.73242
22.68750
22.68609
22.59555
22.55203
22.50501
22.55484
22.59976
22.68750
22.73522
22.77242
22.81383
22.90789
22.99983
23.04756
23.18092
23.13529
23.23005
23.27497
23.32059
23.36551
23.40973
23.35989
23.40131
23.40271
23.45184
23.40552
23.31638
23.31076
23.27005
23.22864
23.17951
23.09037
23.04615
22.95982
22.91631
22.86718
22.91210
22.86718
22.86296
22.82155
22.82155
22.82436
22.72891
22.68750
22.63836
22.64117
22.64468
22.59695
22.50781
22.55344
22.59695
22.68609
22.77523
22.81875
22.86998
22.82436
23.00264
23.05037
23.13810
23.18232
23.22724
23.26865
23.35779
23.40552
23.49746
23.54098
23.58660
23.58660
23.63012
23.68065
23.67644
23.67363
23.62871
23.62731
23.53536
23.49185
23.45184
23.40411
23.31919
23.22584
23.13249
23.00545
22.90929
22.81875
22.73242
22.64258
22.64258
22.64608
22.73522
22.82296
22.91631
23.05037
23.09178
23.27005
23.36270
23.44903
23.49325
23.63012
23.75786
23.85893
23.90034
23.99299
24.03299
24.12634
24.16986
24.17126
24.12354
24.12213
24.03721
23.98878
23.85191
23.76418
23.63433
23.45324
23.27005
23.08757
22.95070
22.81875
22.68609
22.64258
22.72891
22.82577
22.95631
23.13249
23.27146
23.44903
23.45324
23.59151
23.76277
23.89894
24.03159
23.98878
24.17126
24.21759
24.26040
24.30041
24.25619
24.25760
24.21268
24.17126
24.12775
24.03580
23.98667
23.89332
23.85331
23.72066
23.63292
23.54659
23.40552
23.40552
23.40411
23.40552
23.49185
23.63292
23.76558
23.89753
23.94386
24.03440
24.16846
24.30532
24.39867
24.39446
24.43868
24.39587
24.30392
24.21268
24.08213
23.89753
23.58871
23.31638
22.99983
22.91069
22.68469
22.46149
22.32322
22.41517
22.59695
22.77804
22.96263
23.13670
23.31638
23.40692
23.48904
23.67644
23.85472
24.03721
24.12775
24.21619
24.30252
24.38885
24.39165
24.26321
24.26321
24.03861
23.80839
23.49185
23.13249
22.99843
22.72750
22.41727
22.23970
22.19688
22.19408
22.32884
22.50501
22.72610
22.99983
23.13810
23.31919
23.49185
23.71645
23.85612
23.99299
24.16986
24.30392
24.43728
24.44008
24.39867
24.34954
24.21899
24.03580
23.71785
23.58520
23.27146
23.00825
22.72891
22.54923
22.46009
22.32603
22.28321
22.41868
22.69030
22.77523
23.04615
23.27146
23.49887
23.68206
23.76698
23.94245
24.12213
24.30673
24.34954
24.44149
24.43587
24.44289
24.34533
24.21408
24.17126
23.99018
23.81401
23.67644
23.49185
23.35989
23.27356
23.13810
23.09037
22.99983
22.95351
22.86718
22.82296
22.68890
22.63836
22.59415
22.59695
22.55484
22.73382
22.90929
23.04265
23.17811
23.35989
23.45465
23.54098
23.67153
23.80980
23.90385
24.04001
24.12494
24.12494
24.25760
24.39727
24.48500
24.48781
24.48781
24.48500
24.48500
24.39025
24.25760
24.12775
23.99580
23.81401
23.58239
23.31357
23.13670
22.91210
22.68890
22.51062
22.41727
22.32743
22.28041
22.36954
22.46009
22.68469
22.73242
22.86437
23.00545
23.22724
23.31217
23.35779
23.49185
23.63292
23.76839
23.81120
23.94386
24.03019
24.11933
24.21759
24.17407
24.21408
24.16846
24.07792
23.99299
23.80699
23.63292
23.49325
23.22162
22.95210
22.68750
22.46009
22.37516
22.14635
22.01089
22.09862
22.14494
22.23689
22.42008
22.54923
22.73101
22.91350
22.95351
23.09178
23.22724
23.31919
23.40552
23.49325
23.58239
23.67363
23.67644
23.81120
23.76698
23.81401
23.76558
23.63012
23.49746
23.40552
23.18232
22.99702
22.69311
22.50922
22.37797
22.19267
22.06142
22.10213
22.14775
22.27760
22.37095
22.45868
22.68328
22.82155
22.86577
23.00404
23.13529
23.23005
23.31497
23.31638
23.40692
23.45184
23.54519
23.54098
23.53817
23.54098
23.49606
23.32199
23.23005
23.13529
22.95070
22.72891
22.55484
22.32603
22.23549
22.05440
21.91754
21.87472
21.78979
21.79260
21.87612
21.96807
22.23268
22.37095
22.46009
22.63977
22.77663
23.00264
23.14091
23.22443
23.36270
23.49746
23.58660
23.67644
23.71926
23.80559
23.85191
23.76839
23.72768
23.67363
23.53957
23.36130
23.13529
22.86718
22.73101
22.50360
22.23689
22.10494
21.97088
21.87753
21.83401
21.74487
21.83401
21.97228
22.01510
22.18846
22.28041
22.41727
22.55344
22.68609
22.73382
22.86858
23.04896
23.18092
23.27356
23.31638
23.44903
23.54098
23.58379
23.63152
23.63433
23.58660
23.49185
23.31076
23.22303
23.09178
22.96123
22.77383
22.54923
22.37095
22.28041
22.14916
22.05861
21.92034
21.91754
21.91894
22.01089
22.19408
22.28462
22.41868
22.50501
22.59836
22.72750
22.86858
23.00264
23.05037
23.13810
23.17811
23.26584
23.31357
23.31778
23.27497
23.22443
23.08757
23.04615
22.95982
22.77523
22.73382
22.51062
22.36954
22.27900
22.10213
22.05581
21.96947
21.96947
21.96667
22.05581
22.23689
22.32603
22.41376
22.41868
22.50501
22.64608
22.73382
22.86437
22.91069
22.99983
23.04475
23.18232
23.13389
23.18232
23.18372
23.04896
22.95982
22.86858
22.82577
22.72891
22.59555
22.41517
22.28181
22.14775
22.05581
21.96807
21.91332
21.87893
21.88174
22.00667
22.14916
22.28181
22.41517
22.45728
22.55344
22.77523
22.86156
22.95351
23.00264
23.09318
23.09178
23.18513
23.18513
23.13670
23.09037
22.95070
22.81524
22.72750
22.64258
22.46570
22.32884
22.15056
21.96807
21.92315
21.87612
21.87753
21.87121
22.00808
22.14916
22.19267
22.41727
22.64608
22.73803
22.86998
22.91210
23.09037
23.17951
23.26725
23.31497
23.31497
23.23005
23.18232
23.13670
22.95631
22.95210
22.82296
22.64258
22.46149
22.33235
22.19408
22.14494
22.10002
22.14494
22.28041
22.37095
22.55203
22.73242
22.86577
23.00123
22.99983
23.13529
23.26725
23.35989
23.44903
23.49887
23.54238
23.54659
23.54379
23.53957
23.49325
23.31919
23.22584
23.13810
22.95631
22.86858
22.73663
22.55484
22.37235
22.28462
22.28041
22.27900
22.23408
22.28321
22.32041
22.42008
22.59836
22.73663
22.91350
23.00545
23.08897
23.13810
23.27637
23.36411
23.40832
23.49044
23.49465
23.54098
23.49606
23.45465
23.40692
23.26725
23.17811
23.04615
22.90929
22.86998
22.78085
22.64749
22.50781
22.46009
22.41236
22.41376
22.36954
22.32322
22.32603
22.28602
22.41517
22.50781
22.64608
22.77804
22.78085
22.96123
23.05037
23.13529
23.13810
23.22443
23.18232
23.22162
23.22584
23.22864
23.22724
23.14091
23.09458
23.00123
22.91210
22.82155
22.81524
22.72891
22.64117
22.50641
22.37516
22.41868
22.28041
22.23689
22.18846
22.13933
22.14073
22.23689
22.33235
22.41517
22.55344
22.64117
22.73242
22.81875
22.86296
22.99983
22.99702
23.09178
23.13389
23.22724
23.27146
23.31638
23.36551
23.35989
23.35498
23.40271
23.26865
23.26865
23.17951
23.13389
23.00404
23.00264
22.91350
22.77804
22.68469
22.59415
22.64117
22.54782
22.50922
22.37516
22.33094
22.37656
22.32884
22.41868
22.50641
22.64117
22.81383
22.90929
23.03984
23.18232
23.31638
23.31638
23.40832
23.50027
23.59011
23.67363
23.58520
23.62871
23.58520
23.49465
23.44763
23.35779
23.27356
23.14372
23.00123
22.86296
22.82015
22.64117
22.55484
22.41868
22.36954
22.40955
22.41236
22.50501
22.63977
22.77523
22.91350
23.04896
23.14091
23.27497
23.40552
23.36130
23.49325
23.59011
23.62731
23.67363
23.67012
23.63152
23.58660
23.54379
23.45324
23.32340
23.22584
23.04124
22.90929
22.82015
22.77944
22.64258
22.55344
22.45868
22.37235
22.37797
22.32884
22.32322
22.41868
22.55203
22.69030
22.81875
22.95631
23.09037
23.22584
23.31919
23.40692
23.49887
23.58239
23.67925
23.72487
23.72206
23.71926
23.71645
23.67153
23.53957
23.49746
23.41113
23.22724
23.13810
22.90929
22.90929
22.77523
22.64468
22.54782
22.50641
22.50501
22.41517
22.32884
22.28462
22.23689
22.28321
22.23268
22.28041
22.37235
22.55203
22.64468
22.73663
22.86718
22.91350
23.04896
23.09037
23.18092
23.26865
23.36691
23.45324
23.45184
23.53536
23.67363
23.71785
23.67504
23.72206
23.67644
23.67644
23.58871
23.45324
23.40973
23.31919
23.23145
23.08897
22.95491
22.86858
22.78085
22.73242
22.59976
22.55624
22.50922
22.46149
22.41517
22.32462
22.33235
22.28883
22.28602
22.36674
22.51062
22.68328
22.73382
22.86858
23.00545
23.13389
23.18092
23.22584
23.31497
23.45044
23.49746
23.54098
23.58520
23.62731
23.62731
23.58379
23.49325
23.49746
23.40411
23.27356
23.18092
23.00264
22.95631
22.82296
22.69171
22.59976
22.50781
22.41868
22.37095
22.32884
22.28181
22.32884
22.33094
22.41517
22.55344
22.68609
22.87139
23.00966
23.04896
23.17811
23.27005
23.35779
23.40131
23.40411
23.49746
23.54519
23.45605
23.40552
23.36411
23.27005
23.18372
23.09178
22.91490
22.90789
22.77383
22.64258
22.63836
22.50220
22.50360
22.41868
22.37516
22.37235
22.33235
22.28321
22.28181
22.23689
22.28462
22.32743
22.32603
22.46149
22.55063
22.73101
22.82296
22.82998
22.91771
23.00685
23.09599
23.18092
23.22584
23.31076
23.39990
23.49325
23.58379
23.58239
23.67644
23.72487
23.67504
23.67644
23.58379
23.58099
23.49887
23.36270
23.18092
23.17811
23.04124
22.91069
22.86437
22.72750
22.68048
22.59415
22.50781
22.46149
22.41517
22.36814
22.28181
22.23689
22.23970
22.23829
22.23408
22.37235
22.50501
22.63836
22.82155
22.82436
22.95982
23.04124
23.08476
23.22162
23.27146
23.36411
23.40131
23.44272
23.53817
23.54238
23.58520
23.58239
23.49606
23.40411
23.40552
23.36551
23.27005
23.08897
22.95772
22.82155
22.82015
22.63696
22.63977
22.50781
22.42148
22.41868
22.36954
22.36954
22.41517
22.46009
22.55344
22.64117
22.82296
22.95772
23.00123
23.08757
23.18513
23.23005
23.36130
23.40271
23.49185
23.53957
23.58871
23.58871
23.63292
23.67784
23.63152
23.49185
23.45184
23.36270
23.36551
23.22443
23.04265
22.95631
22.82998
22.73101
22.59695
22.54782
22.37516
22.29023
22.28462
22.18846
22.14635
22.15056
22.19267
22.23689
22.37235
22.50781
22.64608
22.73522
22.77944
22.86437
23.00264
23.08757
23.18092
23.22864
23.36411
23.45044
23.49746
23.58379
23.62871
23.67644
23.67504
23.67363
23.67784
23.66872
23.58099
23.48764
23.45324
23.31919
23.31076
23.22584
23.05037
22.96123
22.78085
22.77523
22.59415
22.59695
22.46711
22.37235
22.37235
22.28321
22.23689
22.24110
22.28462
22.32462
22.45588
22.64258
22.77804
22.95982
22.95351
23.08897
23.13249
23.26865
23.36411
23.45324
23.49185
23.53817
23.62731
23.67012
23.72066
23.76839
23.71504
23.62871
23.62591
23.58379
23.54098
23.40692
23.35989
23.22162
23.18092
23.09178
22.95631
22.86437
22.73242
22.64258
22.59555
22.54642
22.42148
22.33235
22.23689
22.19127
22.14494
22.10002
22.06423
22.14635
22.23408
22.37235
22.55203
22.68890
22.81875
22.82155
22.99983
23.09178
23.22724
23.31076
23.35779
23.40411
23.53957
23.63573
23.76839
23.76558
23.80839
23.85472
23.85753
23.86033
23.81120
23.72206
23.67363
23.58520
23.49887
23.45044
23.27146
23.18513
22.99843
22.86296
22.77804
22.68890
22.55344
22.41517
22.32884
22.28321
22.23549
22.19127
22.10213
22.14494
22.19267
22.37376
22.50360
22.68609
22.77523
22.86718
23.00123
23.17951
23.27146
23.36130
23.44903
23.49185
23.58871
23.67784
23.81892
23.76698
23.80839
23.81120
23.81261
23.72206
23.72206
23.58379
23.50027
23.40271
23.27356
23.22584
23.04475
22.91069
22.77242
22.64258
22.59836
22.46009
22.32462
22.28041
22.19267
22.15196
22.15056
22.10213
22.09862
22.19267
22.38077
22.55484
22.73242
22.86437
22.95351
23.04615
23.09178
23.18232
23.26865
23.40131
23.44903
23.45184
23.58379
23.59011
23.67504
23.71364
23.62591
23.62731
23.58520
23.58660
23.49465
23.49746
23.40973
23.31778
23.22443
23.13529
23.04756
22.95631
22.82015
22.68188
22.59274
22.59695
22.46430
22.41517
22.28041
22.23408
22.23689
22.19127
22.19267
22.19408
22.28041
22.36954
22.41868
22.51062
22.60257
22.68609
22.77242
22.86437
22.91069
23.00685
23.09318
23.04756
23.09318
23.12898
23.22584
23.22584
23.22864
23.22724
23.22584
23.18372
23.13529
23.09599
23.04265
22.95351
22.91069
22.86577
22.82436
22.73242
22.64117
22.50220
22.46430
22.41727
22.37656
22.28602
22.23689
22.14354
22.19267
22.19267
22.19829
22.28321
22.37376
22.46289
22.50641
22.59836
22.69030
22.77663
22.90789
22.95210
23.04265
23.13249
23.18092
23.18372
23.27005
23.31357
23.40271
23.49465
23.40832
23.49465
23.49185
23.53957
23.49185
23.40552
23.41254
23.35779
23.26725
23.22724
23.13810
23.05037
22.95491
22.81734
22.73382
22.69171
22.59976
22.46149
22.37095
22.28041
22.28321
22.23970
22.23689
22.32884
22.37095
22.55063
22.55063
22.68890
22.73242
22.81875
22.95491
23.00404
23.09599
23.18092
23.26865
23.27005
23.31497
23.36270
23.40411
23.40692
23.36270
23.40832
23.40552
23.36411
23.31919
23.22724
23.19004
23.08897
23.04124
22.95351
22.90789
22.86577
22.72891
22.64258
22.55344
22.55063
22.46289
22.42148
22.37376
22.32322
22.36954
22.37516
22.46149
22.55063
22.64117
22.82296
22.82436
22.95772
23.05037
23.13950
23.17951
23.22162
23.31778
23.36130
23.45465
23.49746
23.49325
23.58099
23.62731
23.67644
23.63292
23.67363
23.62871
23.62731
23.58379
23.44903
23.49465
23.36130
23.26725
23.17811
23.00404
23.00123
22.86296
22.68328
22.59555
22.50922
22.50501
22.41727
22.28041
22.23408
22.23689
22.23549
22.23689
22.32884
22.46149
22.59274
22.59695
22.68750
22.77804
22.86998
23.04475
23.08616
23.18092
23.31778
23.35989
23.40271
23.49465
23.54098
23.58520
23.58660
23.58379
23.58871
23.53536
23.49185
23.40552
23.32059
23.31076
23.17811
23.09037
23.00545
22.86577
22.73101
22.63977
22.55203
22.41868
22.41517
22.32462
22.28041
22.28883
22.36954
22.50501
22.63696
22.68609
22.77523
22.90789
22.99843
23.08757
23.13389
23.22724
23.31217
23.31217
23.36270
23.36551
23.36130
23.40411
23.31217
23.27146
23.23285
23.17811
23.09178
22.95631
22.82296
22.77523
22.68609
22.54782
22.50922
22.46289
22.46289
22.41727
22.37095
22.36954
22.46149
22.51062
22.59976
22.73663
22.95982
23.04896
23.08897
23.17811
23.23005
23.27637
23.31919
23.40552
23.45184
23.44763
23.40271
23.45044
23.45184
23.45324
23.45324
23.35989
23.31217
23.27005
23.18092
23.09318
22.91210
22.82717
22.77523
22.64117
22.55344
22.46711
22.37376
22.37235
22.27760
22.19267
22.19127
22.19267
22.24110
22.32603
22.41517
22.55063
22.68328
22.63977
22.73101
22.82296
23.00404
23.09178
23.18092
23.26444
23.40411
23.49746
23.54379
23.63152
23.72206
23.76418
23.76277
23.85191
23.81120
23.81752
23.81611
23.72206
23.63152
23.62731
23.58239
23.45184
23.31778
23.18513
23.13529
22.99843
22.90789
22.82436
22.68609
22.59695
22.59976
22.50501
22.45868
22.37095
22.41517
22.36954
22.41727
22.59695
22.69171
22.77523
22.82015
22.91069
23.04615
23.13529
23.22303
23.26725
23.35989
23.40271
23.44903
23.54238
23.54379
23.58099
23.53957
23.52905
23.49185
23.44272
23.40552
23.22864
23.18372
23.04615
23.00264
22.86296
22.77242
22.68328
22.59415
22.55344
22.41236
22.37095
22.32462
22.28041
22.18495
22.14354
22.23689
22.37095
22.46289
22.50781
22.64117
22.77663
22.86718
22.95631
23.00685
23.05037
23.13810
23.22584
23.35638
23.36270
23.49606
23.54238
23.62731
23.71785
23.72347
23.76839
23.72487
23.72206
23.67153
23.62731
23.62731
23.49887
23.45324
23.35989
23.26584
23.18372
23.00545
22.86577
22.77383
22.68328
22.55203
22.55624
22.41517
22.36814
22.28041
22.23268
22.23829
22.19408
22.28321
22.32322
22.45868
22.63977
22.78085
22.86577
22.86577
22.95491
23.09178
23.23005
23.35779
23.36130
23.49465
23.49746
23.49887
23.58660
23.58520
23.63012
23.49465
23.45324
23.36411
23.31217
23.22724
23.04615
22.91350
22.73382
22.59555
22.50501
22.46149
22.37095
22.37937
22.32743
22.37095
22.41517
22.50781
22.64608
22.73522
22.81875
22.91069
22.99702
23.13529
23.22724
23.22303
23.31919
23.41254
23.44763
23.49185
23.53536
23.53677
23.54238
23.58660
23.54098
23.54098
23.40552
23.36270
23.31638
23.22584
23.17951
22.95210
22.81734
22.68609
22.54923
22.50641
22.46149
22.32462
22.28321
22.14494
22.14354
22.14214
22.23408
22.32884
22.41517
22.55063
22.68188
22.77523
22.91490
23.04756
23.09458
23.18092
23.26725
23.36130
23.49606
23.49887
23.58871
23.67644
23.76277
23.80839
23.80839
23.77119
23.76558
23.67153
23.62591
23.58520
23.49746
23.40552
23.31357
23.18232
23.09880
22.86577
22.73382
22.59415
22.50781
22.37376
22.32743
22.28321
22.18986
22.14775
22.14916
22.23408
22.32182
22.45868
22.60257
22.73522
22.86577
22.99702
23.13810
23.18372
23.27497
23.31638
23.45044
23.53677
23.62591
23.67504
23.72768
23.76558
23.80559
23.80699
23.71785
23.63152
23.58660
23.49465
23.31357
23.17670
23.04756
22.91350
22.68469
22.59274
22.45868
22.46149
22.37376
22.32603
22.28321
22.23408
22.32743
22.42008
22.60257
22.68609
22.82015
22.90648
23.04615
23.09037
23.27005
23.36270
23.31357
23.45324
23.54238
23.58379
23.67012
23.67925
23.72347
23.76839
23.81261
23.85612
23.81611
23.81261
23.76839
23.67504
23.53817
23.45044
23.27356
23.13670
22.90789
22.72329
22.68328
22.50781
22.32462
22.23970
22.15056
22.18846
22.23408
22.36954
22.50220
22.68750
22.77383
22.91631
23.00545
23.13529
23.27005
23.22443
23.40552
23.50027
23.67504
23.76558
23.71926
23.84910
23.89473
23.94386
23.99018
23.90525
23.85612
23.81120
23.72206
23.58520
23.49606
23.31497
23.13249
22.86437
22.64468
22.64608
22.46149
22.32322
22.23268
22.18846
22.28462
22.37376
22.51062
22.59695
22.72750
22.82015
22.95070
23.09178
23.18092
23.27005
23.31357
23.40552
23.49606
23.58660
23.63012
23.63152
23.58520
23.54238
23.49746
23.45465
23.27146
23.22303
23.04615
22.86998
22.68890
22.63696
22.50641
22.32743
22.23689
22.23268
22.23689
22.32182
22.41868
22.50641
22.55063
22.73382
22.77804
22.86296
23.00123
23.09037
23.13249
23.22162
23.31357
23.40832
23.49606
23.49465
23.45044
23.49325
23.45044
23.36551
23.22162
23.22303
23.08757
22.95772
22.86718
22.73663
22.68890
22.55344
22.41727
22.27760
22.23689
22.19127
22.10213
22.01089
21.96246
21.96667
21.96105
22.01510
22.10494
22.23829
22.32884
22.41236
22.45868
22.54782
22.63977
22.73242
22.82296
22.86998
22.95491
22.99983
23.09037
23.13950
23.18513
23.22864
23.22584
23.18092
23.12898
23.08897
23.04615
22.95772
22.86296
22.81524
22.68609
22.59415
22.46289
22.41096
22.32743
22.23127
22.14494
22.09581
22.09862
22.14916
22.19127
22.19688
22.28602
22.37095
22.32322
22.37095
22.41517
22.51203
22.64117
22.68048
22.77383
22.81875
22.86858
23.00545
23.04756
23.04475
23.13108
23.22724
23.18653
23.22724
23.22724
23.18232
23.13529
23.05177
23.00825
22.95351
22.86437
22.72750
22.64258
22.59695
22.50220
22.36814
22.27900
22.28462
22.32743
22.33094
22.32462
22.32603
22.42008
22.50501
22.50501
22.59555
22.64117
22.77804
22.86577
22.90508
22.95351
23.04756
23.09599
23.09458
23.13529
23.18232
23.18513
23.13810
23.08897
23.04615
23.04896
22.95491
22.95351
22.86156
22.82717
22.73522
22.64608
22.59555
22.50501
22.41868
22.32884
22.32182
22.27900
22.23689
22.19267
22.28602
22.32743
22.45728
22.54782
22.63836
22.73242
22.82436
23.00545
23.09318
23.17951
23.22162
23.36130
23.36411
23.40552
23.49887
23.54379
23.58520
23.49465
23.49887
23.40271
23.35638
23.31357
23.13389
23.04475
23.00264
22.90789
22.82436
22.73663
22.64258
22.55484
22.50220
22.41517
22.41727
22.32884
22.37235
22.37235
22.46009
22.64258
22.77944
22.86577
22.99983
23.09037
23.13249
23.17811
23.27005
23.27356
23.32059
23.26865
23.22022
23.17811
23.13670
23.04896
22.95772
22.86577
22.82436
22.68609
22.59976
22.55484
22.46430
22.37235
22.28041
22.28321
22.32322
22.37797
22.46570
22.59976
22.77102
22.90648
22.99843
23.09318
23.18653
23.23005
23.31778
23.40271
23.44763
23.53677
23.59011
23.58379
23.58520
23.53817
23.53817
23.49606
23.41254
23.26725
23.13389
23.09318
22.96123
22.87139
22.72891
22.55063
22.54923
22.46009
22.41517
22.42429
22.46289
22.59695
22.68609
22.86577
22.95351
23.09037
23.14091
23.18513
23.27005
23.35989
23.40411
23.44903
23.49185
23.49465
23.45184
23.40692
23.36270
23.27146
23.17530
23.00404
22.91350
22.82436
22.64117
22.59695
22.45728
22.41517
22.41517
22.46711
22.54782
22.68328
22.82015
22.86577
23.00404
23.09458
23.18232
23.27005
23.36130
23.45465
23.49465
23.58379
23.58520
23.67784
23.67644
23.58379
23.54238
23.45324
23.45465
23.31497
23.08757
22.91210
22.73101
22.64468
22.55484
22.41236
22.32603
22.28462
22.23689
22.18846
22.28181
22.46711
22.59976
22.73803
22.86858
23.09178
23.22724
23.31497
23.40411
23.49325
23.58379
23.67784
23.76698
23.80980
23.90034
23.85331
23.89753
23.89192
23.80839
23.76698
23.63012
23.49606
23.31919
23.09458
23.04615
22.73101
22.59415
22.46289
22.32603
22.28041
22.23970
22.19267
22.19548
22.37235
22.42008
22.64468
22.86577
22.95982
23.04756
23.13529
23.22443
23.36130
23.45044
23.54238
23.63152
23.72066
23.76839
23.81401
23.85612
23.80839
23.72206
23.62731
23.45044
23.31778
23.22724
22.95631
22.77663
22.59415
22.46289
22.36674
22.28041
22.19127
22.14916
22.10353
22.10353
22.23408
22.41236
22.59415
22.73242
22.77383
23.00545
23.05177
23.22864
23.31357
23.40271
23.49465
23.58871
23.63292
23.67784
23.72347
23.67644
23.62731
23.49044
23.40973
23.36130
23.18232
23.04475
22.85875
22.68469
22.55344
22.50781
22.37095
22.28181
22.18986
22.19127
22.28602
22.42008
22.59695
22.72610
22.81875
22.99983
23.14091
23.27146
23.40131
23.44623
23.53817
23.58099
23.71645
23.81120
23.76558
23.76839
23.72487
23.67644
23.54238
23.53817
23.31638
23.14091
23.00264
22.77944
22.68609
22.54642
22.37095
22.32603
22.28321
22.23408
22.32322
22.46149
22.64468
22.82577
22.96123
23.14091
23.22724
23.35638
23.49325
23.63012
23.67925
23.72206
23.85612
23.85753
23.85612
23.80699
23.71645
23.58520
23.49887
23.31497
23.17811
22.95351
22.77383
22.55344
22.42008
22.37516
22.28321
22.32322
22.41376
22.59695
22.68328
22.91210
23.08757
23.22162
23.31497
23.36130
23.49465
23.58379
23.72066
23.81261
23.86033
23.94526
23.93824
23.94807
23.90034
23.81401
23.72206
23.58099
23.40832
23.18653
23.04615
22.81243
22.63977
22.46289
22.37095
22.32884
22.23829
22.10494
22.18495
22.37095
22.50781
22.73242
22.86577
23.04265
23.18092
23.23285
23.36270
23.53957
23.67504
23.80980
23.84489
23.98527
24.12494
24.21408
24.25479
24.21899
24.21759
24.12354
24.03299
23.85472
23.72487
23.49606
23.18092
22.95351
22.72750
22.63977
22.46711
22.28602
22.14775
22.10213
22.19688
22.28181
22.46430
22.69311
22.91350
23.00123
23.17811
23.31638
23.49746
23.63292
23.62731
23.80559
23.99018
24.07932
24.17126
24.21408
24.21127
24.17126
24.13126
23.94807
23.81261
23.62731
23.40552
23.09037
22.91350
22.77523
22.59695
22.46289
22.32603
22.18846
22.19267
22.19267
22.15056
22.32743
22.50360
22.73242
22.86718
23.04615
23.22584
23.35638
23.45465
23.58520
23.72347
23.85191
23.94245
23.98667
24.03299
23.99018
23.98667
23.89753
23.76137
23.67504
23.54098
23.36270
23.17811
22.91069
22.77242
22.59976
22.41727
22.32743
22.23689
22.23268
22.14635
22.06142
22.01369
22.05861
22.14775
22.32462
22.50781
22.73242
22.91490
22.99983
23.13389
23.27146
23.40411
23.54800
23.58520
23.72347
23.85051
23.99018
24.03019
24.03299
24.03299
23.99158
23.90525
23.76558
23.63292
23.49746
23.26725
23.04475
22.82015
22.73242
22.50781
22.36954
22.23408
22.23689
22.10353
22.06282
21.96807
21.87612
21.92175
21.83261
21.92175
22.09862
22.32603
22.50781
22.64468
22.77663
22.86998
23.00123
23.18232
23.17951
23.35498
23.49185
23.67363
23.76418
23.81120
23.94807
24.08072
24.08213
24.07792
24.03861
23.99018
23.94947
23.80980
23.67363
23.58379
23.45184
23.27497
23.09458
22.86156
22.77523
22.59555
22.41868
22.28321
22.23408
22.14354
22.10002
22.05721
22.01510
22.01510
22.05581
22.10213
22.27760
22.41096
22.68750
22.82436
22.91069
23.05177
23.18372
23.31497
23.39990
23.45044
23.58520
23.67644
23.72487
23.81401
23.80418
23.84910
23.80559
23.67504
23.58379
23.50378
23.36270
23.18232
22.90929
22.73101
22.59695
22.46289
22.27760
22.18986
22.10002
22.05861
22.01510
21.88034
21.87612
21.78839
21.78207
21.73926
21.65012
21.65574
21.65574
21.64872
21.83120
22.00667
22.23127
22.41376
22.45868
22.64258
22.73803
22.91350
23.05177
23.13810
23.31357
23.45324
23.54098
23.67784
23.71785
23.85191
23.93965
23.94386
23.94666
23.94105
23.89753
23.80839
23.67784
23.54098
23.49185
23.31217
23.13529
22.91350
22.72750
22.59415
22.42148
22.28602
22.19548
22.05440
22.05581
21.91894
21.87753
21.87893
21.79541
21.78488
21.69293
21.74207
21.83542
22.01089
22.10002
22.27760
22.41727
22.59695
22.78085
22.82577
22.95982
23.13529
23.22724
23.36411
23.40131
23.54098
23.63012
23.67784
23.77260
23.76698
23.76558
23.71926
23.67644
23.53817
23.54519
23.36551
23.22443
22.95491
22.77242
22.59836
22.46009
22.33094
22.19267
22.05581
22.01369
21.92034
21.88034
21.83120
21.78979
21.69855
21.69293
21.64872
21.65293
21.61081
21.60941
21.56519
21.56239
21.60660
21.73926
21.96526
22.01229
22.23689
22.41727
22.55344
22.64258
22.72891
22.86437
23.09037
23.23005
23.31778
23.40973
23.49185
23.53817
23.53677
23.63152
23.58871
23.54098
23.40411
23.35989
23.22303
23.17811
23.00404
22.82857
22.64258
22.46149
22.36954
22.28883
22.19127
22.10213
22.00948
21.96807
21.92455
21.87612
21.87612
21.82699
21.78488
21.78979
21.79120
21.73785
21.69715
21.69715
21.65012
21.87893
22.01720
22.19408
22.28321
22.40955
22.55063
22.69171
22.82296
22.91069
23.04475
23.18092
23.26725
23.40692
23.49746
23.63152
23.63012
23.67012
23.66732
23.72066
23.67925
23.54238
23.45184
23.31497
23.27356
23.13810
22.91210
22.68750
22.50501
22.46009
22.33094
22.23689
22.14494
22.06002
22.05440
21.96667
21.92455
21.92315
21.88034
21.83261
21.82840
21.83261
21.78207
21.74207
21.74628
21.74628
21.74207
21.69715
21.69715
21.74207
21.83120
22.01089
22.18846
22.37095
22.45728
22.55063
22.72891
22.82577
22.95772
23.04265
23.08897
23.18372
23.31778
23.44903
23.53817
23.62871
23.62731
23.67644
23.67784
23.72347
23.62871
23.54238
23.49746
23.36270
23.27146
23.18092
22.99562
22.81875
22.68469
22.50922
22.46289
22.36954
22.27760
22.14916
22.10494
22.05861
22.01369
21.96667
21.96386
21.91894
21.88455
21.87753
21.88174
21.83682
21.83120
21.78839
21.78488
21.78628
21.87753
21.96667
22.05861
22.32743
22.50501
22.59555
22.68609
22.73522
22.86858
23.00123
23.13670
23.22724
23.31638
23.35638
23.44763
23.53957
23.63012
23.63152
23.58871
23.59011
23.54098
23.44903
23.36411
23.18864
23.04896
22.91490
22.73242
22.64258
22.55484
22.42148
22.33235
22.23970
22.19408
22.15056
22.14635
22.05581
22.00948
22.01510
22.01089
22.00808
21.96947
21.92455
21.92596
21.92175
22.00948
22.14354
22.32603
22.45868
22.59836
22.78085
22.91771
23.00404
23.14231
23.13529
23.27146
23.45184
23.53677
23.62731
23.63152
23.72066
23.72347
23.72206
23.72066
23.63152
23.53536
23.49465
23.39850
23.31076
23.18232
23.05037
22.86858
22.73663
22.59976
22.59976
22.46711
22.37095
22.28321
22.23408
22.23408
22.23689
22.14494
22.10494
22.06142
22.10774
22.05861
22.06142
22.00948
22.00948
22.00808
21.96526
21.96947
22.01089
22.10494
22.24250
22.42148
22.59976
22.73101
22.86296
22.91069
23.08897
23.22724
23.36270
23.45605
23.50238
23.58379
23.67012
23.76137
23.76558
23.81401
23.76558
23.72066
23.67363
23.62731
23.53817
23.40552
23.23145
23.13389
22.95351
22.95491
22.82155
22.72750
22.64608
22.55203
22.54923
22.45588
22.41376
22.33235
22.33094
22.32884
22.28181
22.27760
22.23127
22.19688
22.23970
22.23970
22.19267
22.14775
22.19548
22.33094
22.41517
22.59415
22.72891
22.86718
23.00685
23.05037
23.13810
23.18092
23.31638
23.36130
23.44482
23.54098
23.63152
23.76558
23.76558
23.76698
23.85612
23.85893
23.85612
23.71926
23.76839
23.67644
23.54379
23.45465
23.22724
23.13529
22.99562
22.86437
22.73242
22.68609
22.64117
22.55063
22.46289
22.41376
22.41517
22.41727
22.37376
22.28321
22.28321
22.32743
22.32743
22.28602
22.23970
22.23408
22.23408
22.28462
22.23549
22.19408
22.29023
22.46149
22.50360
22.68328
22.86156
22.95631
23.09318
23.18232
23.22443
23.31357
23.40552
23.49465
23.54379
23.67784
23.72066
23.81120
23.85331
23.85191
23.89894
23.90385
23.85753
23.76839
23.76277
23.67012
23.58099
23.49606
23.36691
23.23005
23.13529
23.00123
22.91490
22.86998
22.82296
22.73242
22.68048
22.64258
22.64608
22.59836
22.59695
22.50501
22.50220
22.46149
22.46289
22.41517
22.37095
22.36954
22.37095
22.37095
22.37235
22.41868
22.50781
22.68609
22.86577
22.99843
23.13249
23.22724
23.22724
23.31638
23.31357
23.40832
23.54519
23.59011
23.67784
23.71926
23.80559
23.89894
23.90245
23.90385
23.94526
23.89894
23.85331
23.76698
23.68206
23.67644
23.58660
23.44903
23.26304
23.13670
23.09037
22.95982
22.86718
22.81734
22.73101
22.68328
22.59555
22.55624
22.55624
22.55484
22.50641
22.50781
22.45868
22.46289
22.46289
22.42148
22.41868
22.41517
22.50781
22.63977
22.77523
22.91350
23.09739
23.13529
23.22162
23.22162
23.27005
23.40832
23.40552
23.49746
23.49185
23.62731
23.67012
23.71926
23.76277
23.76277
23.81120
23.76698
23.67925
23.63012
23.58099
23.53957
23.49185
23.36270
23.27005
23.23005
23.13810
23.04615
22.90789
22.81875
22.72891
22.68328
22.64468
22.64608
22.55344
22.55344
22.46009
22.46289
22.50501
22.55765
22.59415
22.68890
22.73101
22.82015
22.82015
22.86718
22.86998
22.86718
22.91350
22.90929
22.91069
22.95631
22.90789
22.99843
23.00404
23.00264
23.08897
23.09318
23.04896
23.13810
23.09037
23.13249
23.13950
23.08616
23.09037
23.09037
23.04896
23.09037
23.04265
23.00123
23.00123
23.04615
23.00123
23.00264
22.99843
22.95772
22.95491
22.91350
22.91350
22.86858
22.91631
22.86718
22.82296
22.82015
22.86718
22.91069
22.90648
22.91069
23.04265
23.09178
23.18232
23.18232
23.27356
23.27146
23.36270
23.49746
23.45184
23.53817
23.54098
23.58379
23.62731
23.63012
23.67504
23.59151
23.63152
23.58099
23.58660
23.58379
23.49185
23.39990
23.40552
23.35989
23.31919
23.22724
23.13670
23.08616
23.08616
23.04615
23.00123
23.05037
23.04265
23.08757
23.13249
23.17670
23.22724
23.31638
23.36411
23.45465
23.44763
23.53817
23.58099
23.58520
23.67363
23.67784
23.67784
23.67363
23.71926
23.67012
23.57958
23.58520
23.54098
23.54379
23.49606
23.39709
23.35779
23.31638
23.35989
23.27637
23.18232
23.13670
23.04265
23.04475
22.95982
22.96123
22.86577
22.86156
22.86296
22.86437
23.00685
23.09458
23.17951
23.26725
23.26584
23.31919
23.40832
23.45324
23.58520
23.58379
23.67504
23.71926
23.81401
23.90245
23.94386
23.94386
23.94386
23.99158
23.99018
23.99018
23.98878
23.94105
23.89894
23.85893
23.85753
23.76558
23.72206
23.67153
23.58379
23.58520
23.49746
23.40692
23.31778
23.26725
23.23005
23.14091
23.08757
23.09178
23.08897
23.09037
23.09178
23.18513
23.27356
23.35989
23.40411
23.45184
23.53957
23.58660
23.67644
23.72206
23.72206
23.76418
23.80839
23.81120
23.81261
23.76698
23.72206
23.67012
23.67363
23.63433
23.54098
23.49325
23.45044
23.36270
23.35779
23.22162
23.17951
23.04475
22.95351
22.91912
22.86998
22.77242
22.63836
22.59695
22.55203
22.55484
22.50641
22.55063
22.68188
22.73101
22.91069
23.00264
23.13950
23.23285
23.22443
23.31357
23.40692
23.49887
23.63012
23.62731
23.67644
23.76277
23.81261
23.85331
23.85472
23.81261
23.81261
23.80839
23.76698
23.81120
23.67644
23.71926
23.66872
23.62731
23.54659
23.49044
23.39990
23.40552
23.31638
23.26865
23.13389
23.09037
23.00264
23.00264
22.95491
22.95351
22.86577
22.77804
22.73522
22.59555
22.59134
22.54782
22.46991
22.46289
22.50501
22.55063
22.67907
22.77523
22.87139
23.00545
23.00264
23.08757
23.22443
23.32059
23.41113
23.36130
23.49185
23.58520
23.66732
23.76698
23.76839
23.81611
23.85472
23.81120
23.80839
23.76558
23.80839
23.72347
23.67784
23.67504
23.58660
23.54379
23.54098
23.44763
23.36551
23.31778
23.22584
23.09178
22.99843
22.90789
22.91210
22.77804
22.68469
22.59976
22.55063
22.55063
22.53940
22.50641
22.59976
22.63977
22.73522
22.86718
22.95210
23.04896
23.13810
23.13389
23.27005
23.35779
23.45184
23.53957
23.49887
23.63292
23.67504
23.76698
23.80839
23.81120
23.85753
23.85893
23.85191
23.85051
23.80699
23.76558
23.71926
23.67784
23.58520
23.54098
23.44763
23.35779
23.22864
23.13950
23.04756
22.91069
22.77804
22.68609
22.55063
22.50641
22.41517
22.23549
22.14635
22.14916
22.14775
22.18846
22.27900
22.46149
22.60116
22.69171
22.86577
22.95351
23.04896
23.13670
23.13810
23.22584
23.40552
23.45044
23.53817
23.58660
23.67504
23.67925
23.71785
23.76839
23.71785
23.67644
23.63012
23.63152
23.58660
23.44763
23.40131
23.36411
23.27146
23.23005
23.13670
23.04475
22.99983
22.86858
22.77944
22.73382
22.63977
22.51343
22.41376
22.27900
22.18986
22.14494
22.05581
22.01369
22.10002
22.23689
22.32322
22.41517
22.59976
22.63836
22.77523
22.81524
22.90929
23.04615
23.13810
23.27356
23.26865
23.40552
23.49746
23.58871
23.63292
23.67644
23.71926
23.80699
23.85612
23.80559
23.76137
23.76698
23.76418
23.72206
23.59573
23.63152
23.49465
23.45184
23.36130
23.22584
23.22864
23.14091
22.95982
22.91210
22.77663
22.72891
22.59555
22.50360
22.41517
22.32603
22.23829
22.10353
22.00948
21.96386
21.87472
21.87753
21.87332
21.96667
22.10213
22.28602
22.37095
22.46289
22.55624
22.64749
22.77663
22.81875
22.96123
23.04475
23.17951
23.26865
23.27146
23.40552
23.53957
23.63573
23.67363
23.71926
23.81120
23.81120
23.80839
23.80418
23.76558
23.76839
23.72206
23.67363
23.58099
23.54238
23.45044
23.40411
23.26865
23.18372
23.09739
23.00825
22.86437
22.68328
22.63977
22.54923
22.46009
22.36954
22.23549
22.28883
22.23549
22.23970
22.28602
22.46570
22.55344
22.64117
22.73101
22.86016
22.95210
23.04265
23.13670
23.22584
23.31638
23.40973
23.45746
23.45184
23.53957
23.58379
23.63012
23.58239
23.57958
23.57958
23.54238
23.49465
23.45044
23.36270
23.31357
23.23005
23.14091
22.95631
22.86718
22.77523
22.59415
22.46149
22.36954
22.27900
22.19267
22.10002
21.96386
22.00667
21.96386
21.96667
22.01369
22.14775
22.32884
22.41868
22.46430
22.55484
22.64608
22.77944
22.91350
23.00264
23.13529
23.18092
23.22443
23.35638
23.35638
23.53817
23.58239
23.63152
23.67644
23.72206
23.76839
23.76558
23.62871
23.63152
23.58660
23.53957
23.49465
23.40552
23.31919
23.27356
23.17951
23.05037
22.91350
22.77383
22.72750
22.64258
22.50781
22.50360
22.32041
22.28041
22.14214
22.01229
21.96667
21.92315
21.83401
21.83261
21.83822
21.97088
22.10494
22.15337
22.33094
22.42008
22.55484
22.68609
22.68469
22.82155
22.91490
23.09599
23.22443
23.27356
23.40832
23.49887
23.58871
23.63012
23.67363
23.71926
23.80559
23.76418
23.76137
23.72347
23.67012
23.67363
23.58379
23.53536
23.44903
23.40271
23.31919
23.13950
23.00264
22.95772
22.82155
22.68469
22.59555
22.45868
22.36954
22.28181
22.19127
22.19127
22.19267
22.19829
22.28181
22.36533
22.50781
22.64117
22.68609
22.81875
22.91069
23.04896
23.14091
23.17951
23.27005
23.35989
23.40411
23.49465
23.53817
23.58379
23.63573
23.63292
23.58379
23.58520
23.58520
23.54238
23.44903
23.40271
23.31638
23.27356
23.18092
23.04756
22.91210
22.77663
22.73242
22.54642
22.50641
22.32603
22.23268
22.14916
22.05721
22.02001
21.92175
21.92596
21.96667
22.00948
22.10002
22.23549
22.37376
22.36954
22.46430
22.59695
22.68750
22.82015
22.86998
22.96123
23.13529
23.21882
23.31497
23.31357
23.45044
23.44903
23.49606
23.53957
23.58379
23.54379
23.45044
23.40832
23.36411
23.35779
23.22303
23.13389
23.00123
22.86437
22.82155
22.69030
22.59976
22.46289
22.32743
22.32884
22.23829
22.19127
22.09862
22.05721
22.05581
22.10494
22.19127
22.37376
22.46430
22.51203
22.64749
22.77804
22.86858
22.95491
23.00123
23.09037
23.13529
23.27146
23.36130
23.36270
23.45184
23.49887
23.54238
23.58239
23.58660
23.58520
23.53957
23.53677
23.49465
23.40271
23.40552
23.27005
23.18232
23.05037
23.03984
22.95491
22.86437
22.72891
22.60116
22.55624
22.41376
22.32322
22.22987
22.14214
22.14775
22.10634
22.05581
22.10213
22.23127
22.28321
22.42148
22.59976
22.72610
22.82155
22.90227
22.99983
23.08897
23.18092
23.27356
23.31778
23.40692
23.45044
23.49185
23.54238
23.54098
23.53536
23.44903
23.41254
23.31638
23.31778
23.18372
23.04896
22.96263
22.82155
22.68750
22.63696
22.54642
22.46149
22.32603
22.23970
22.23689
22.19127
22.14494
22.10002
22.05581
22.14494
22.28321
22.41868
22.55344
22.63977
22.72750
22.86437
22.95772
23.04615
23.18092
23.22162
23.27146
23.35779
23.45184
23.54238
23.54238
23.54238
23.58660
23.58379
23.58379
23.54659
23.49185
23.44903
23.36270
23.27356
23.22864
23.08897
22.99983
22.90929
22.77804
22.73101
22.64117
22.50922
22.42148
22.28181
22.23408
22.18495
22.10002
22.06142
22.05581
22.14775
22.23829
22.37235
22.46289
22.55063
22.63836
22.81524
22.90648
22.99422
23.09178
23.14091
23.13670
23.18092
23.27497
23.31778
23.35779
23.31357
23.26725
23.23005
23.18372
23.18372
23.09037
22.99843
22.95631
22.82436
22.77804
22.68328
22.59274
22.46009
22.32603
22.32743
22.27900
22.23970
22.15056
22.14916
22.18846
22.27900
22.32462
22.41517
22.46711
22.55765
22.63977
22.68469
22.82015
22.91490
22.91210
23.04615
23.09178
23.13529
23.13529
23.18092
23.18232
23.18513
23.22584
23.22724
23.26444
23.18092
23.13529
23.09458
23.04896
23.04265
22.91210
22.86437
22.77523
22.68750
22.60257
22.55344
22.41868
22.32322
22.18986
22.10494
22.14916
22.05861
22.05019
22.01720
22.05721
22.14494
22.23689
22.37095
22.46149
22.50360
22.59555
22.68188
22.73101
22.82296
22.91069
23.04756
23.13950
23.21390
23.30936
23.35779
23.35779
23.40552
23.40832
23.40832
23.40552
23.35779
23.31357
23.26725
23.22303
23.13389
23.08616
22.95491
22.91210
22.77523
22.68890
22.64749
22.55063
22.46009
22.36533
22.28602
22.23689
22.19127
22.15196
22.10634
22.18846
22.28321
22.36954
22.46149
22.55203
22.64608
22.77663
22.82436
22.91350
22.99843
23.08476
23.09178
23.18372
23.27005
23.31638
23.40832
23.40692
23.44903
23.44763
23.44903
23.40832
23.36832
23.31638
23.22443
23.13670
23.04475
22.99843
22.86577
22.82296
22.68750
22.55063
22.55203
22.41236
22.28041
22.15056
22.10634
22.10353
22.01229
22.00948
21.96667
22.05300
22.18846
22.32603
22.50922
22.59555
22.68609
22.77523
22.85875
22.95491
23.04896
23.18372
23.13529
23.31357
23.35638
23.45465
23.54238
23.50238
23.58099
23.62731
23.62871
23.59011
23.59011
23.54098
23.49465
23.40271
23.40131
23.27146
23.18232
23.13670
22.99983
22.86858
22.77242
22.73101
22.59695
22.46289
22.37516
22.28743
22.28041
22.19127
22.14775
22.19127
22.33094
22.37516
22.50781
22.59274
22.72610
22.86437
22.91350
23.00264
23.13529
23.22584
23.27497
23.32059
23.40411
23.54379
23.58520
23.62450
23.63292
23.67363
23.71926
23.67784
23.58520
23.58520
23.54379
23.40692
23.31357
23.17530
23.13108
23.00545
22.86718
22.73382
22.64258
22.55203
22.41517
22.28321
22.18986
22.10494
22.10353
22.01089
22.00667
22.10002
22.28883
22.33094
22.50360
22.59134
22.68328
22.86718
22.91490
23.00264
23.08335
23.17811
23.27146
23.31497
23.44903
23.54098
23.58099
23.67363
23.67644
23.76558
23.81611
23.85753
23.76558
23.76839
23.71926
23.66872
23.63012
23.53957
23.49746
23.40271
23.27356
23.13529
22.95351
22.86718
22.72891
22.59976
22.46149
22.37235
22.32322
22.23549
22.14635
22.14775
22.29164
22.32884
22.45868
22.59555
22.73382
22.82577
22.91490
23.00966
23.13810
23.22724
23.26865
23.31357
23.40552
23.49465
23.49606
23.50027
23.54238
23.53677
23.49185
23.40271
23.31638
23.27356
23.18513
23.09037
22.99983
22.86437
22.73101
22.64258
22.50922
22.37516
22.33515
22.18846
22.14073
22.05440
21.96246
21.96807
21.96667
21.96947
22.10213
22.23549
22.46289
22.54782
22.63556
22.73101
22.82015
22.95631
23.04615
23.14091
23.22443
23.31638
23.36551
23.45324
23.49606
23.54238
23.63012
23.63152
23.71364
23.67644
23.67363
23.67363
23.58379
23.53536
23.49325
23.45324
23.36411
23.22864
23.08897
23.08757
22.90929
22.77804
22.68750
22.55624
22.50501
22.37095
22.28041
22.19127
22.14635
22.10353
22.09862
22.14494
22.28181
22.41868
22.46851
22.55975
22.64749
22.82155
22.91490
22.95351
23.04124
23.13529
23.17951
23.31638
23.36270
23.44903
23.49746
23.54379
23.58520
23.62871
23.62450
23.62591
23.58239
23.54238
23.50027
23.44903
23.40271
23.31357
23.22724
23.18372
23.09318
22.95210
22.90508
22.73101
22.68890
22.60397
22.41868
22.37235
22.28321
22.18635
22.10002
22.05300
22.05300
22.01229
22.10494
22.14775
22.28462
22.46149
22.55344
22.64258
22.72610
22.77242
22.95631
23.09458
23.14091
23.22443
23.31076
23.40271
23.45044
23.54379
23.59151
23.67504
23.63292
23.62731
23.62731
23.58520
23.54379
23.45465
23.36270
23.31217
23.31497
23.23145
23.04615
22.90929
22.77523
22.73242
22.59555
22.55063
22.46149
22.37656
22.33094
22.23408
22.23127
22.09722
22.05861
22.01720
21.96667
21.88174
21.83682
21.78839
21.78839
21.82980
21.96667
22.10494
22.19408
22.28462
22.37376
22.50641
22.54923
22.63696
22.72891
22.82296
23.00685
23.09318
23.22724
23.22303
23.35638
23.40692
23.49185
23.59011
23.63152
23.67363
23.71926
23.72347
23.77119
23.81120
23.76418
23.67012
23.63152
23.63292
23.58871
23.54379
23.40131
23.31076
23.18092
23.09458
22.99983
22.81875
22.68328
22.59415
22.50220
22.42148
22.32743
22.32603
22.19408
22.19127
22.10002
22.05861
21.96947
21.92315
21.88034
21.83682
21.88034
21.96526
22.10213
22.19408
22.32884
22.50641
22.63977
22.73242
22.82577
22.95772
23.05177
23.22443
23.35989
23.40271
23.50027
23.59151
23.72347
23.80559
23.85191
23.94245
23.90245
23.99158
23.94947
23.94947
23.94526
23.80839
23.75996
23.76558
23.67784
23.63573
23.49746
23.40411
23.26865
23.17951
23.00825
22.86718
22.73242
22.55063
22.51203
22.37095
22.32884
22.23127
22.14494
22.10353
22.10213
22.19267
22.23829
22.37376
22.50501
22.55063
22.72610
22.77663
22.91350
22.95982
23.05037
23.09037
23.22443
23.27356
23.36270
23.40692
23.40832
23.45184
23.49185
23.53957
23.53817
23.49746
23.45324
23.45184
23.40832
23.36270
23.22443
23.13529
23.05177
22.95772
22.86858
22.82436
22.68750
22.49869
22.41727
22.32884
22.28321
22.18986
22.09581
22.00948
22.05861
22.05861
22.10353
22.24250
22.28181
22.32743
22.45588
22.50501
22.55203
22.68469
22.73522
22.91771
23.00123
23.13108
23.22303
23.27497
23.27497
23.36270
23.44763
23.49185
23.49185
23.49887
23.49746
23.45605
23.40692
23.36130
23.27146
23.18092
23.09178
22.99843
22.90648
22.86016
22.73382
22.64608
22.46149
22.46430
22.41727
22.32884
22.28602
22.23549
22.19267
22.19127
22.14775
