5.00000
50.00000
103.00000
168.00000
239.00000
330.00000
401.00000
479.00000
529.00000
577.00000
639.00000
721.00000
800.00000
884.00000
985.00000
1059.00000
1150.00000
1243.00000
1315.00000
1377.00000
1434.00000
1496.00000
1543.00000
1629.00000
1713.00000
1786.00000
1881.00000
1940.00000
2004.00000
2070.00000
2157.00000
2255.00000
2305.00000
2354.00000
2461.00000
2550.00000
2601.00000
2646.00000
2685.00000
2728.00000
2775.00000
2813.00000
2871.00000
2924.00000
2993.00000
3062.00000
3114.00000
3186.00000
3258.00000
3307.00000
3398.00000
3477.00000
3546.00000
3641.00000
3705.00000
3771.00000
3859.00000
3960.00000
4067.00000
4185.00000
4265.00000
4356.00000
4448.00000
4510.00000
4563.00000
4636.00000
4689.00000
4741.00000
4786.00000
4821.00000
4851.00000
4892.00000
4946.00000
4986.00000
5025.00000
5062.00000
5103.00000
5142.00000
5174.00000
5212.00000
5250.00000
5283.00000
5320.00000
5361.00000
5400.00000
5439.00000
5468.00000
5511.00000
5552.00000
5588.00000
5622.00000
5661.00000
5702.00000
5742.00000
5779.00000
5813.00000
5846.00000
5876.00000
5905.00000
5931.00000
5958.00000
5997.00000
6034.00000
6076.00000
6123.00000
6167.00000
6214.00000
6260.00000
6316.00000
6364.00000
6404.00000
6444.00000
6484.00000
6518.00000
6553.00000
6595.00000
6634.00000
6674.00000
6753.00000
6799.00000
6839.00000
6878.00000
6917.00000
6957.00000
6995.00000
