0.11723
0.29610
0.45559
0.58068
0.66254
0.69938
0.69565
0.65984
0.60179
0.53027
0.45148
0.36882
0.28350
0.19578
0.10606
0.01552
-0.07390
-0.16002
-0.24108
-0.31637
-0.38652
-0.45360
-0.52087
-0.59243
-0.67251
-0.76451
-0.86960
-0.98535
-1.10470
-1.21583
-1.30349
-1.35173
-1.34749
-1.28405
-1.16311
-0.99459
-0.79412
-0.57900
-0.36399
-0.15833
0.03501
0.21790
0.39413
0.56619
0.73298
0.88930
1.02697
1.13738
1.21419
1.25529
1.26350
1.24562
1.21054
1.16700
1.12168
1.07822
1.03721
0.99694
0.95448
0.90679
0.85136
0.78652
0.71126
0.62499
0.52736
0.41814
0.29750
0.16625
0.02619
-0.11977
-0.26773
-0.41323
-0.55201
-0.68096
-0.79885
-0.90668
-1.00729
-1.10404
-1.19894
-1.29082
-1.37413
-1.43918
-1.47395
-1.46714
-1.41153
-1.30651
-1.15877
-0.98095
-0.78858
-0.59640
-0.41518
-0.25012
-0.10099
0.03610
0.16617
0.29301
0.41753
0.53743
0.64797
0.74351
0.81920
0.87240
0.90321
0.91441
0.91053
0.89671
0.87762
0.85674
0.83611
0.81659
0.79825
0.78084
0.76389
0.74670
0.72802
0.70587
0.67749
0.63973
0.58964
0.52526
0.44633
0.35453
0.25328
0.14703
0.04034
-0.06309
-0.16091
-0.25219
-0.33715
-0.41650
-0.49105
-0.56134
-0.62762
-0.68989
-0.74789
-0.80113
-0.84879
-0.88994
-0.92400
-0.95137
-0.97405
-0.99567
-1.02073
-1.05299
-1.09342
-1.13855
-1.17983
-1.20476
-1.19952
-1.15258
-1.05795
-0.91718
-0.73912
-0.53761
-0.32801
-0.12354
0.06708
0.24037
0.39701
0.53989
0.67184
0.79412
0.90587
1.00455
1.08692
1.15023
1.19303
1.21555
1.21965
1.20846
1.18587
1.15600
1.12273
1.08915
1.05720
1.02724
0.99790
0.96633
0.92871
0.88126
0.82127
0.74797
0.66293
0.56983
0.47360
0.37922
0.29053
0.20937
0.13544
0.06669
0.00022
-0.06678
-0.13624
-0.20890
-0.28434
-0.36132
-0.43820
-0.51329
-0.58513
-0.65264
-0.71520
-0.77261
-0.82499
-0.87260
-0.91575
-0.95466
-0.98961
-1.02113
-1.05031
-1.07891
-1.10908
-1.14265
-1.18004
-1.21924
-1.25517
-1.28004
-1.28458
-1.26004
-1.20034
-1.10373
-0.97332
-0.81643
-0.64292
-0.46300
-0.28526
-0.11540
0.04398
0.19270
0.33171
0.46180
0.58265
0.69256
0.78891
0.86899
0.93101
0.97484
1.00227
1.01665
1.02210
1.02245
1.02032
1.01660
1.01043
0.99980
0.98242
0.95665
0.92221
0.88033
0.83348
0.78463
0.73635
0.69002
0.64539
0.60069
0.55318
0.50013
0.43971
0.37177
0.29797
0.22143
0.14570
0.07372
0.00692
-0.05492
-0.11310
-0.16883
-0.22191
-0.26994
-0.30838
-0.33169
-0.33507
-0.31638
-0.27738
-0.22393
-0.16489
-0.11027
-0.06914
-0.04792
-0.04955
-0.07354
-0.11667
-0.17404
-0.24004
-0.30914
-0.37644
-0.43793
-0.49074
-0.53318
-0.56483
-0.58648
-0.59999
-0.60811
-0.61404
-0.62101
-0.63161
-0.64711
-0.66695
-0.68861
-0.70804
-0.72073
-0.72309
-0.71391
-0.69504
-0.67124
-0.64879
-0.63328
-0.62725
-0.62847
-0.62975
-0.62034
-0.58880
-0.52629
-0.42929
-0.30085
-0.14985
0.01132
0.16985
0.31539
0.44172
0.54695
0.63256
0.70174
0.75789
0.80360
0.84046
0.86931
0.89077
0.90558
0.91474
0.91927
0.91992
0.91688
0.90969
0.89746
0.87917
0.85402
0.82179
0.78295
0.73874
0.69096
0.64178
0.59335
0.54738
0.50476
0.46526
0.42755
0.38953
0.34888
0.30390
0.25405
0.20019
0.14437
0.08911
0.03657
-0.01209
-0.05699
-0.09925
-0.14035
-0.18147
-0.22298
-0.26446
-0.30506
-0.34418
-0.38198
-0.41961
-0.45892
-0.50181
-0.54937
-0.60125
-0.65558
-0.70937
-0.75952
-0.80391
-0.84225
-0.87631
-0.90925
-0.94428
-0.98296
-1.02380
-1.06165
-1.08831
-1.09432
-1.07150
-1.01543
-0.92691
-0.81191
-0.67993
-0.54137
-0.40476
-0.27497
-0.15287
-0.03646
0.07717
0.18970
0.30020
0.40494
0.49837
0.57492
0.63083
0.66547
0.68156
0.68438
0.68020
0.67453
0.67081
0.66988
0.67038
0.66977
0.66566
0.65681
0.64361
0.62786
0.61201
0.59816
0.58733
0.57911
0.57192
0.56365
0.55229
0.53659
0.51614
0.49126
0.46262
0.43086
0.39642
0.35943
0.31981
0.27735
0.23172
0.18251
0.12937
0.07218
0.01135
-0.05196
-0.11584
-0.17792
-0.23585
-0.28783
-0.33302
-0.37153
-0.40417
-0.43200
-0.45603
-0.47701
-0.49564
-0.51282
-0.52994
-0.54894
-0.57211
-0.60165
-0.63910
-0.68477
-0.73732
-0.79350
-0.84827
-0.89512
-0.92675
-0.93602
-0.91702
-0.86603
-0.78223
-0.66792
-0.52817
-0.37010
-0.20197
-0.03219
0.13144
0.28237
0.41578
0.52896
0.62146
0.69513
0.75358
0.80143
0.84302
0.88137
0.91727
0.94924
0.97406
0.98795
0.98769
0.97151
0.93944
0.89302
0.83468
0.76692
0.69161
0.60954
0.52054
0.42392
0.31927
0.20724
0.09002
-0.02875
-0.14459
-0.25321
-0.35168
-0.43933
-0.51813
-0.59235
-0.66752
-0.74891
-0.83968
-0.93938
-1.04304
-1.14128
-1.22166
-1.27096
-1.27804
-1.23644
-1.14601
-1.01307
-0.84909
-0.66821
-0.48442
-0.30916
-0.14990
-0.00990
0.11109
0.21543
0.30621
0.38601
0.45626
0.51716
0.56798
0.60780
0.63612
0.65336
0.66100
0.66131
0.65672
0.64917
0.63949
0.62725
0.61099
0.58886
0.55932
0.52174
0.47655
0.42514
0.36940
0.31124
0.25226
0.19358
0.13591
0.07967
0.02519
-0.02714
-0.07675
-0.12293
-0.16476
-0.20125
-0.23135
-0.25412
-0.26886
-0.27534
-0.27400
-0.26623
-0.25440
-0.24182
-0.23228
-0.22930
-0.23516
-0.24980
-0.27011
-0.28974
-0.29992
-0.29120
-0.25573
-0.18962
-0.09446
0.02245
0.14944
0.27297
0.38050
0.46293
0.51581
0.53919
0.53636
0.51218
0.47152
0.41848
0.35625
0.28749
0.21486
0.14126
0.06979
0.00330
-0.05607
-0.10732
-0.15069
-0.18735
-0.21889
-0.24675
-0.27168
-0.29364
-0.31201
-0.32614
-0.33604
-0.34294
-0.34939
-0.35889
-0.37490
-0.39960
-0.43276
-0.47122
-0.50922
-0.53974
-0.55653
-0.55625
-0.53981
-0.51255
-0.48275
-0.45909
-0.44765
-0.44969
-0.46085
-0.47217
-0.47270
-0.45255
-0.40569
-0.33138
-0.23416
-0.12232
-0.00571
0.10659
0.20800
0.29525
0.36825
0.42920
0.48137
0.52801
0.57141
0.61259
0.65129
0.68632
0.71598
0.73858
0.75275
0.75768
0.75322
0.73986
0.71873
0.69152
0.66029
0.62717
0.59400
0.56195
0.53131
0.50154
0.47160
0.44037
0.40713
0.37178
0.33483
0.29712
0.25948
0.22242
0.18595
0.14965
0.11283
0.07485
0.03530
-0.00574
-0.04775
-0.08974
-0.13053
-0.16889
-0.20380
-0.23467
-0.26146
-0.28474
-0.30561
-0.32548
-0.34575
-0.36745
-0.39097
-0.41587
-0.44107
-0.46511
-0.48665
-0.50503
-0.52057
-0.53461
-0.54920
-0.56644
-0.58776
-0.61326
-0.64145
-0.66943
-0.69361
-0.71070
-0.71874
-0.71776
-0.70982
-0.69846
-0.68741
-0.67925
-0.67413
-0.66923
-0.65912
-0.63713
-0.59734
-0.53647
-0.45516
-0.35796
-0.25199
-0.14483
-0.04226
0.05332
0.14318
0.23124
0.32216
0.41926
0.52283
0.62955
0.73315
0.82595
0.90092
0.95354
0.98288
0.99164
0.98509
0.96955
0.95056
0.93163
0.91377
0.89581
0.87535
0.84995
0.81805
0.77938
0.73491
0.68635
0.63550
0.58378
0.53201
0.48051
0.42929
0.37837
0.32788
0.27806
0.22913
0.18119
0.13412
0.08762
0.04124
-0.00549
-0.05296
-0.10138
-0.15069
-0.20039
-0.24948
-0.29648
-0.33955
-0.37683
-0.40693
-0.42935
-0.44478
-0.45516
-0.46332
-0.47253
-0.48585
-0.50557
-0.53284
-0.56753
-0.60835
-0.65312
-0.69915
-0.74371
-0.78450
-0.82004
-0.85004
-0.87544
-0.89805
-0.91972
-0.94126
-0.96144
-0.97645
-0.98021
-0.96564
-0.92640
-0.85879
-0.76301
-0.64337
-0.50730
-0.36357
-0.22018
-0.08267
0.04667
0.16850
0.28529
0.39967
0.51287
0.62370
0.72839
0.82135
0.89657
0.94924
0.97719
0.98158
0.96669
0.93891
0.90519
0.87151
0.84169
0.81696
0.79624
0.77708
0.75668
0.73291
0.70478
0.67246
0.63688
0.59915
0.56010
0.52006
0.47907
0.43718
0.39483
0.35295
0.31265
0.27470
0.23890
0.20384
0.16710
0.12605
0.07886
0.02547
-0.03198
-0.08947
-0.14201
-0.18502
-0.21553
-0.23309
-0.23989
-0.24026
-0.23965
-0.24339
-0.25551
-0.27794
-0.31017
-0.34963
-0.39245
-0.43460
-0.47298
-0.50619
-0.53468
-0.56034
-0.58567
-0.61280
-0.64266
-0.67466
-0.70693
-0.73704
-0.76287
-0.78348
-0.79953
-0.81317
-0.82722
-0.84403
-0.86406
-0.88493
-0.90114
-0.90483
-0.88745
-0.84191
-0.76461
-0.65666
-0.52377
-0.37491
-0.22002
-0.06765
0.07680
0.21155
0.33772
0.45763
0.57299
0.68355
0.78665
0.87789
0.95237
1.00615
1.03737
1.04681
1.03761
1.01457
0.98318
0.94855
0.91468
0.88393
0.85691
0.83265
0.80900
0.78320
0.75250
0.71467
0.66835
0.61332
0.55049
0.48172
0.40950
0.33655
0.26532
0.19761
0.13440
0.07584
0.02147
-0.02947
-0.07760
-0.12317
-0.16590
-0.20501
-0.23950
-0.26849
-0.29155
-0.30892
-0.32155
-0.33087
-0.33839
-0.34533
-0.35230
-0.35920
-0.36536
-0.36990
-0.37209
-0.37169
-0.36908
-0.36510
-0.36077
-0.35690
-0.35378
-0.35118
-0.34847
-0.34497
-0.34023
-0.33427
-0.32751
-0.32062
-0.31429
-0.30894
-0.30467
-0.30132
-0.29853
-0.29599
-0.29344
-0.29078
-0.28803
-0.28530
-0.28281
-0.28097
-0.28040
-0.28189
-0.28623
-0.29401
-0.30526
-0.31931
-0.33478
-0.34987
-0.36287
-0.37274
-0.37953
-0.38434
-0.38884
-0.39436
-0.40072
-0.40544
-0.40343
-0.38768
-0.35062
-0.28597
-0.19043
-0.06470
0.08644
0.25509
0.43183
0.60743
0.77418
0.92658
1.06131
1.17674
1.27223
1.34757
1.40267
1.43743
1.45185
1.44606
1.42040
1.37533
1.31145
1.22953
1.13077
1.01716
0.89185
0.75925
0.62474
0.49400
0.37208
0.26251
0.16685
0.08461
0.01378
-0.04838
-0.10453
-0.15666
-0.20585
-0.25251
-0.29670
-0.33851
-0.37830
-0.41665
-0.45413
-0.49107
-0.52740
-0.56270
-0.59639
-0.62796
-0.65726
-0.68456
-0.71046
-0.73578
-0.76127
-0.78742
-0.81439
-0.84189
-0.86927
-0.89561
-0.91991
-0.94143
-0.96018
-0.97732
-0.99530
-1.01758
-1.04757
-1.08710
-1.13474
-1.18462
-1.22628
-1.24613
-1.23021
-1.16774
-1.05426
-0.89341
-0.69654
-0.48013
-0.26180
-0.05616
0.12825
0.28996
0.43337
0.56602
0.69525
0.82536
0.95606
1.08255
1.19700
1.29084
1.35718
1.39267
1.39819
1.37840
1.34038
1.29177
1.23912
1.18680
1.13670
1.08869
1.04141
0.99321
0.94277
0.88932
0.83255
0.77234
0.70856
0.64104
0.56972
0.49487
0.41723
0.33804
0.25879
0.18104
0.10618
0.03544
-0.02990
-0.08825
-0.13742
-0.17476
-0.19771
-0.20462
-0.19569
-0.17356
-0.14328
-0.11154
-0.08539
-0.07082
-0.07171
-0.08933
-0.12253
-0.16837
-0.22306
-0.28267
-0.34371
-0.40341
-0.45966
-0.51095
-0.55618
-0.59464
-0.62608
-0.65089
-0.67021
-0.68590
-0.70023
-0.71530
-0.73241
-0.75142
-0.77057
-0.78677
-0.79646
-0.79685
-0.78734
-0.77039
-0.75168
-0.73920
-0.74122
-0.76366
-0.80756
-0.86748
-0.93151
-0.98333
-1.00570
-0.98473
-0.91341
-0.79343
-0.63475
-0.45291
-0.26516
-0.08648
0.07337
0.21101
0.32876
0.43264
0.52976
0.62590
0.72386
0.82284
0.91876
1.00541
1.07608
1.12530
1.15026
1.15162
1.13351
1.10260
1.06662
1.03264
1.00562
0.98754
0.97729
0.97136
0.96491
0.95309
0.93212
0.90017
0.85754
0.80646
0.75040
0.69301
0.63712
0.58390
0.53254
0.48051
0.42434
0.36075
0.28767
0.20496
0.11467
0.02056
-0.07260
-0.16012
-0.23821
-0.30466
-0.35909
-0.40276
-0.43810
-0.46803
-0.49525
-0.52166
-0.54810
-0.57430
-0.59927
-0.62162
-0.64005
-0.65364
-0.66196
-0.66501
-0.66315
-0.65688
-0.64676
-0.63343
-0.61757
-0.59996
-0.58147
-0.56299
-0.54537
-0.52930
-0.51526
-0.50346
-0.49389
-0.48627
-0.48014
-0.47484
-0.46970
-0.46419
-0.45827
-0.45262
-0.44877
-0.44889
-0.45517
-0.46898
-0.48999
-0.51554
-0.54069
-0.55884
-0.56300
-0.54724
-0.50792
-0.44433
-0.35861
-0.25496
-0.13855
-0.01439
0.11353
0.24256
0.37127
0.49886
0.62453
0.74674
0.86289
0.96931
1.06173
1.13613
1.18953
1.22083
1.23109
1.22341
1.20230
1.17259
1.13848
1.10260
1.06574
1.02705
0.98470
0.93676
0.88201
0.82029
0.75245
0.67990
0.60408
0.52594
0.44584
0.36376
0.27970
0.19411
0.10807
0.02320
-0.05872
-0.13615
-0.20807
-0.27401
-0.33395
-0.38806
-0.43655
-0.47967
-0.51783
-0.55177
-0.58256
-0.61152
-0.63992
-0.66860
-0.69783
-0.72717
-0.75577
-0.78276
-0.80761
-0.83051
-0.85240
-0.87473
-0.89901
-0.92624
-0.95629
-0.98759
-1.01699
-1.04004
-1.05164
-1.04688
-1.02189
-0.97455
-0.90472
-0.81402
-0.70528
-0.58178
-0.44672
-0.30289
-0.15284
0.00096
0.15581
0.30879
0.45676
0.59658
0.72521
0.83976
0.93743
1.01560
1.07210
1.10569
1.11660
1.10695
1.08077
1.04349
1.00100
0.95854
0.91969
0.88580
0.85590
0.82726
0.79617
0.75895
0.71276
0.65613
0.58905
0.51278
0.42946
0.34164
0.25196
0.16284
0.07635
-0.00582
-0.08244
-0.15280
-0.21678
-0.27496
-0.32852
-0.37906
-0.42815
-0.47690
-0.52549
-0.57308
-0.61813
-0.65908
-0.69519
-0.72726
-0.75782
-0.79071
-0.82989
-0.87788
-0.93412
-0.99399
-1.04864
-1.08617
-1.09389
-1.06109
-0.98183
-0.85657
-0.69240
-0.50140
-0.29784
-0.09492
0.09789
0.27604
0.43937
0.59027
0.73118
0.86252
0.98168
1.08341
1.16143
1.21056
1.22871
1.21788
1.18387
1.13486
1.07915
1.02298
0.96903
0.91611
0.86003
0.79535
0.71740
0.62386
0.51553
0.39609
0.27106
0.14626
0.02647
-0.08553
-0.18925
-0.28608
-0.37847
-0.46890
-0.55899
-0.64888
-0.73719
-0.82144
-0.89890
-0.96762
-1.02740
-1.08021
-1.12989
-1.18095
-1.23678
-1.29764
-1.35914
-1.41185
-1.44253
-1.43668
-1.38219
-1.27267
-1.10973
-0.90313
-0.66876
-0.42510
-0.18909
0.02707
0.21746
0.38199
0.52449
0.65006
0.76285
0.86466
0.95484
1.03109
1.09074
1.13208
1.15522
1.16222
1.15668
1.14288
1.12486
1.10564
1.08685
1.06853
1.04930
1.02668
0.99749
0.95840
0.90645
0.83956
0.75688
0.65899
0.54784
0.42658
0.29918
0.17005
0.04359
-0.07618
-0.18600
-0.28356
-0.36756
-0.43761
-0.49399
-0.53755
-0.56955
-0.59173
-0.60634
-0.61617
-0.62449
-0.63486
-0.65087
-0.67581
-0.71220
-0.76122
-0.82207
-0.89124
-0.96217
-1.02540
-1.06957
-1.08325
-1.05726
-0.98701
-0.87396
-0.72576
-0.55490
-0.37612
-0.20339
-0.04715
0.08738
0.20053
0.29709
0.38426
0.46907
0.55600
0.64542
0.73322
0.81177
0.87188
0.90534
0.90730
0.87780
0.82200
0.74894
0.66915
0.59184
0.52246
0.46155
0.40508
0.34629
0.27825
0.19642
0.10025
-0.00654
-0.11711
-0.22355
-0.31915
-0.40018
-0.46670
-0.52214
-0.57189
-0.62128
-0.67372
-0.72928
-0.78431
-0.83207
-0.86424
-0.87285
-0.85214
-0.79980
-0.71745
-0.61003
-0.48463
-0.34895
-0.20992
-0.07280
0.05911
0.18419
0.30182
0.41162
0.51291
0.60453
0.68491
0.75247
0.80596
0.84458
0.86787
0.87553
0.86718
0.84240
0.80108
0.74396
0.67314
0.59221
0.50594
0.41947
0.33735
0.26273
0.19704
0.14012
0.09074
0.04722
0.00787
-0.02887
-0.06452
-0.10062
-0.13870
-0.17982
-0.22388
-0.26885
-0.31043
-0.34238
-0.35772
-0.35054
-0.31789
-0.26108
-0.18589
-0.10162
-0.01907
0.05170
0.10341
0.13277
0.14058
0.13091
0.10963
0.08276
0.05501
0.02891
0.00463
-0.01953
-0.04615
-0.07755
-0.11491
-0.15784
-0.20458
-0.25263
-0.29969
-0.34439
-0.38656
-0.42696
-0.46663
-0.50606
-0.54476
-0.58135
-0.61431
-0.64308
-0.66892
-0.69508
-0.72587
-0.76488
-0.81273
-0.86538
-0.91367
-0.94469
-0.94465
-0.90255
-0.81342
-0.68010
-0.51277
-0.32651
-0.13750
0.04077
0.20017
0.33882
0.45999
0.56978
0.67418
0.77677
0.87741
0.97241
1.05574
1.12099
1.16329
1.18065
1.17438
1.14856
1.10879
1.06074
1.00893
0.95615
0.90340
0.85051
0.79680
0.74179
0.68545
0.62824
0.57084
0.51382
0.45748
0.40173
0.34628
0.29075
0.23486
0.17851
0.12180
0.06504
0.00871
-0.04658
-0.10012
-0.15120
-0.19919
-0.24362
-0.28416
-0.32064
-0.35301
-0.38130
-0.40572
-0.42678
-0.44538
-0.46291
-0.48112
-0.50175
-0.52610
-0.55445
-0.58582
-0.61801
-0.64810
-0.67325
-0.69156
-0.70270
-0.70812
-0.71054
-0.71314
-0.71848
-0.72769
-0.74029
-0.75459
-0.76872
-0.78170
-0.79421
-0.80849
-0.82741
-0.85285
-0.88395
-0.91593
-0.94003
-0.94482
-0.91857
-0.85205
-0.74094
-0.58706
-0.39807
-0.18585
0.03593
0.25439
0.45944
0.64479
0.80811
0.95032
1.07441
1.18404
1.28234
1.37089
1.44928
1.51517
1.56495
1.59475
1.60151
1.58392
1.54286
1.48134
1.40403
1.31632
1.22337
1.12920
1.03600
0.94390
0.85123
0.75530
0.65343
0.54411
0.42779
0.30716
0.18669
0.07162
-0.03341
-0.12553
-0.20432
-0.27171
-0.33124
-0.38698
-0.44234
-0.49924
-0.55772
-0.61615
-0.67180
-0.72176
-0.76381
-0.79717
-0.82278
-0.84310
-0.86155
-0.88157
-0.90567
-0.93470
-0.96755
-1.00134
-1.03221
-1.05641
-1.07147
-1.07721
-1.07605
-1.07268
-1.07278
-1.08120
-1.09991
-1.12632
-1.15278
-1.16736
-1.15630
-1.10726
-1.01275
-0.87249
-0.69387
-0.49026
-0.27766
-0.07081
0.12013
0.29107
0.44365
0.58318
0.71588
0.84619
0.97521
1.10032
1.21612
1.31603
1.39416
1.44676
1.47304
1.47522
1.45789
1.42689
1.38807
1.34603
1.30323
1.25956
1.21243
1.15740
1.08925
1.00325
0.89645
0.76867
0.62310
0.46609
0.30633
0.15335
0.01590
-0.09964
-0.19029
-0.25664
-0.30231
-0.33273
-0.35365
-0.36980
-0.38409
-0.39743
-0.40925
-0.41835
-0.42377
-0.42539
-0.42412
-0.42164
-0.41990
-0.42049
-0.42415
-0.43055
-0.43832
-0.44545
-0.44978
-0.44954
-0.44382
-0.43276
-0.41753
-0.40000
-0.38231
-0.36635
-0.35342
-0.34399
-0.33771
-0.33361
-0.33038
-0.32679
-0.32202
-0.31593
-0.30914
-0.30295
-0.29896
-0.29870
-0.30310
-0.31218
-0.32489
-0.33927
-0.35290
-0.36346
-0.36942
-0.37057
-0.36827
-0.36521
-0.36464
-0.36931
-0.38019
-0.39559
-0.41097
-0.41949
-0.41345
-0.38604
-0.33295
-0.25339
-0.15020
-0.02914
0.10248
0.23734
0.36948
0.49517
0.61322
0.72463
0.83157
0.93609
1.03873
1.13767
1.22865
1.30585
1.36341
1.39719
1.40596
1.39165
1.35862
1.31201
1.25582
1.19144
1.11713
1.02865
0.92087
0.78984
0.63466
0.45841
0.26808
0.07332
-0.11544
-0.28896
-0.44080
-0.56806
-0.67130
-0.75362
-0.81954
-0.87366
-0.91980
-0.96046
-0.99668
-1.02835
-1.05465
-1.07469
-1.08819
-1.09600
-1.10027
-1.10407
-1.11045
-1.12106
-1.13486
-1.14741
-1.15112
-1.13666
-1.09512
-1.02041
-0.91095
-0.77039
-0.60689
-0.43131
-0.25488
-0.08688
0.06714
0.20599
0.33249
0.45181
0.56935
0.68840
0.80860
0.92562
1.03227
1.12078
1.18542
1.22471
1.24228
1.24602
1.24573
1.24987
1.26251
1.28137
1.29770
1.29799
1.26729
1.19296
1.06820
0.89411
0.67996
0.44148
0.19764
-0.03312
-0.23633
-0.40370
-0.53346
-0.62933
-0.69825
-0.74803
-0.78533
-0.81463
-0.83811
-0.85624
-0.86872
-0.87535
-0.87657
-0.87359
-0.86811
-0.86176
-0.85568
-0.85009
-0.84433
-0.83706
-0.82664
-0.81150
-0.79036
-0.76226
-0.72644
-0.68221
-0.62894
-0.56609
-0.49352
-0.41164
-0.32160
-0.22531
-0.12534
-0.02458
0.07426
0.16922
0.25955
0.34600
0.43052
0.51565
0.60358
0.69512
0.78912
0.88229
0.96979
1.04612
1.10631
1.14694
1.16685
1.16726
1.15132
1.12320
1.08702
1.04571
1.00042
0.95034
0.89321
0.82634
0.74775
0.65713
0.55631
0.44906
0.34031
0.23493
0.13665
0.04721
-0.03374
-0.10834
-0.17969
-0.25083
-0.32401
-0.40003
-0.47808
-0.55587
-0.63006
-0.69691
-0.75302
-0.79607
-0.82531
-0.84182
-0.84828
-0.84843
-0.84630
-0.84528
-0.84756
-0.85383
-0.86362
-0.87599
-0.89021
-0.90619
-0.92422
-0.94410
-0.96406
-0.97998
-0.98557
-0.97343
-0.93710
-0.87307
-0.78210
-0.66924
-0.54249
-0.41044
-0.28004
-0.15494
-0.03524
0.08166
0.19934
0.32049
0.44546
0.57155
0.69327
0.80343
0.89472
0.96151
1.00129
1.01549
1.00925
0.99033
0.96730
0.94756
0.93564
0.93241
0.93518
0.93876
0.93713
0.92510
0.89968
0.86077
0.81093
0.75452
0.69640
0.64059
0.58936
0.54295
0.49998
0.45835
0.41622
0.37280
0.32852
0.28472
0.24280
0.20350
0.16634
0.12963
0.09105
0.04836
0.00017
-0.05369
-0.11214
-0.17322
-0.23469
-0.29449
-0.35118
-0.40402
-0.45289
-0.49800
-0.53955
-0.57756
-0.61170
-0.64147
-0.66644
-0.68658
-0.70256
-0.71594
-0.72898
-0.74428
-0.76414
-0.78987
-0.82133
-0.85676
-0.89325
-0.92750
-0.95692
-0.98043
-0.99883
-1.01438
-1.02961
-1.04589
-1.06202
-1.07358
-1.07323
-1.05213
-1.00200
-0.91731
-0.79688
-0.64445
-0.46799
-0.27802
-0.08533
0.10119
0.27612
0.43784
0.58773
0.72851
0.86226
0.98901
1.10631
1.20988
1.29515
1.35881
1.40003
1.42062
1.42431
1.41533
1.39690
1.37012
1.33374
1.28477
1.21978
1.13640
1.03448
0.91666
0.78816
0.65583
0.52686
0.40735
0.30127
0.20997
0.13238
0.06574
0.00664
-0.04801
-0.10021
-0.15056
-0.19829
-0.24161
-0.27832
-0.30639
-0.32452
-0.33254
-0.33147
-0.32336
-0.31082
-0.29654
-0.28272
-0.27080
-0.26131
-0.25404
-0.24826
-0.24309
-0.23775
-0.23169
-0.22475
-0.21720
-0.20969
-0.20323
-0.19897
-0.19799
-0.20100
-0.20816
-0.21892
-0.23218
-0.24658
-0.26088
-0.27437
-0.28703
-0.29953
-0.31291
-0.32829
-0.34633
-0.36709
-0.38984
-0.41336
-0.43624
-0.45745
-0.47681
-0.49542
-0.51571
-0.54114
-0.57520
-0.62004
-0.67493
-0.73502
-0.79115
-0.83089
-0.84100
-0.81061
-0.73437
-0.61452
-0.46118
-0.29056
-0.12164
0.02792
0.14545
0.22563
0.27101
0.29063
0.29736
0.30457
0.32317
0.35959
0.41505
0.48617
0.56647
0.64820
0.72404
0.78840
0.83807
0.87226
0.89226
0.90068
0.90061
0.89470
0.88459
0.87053
0.85157
0.82597
0.79195
0.74837
0.69530
0.63416
0.56756
0.49872
0.43079
0.36619
0.30626
0.25119
0.20026
0.15221
0.10557
0.05892
0.01101
-0.03916
-0.09216
-0.14784
-0.20512
-0.26178
-0.31464
-0.35999
-0.39445
-0.41583
-0.42397
-0.42117
-0.41197
-0.40229
-0.39787
-0.40250
-0.41643
-0.43548
-0.45143
-0.45365
-0.43168
-0.37830
-0.29188
-0.17765
-0.04703
0.08453
0.20084
0.28832
0.33857
0.34944
0.32469
0.27228
0.20219
0.12417
0.04616
-0.02655
-0.09140
-0.14809
-0.19782
-0.24253
-0.28423
-0.32451
-0.36419
-0.40320
-0.44053
-0.47458
-0.50374
-0.52719
-0.54583
-0.56286
-0.58361
-0.61460
-0.66151
-0.72684
-0.80781
-0.89546
-0.97553
-1.03113
-1.04667
-1.01175
-0.92394
-0.78933
-0.62092
-0.43521
-0.24834
-0.07278
0.08443
0.22173
0.34164
0.44863
0.54700
0.63932
0.72579
0.80447
0.87209
0.92520
0.96128
0.97953
0.98121
0.96938
0.94827
0.92225
0.89496
0.86863
0.84386
0.81988
0.79511
0.76790
0.73716
0.70270
0.66537
0.62679
0.58889
0.55334
0.52092
0.49103
0.46153
0.42884
0.38862
0.33666
0.27006
0.18818
0.09319
-0.01001
-0.11455
-0.21288
-0.29820
-0.36574
-0.41349
-0.44238
-0.45569
-0.45807
-0.45431
-0.44821
-0.44194
-0.43585
-0.42889
-0.41934
-0.40564
-0.38701
-0.36370
-0.33689
-0.30829
-0.27966
-0.25243
-0.22747
-0.20504
-0.18497
-0.16681
-0.15011
-0.13460
-0.12033
-0.10772
-0.09741
-0.09010
-0.08627
-0.08604
-0.08911
-0.09489
-0.10272
-0.11213
-0.12293
-0.13525
-0.14937
-0.16555
-0.18384
-0.20407
-0.22598
-0.24940
-0.27439
-0.30126
-0.33048
-0.36249
-0.39751
-0.43553
-0.47634
-0.51963
-0.56496
-0.61158
-0.65812
-0.70212
-0.73982
-0.76631
-0.77603
-0.76375
-0.72562
-0.66004
-0.56812
-0.45348
-0.32148
-0.17819
-0.02939
0.12014
0.26677
0.40777
0.54088
0.66400
0.77503
0.87213
0.95400
1.02026
1.07153
1.10930
1.13546
1.15178
1.15941
1.15855
1.14850
1.12793
1.09547
1.05028
0.99263
0.92422
0.84807
0.76815
0.68862
0.61306
0.54373
0.48119
0.42428
0.37050
0.31667
0.25973
0.19738
0.12864
0.05398
-0.02481
-0.10495
-0.18323
-0.25651
-0.32224
-0.37874
-0.42531
-0.46217
-0.49022
-0.51067
-0.52480
-0.53363
-0.53783
-0.53763
-0.53305
-0.52407
-0.51093
-0.49432
-0.47538
-0.45559
-0.43650
-0.41955
-0.40578
-0.39585
-0.38997
-0.38796
-0.38933
-0.39329
-0.39884
-0.40486
-0.41036
-0.41466
-0.41769
-0.42009
-0.42326
-0.42924
-0.44042
-0.45905
-0.48666
-0.52345
-0.56786
-0.61640
-0.66404
-0.70485
-0.73293
-0.74335
-0.73274
-0.69944
-0.64330
-0.56519
-0.46665
-0.34984
-0.21772
-0.07434
0.07516
0.22499
0.36968
0.50517
0.62966
0.74375
0.84988
0.95088
1.04852
1.14217
1.22849
1.30208
1.35702
1.38875
1.39549
1.37876
1.34276
1.29274
1.23311
1.16588
1.09020
1.00298
0.90046
0.78001
0.64135
0.48687
0.32098
0.14885
-0.02462
-0.19533
-0.35979
-0.51444
-0.65510
-0.77708
-0.87590
-0.94870
-0.99550
-1.01992
-1.02883
-1.03086
-1.03420
-1.04417
-1.06140
-1.08111
-1.09393
-1.08807
-1.05232
-0.97910
-0.86650
-0.71886
-0.54556
-0.35856
-0.16957
0.01231
0.18179
0.33716
0.47925
0.60983
0.73028
0.84081
0.94036
1.02692
1.09804
1.15115
1.18369
1.19295
1.17599
1.12985
1.05205
0.94158
0.79971
0.63067
0.44158
0.24170
0.04115
-0.15057
-0.32585
-0.47953
-0.60897
-0.71351
-0.79392
-0.85196
-0.89045
-0.91334
-0.92586
-0.93416
-0.94440
-0.96136
-0.98699
-1.01932
-1.05225
-1.07642
-1.08098
-1.05582
-0.99365
-0.89137
-0.75039
-0.57605
-0.37635
-0.16045
0.06260
0.28477
0.49946
0.70143
0.88649
1.05100
1.19148
1.30434
1.38587
1.43243
1.44078
1.40852
1.33465
1.22002
1.06795
0.88452
0.67862
0.46143
0.24523
0.04167
-0.14012
-0.29502
-0.42252
-0.52611
-0.61163
-0.68499
-0.75021
-0.80825
-0.85707
-0.89263
-0.91055
-0.90739
-0.88150
-0.83297
-0.76306
-0.67349
-0.56591
-0.44179
-0.30260
-0.15016
0.01299
0.18338
0.35648
0.52660
0.68685
0.82940
0.94595
1.02882
1.07235
1.07425
1.03649
0.96516
0.86930
0.75891
0.64273
0.52647
0.41215
0.29864
0.18318
0.06327
-0.06175
-0.18994
-0.31696
-0.43713
-0.54484
-0.63586
-0.70816
-0.76204
-0.79981
-0.82497
-0.84144
-0.85269
-0.86108
-0.86735
-0.87023
-0.86638
-0.85058
-0.81639
-0.75724
-0.66777
-0.54517
-0.39007
-0.20685
-0.00309
0.21154
0.42674
0.63287
0.82173
0.98679
1.12293
1.22597
1.29251
1.31998
1.30726
1.25528
1.16755
1.04995
0.91003
0.75562
0.59351
0.42862
0.26387
0.10105
-0.05806
-0.21061
-0.35233
-0.47805
-0.58307
-0.66475
-0.72387
-0.76511
-0.79643
-0.82740
-0.86667
-0.91945
-0.98548
-1.05831
-1.12611
-1.17409
-1.18778
-1.15629
-1.07463
-0.94450
-0.77335
-0.57237
-0.35416
-0.13065
0.08809
0.29453
0.48381
0.65384
0.80520
0.94068
1.06427
1.17946
1.28725
1.38443
1.46272
1.50950
1.51011
1.45122
1.32469
1.13050
0.87811
0.58563
0.27690
-0.02268
-0.29055
-0.51074
-0.67604
-0.78842
-0.85775
-0.89930
-0.93028
-0.96621
-1.01757
-1.08733
-1.16990
-1.25192
-1.31488
-1.33920
-1.30884
-1.21526
-1.05957
-0.85226
-0.61056
-0.35419
-0.10085
0.13716
0.35437
0.55103
0.73041
0.89525
1.04503
1.17490
1.27688
1.34251
1.36619
1.34758
1.29234
1.21090
1.11575
1.01824
0.92601
0.84168
0.76321
0.68550
0.60278
0.51088
0.40875
0.29883
0.18629
0.07746
-0.02199
-0.10852
-0.18147
-0.24290
-0.29676
-0.34766
-0.39962
-0.45526
-0.51535
-0.57887
-0.64341
-0.70567
-0.76218
-0.80989
-0.84692
-0.87314
-0.89061
-0.90355
-0.91769
-0.93882
-0.97088
-1.01394
-1.06294
-1.10768
-1.13450
-1.12931
-1.08116
-0.98532
-0.84461
-0.66878
-0.47190
-0.26874
-0.07148
0.11233
0.27987
0.43156
0.56878
0.69188
0.79920
0.88749
0.95322
0.99422
1.01071
1.00556
0.98348
0.94980
0.90918
0.86486
0.81852
0.77074
0.72160
0.67128
0.62022
0.56903
0.51810
0.46732
0.41593
0.36266
0.30621
0.24572
0.18109
0.11312
0.04322
-0.02701
-0.09627
-0.16382
-0.22943
-0.29318
-0.35506
-0.41479
-0.47180
-0.52556
-0.57593
-0.62334
-0.66862
-0.71235
-0.75393
-0.79070
-0.81757
-0.82745
-0.81269
-0.76692
-0.68695
-0.57383
-0.43274
-0.27172
-0.09979
0.07485
0.24577
0.40819
0.55803
0.69070
0.80049
0.88084
0.92574
0.93162
0.89900
0.83324
0.74401
0.64355
0.54429
0.45633
0.38571
0.33371
0.29730
0.27058
0.24655
0.21889
0.18306
0.13691
0.08053
0.01586
-0.05402
-0.12542
-0.19458
-0.25808
-0.31318
-0.35803
-0.39187
-0.41489
-0.42812
-0.43307
-0.43139
-0.42460
-0.41399
-0.40060
-0.38534
-0.36916
-0.35306
-0.33821
-0.32583
-0.31706
-0.31280
-0.31355
-0.31925
-0.32934
-0.34281
-0.35849
-0.37542
-0.39316
-0.41199
-0.43275
-0.45626
-0.48258
-0.51015
-0.53538
-0.55267
-0.55533
-0.53687
-0.49263
-0.42096
-0.32372
-0.20580
-0.07402
0.06440
0.20300
0.33669
0.46166
0.57493
0.67377
0.75562
0.81826
0.86042
0.88233
0.88593
0.87468
0.85290
0.82487
0.79404
0.76256
0.73112
0.69933
0.66616
0.63059
0.59199
0.55041
0.50653
0.46160
0.41710
0.37452
0.33494
0.29868
0.26505
0.23228
0.19779
0.15876
0.11296
0.05946
-0.00086
-0.06540
-0.13051
-0.19248
-0.24867
-0.29826
-0.34240
-0.38358
-0.42463
-0.46747
-0.51225
-0.55716
-0.59887
-0.63355
-0.65802
-0.67060
-0.67153
-0.66276
-0.64743
-0.62914
-0.61142
-0.59721
-0.58858
-0.58643
-0.59022
-0.59776
-0.60515
-0.60712
-0.59765
-0.57097
-0.52267
-0.45069
-0.35584
-0.24167
-0.11388
0.02083
0.15582
0.28534
0.40489
0.51112
0.60154
0.67431
0.72823
0.76307
0.77999
0.78167
0.77209
0.75584
0.73708
0.71852
0.70079
0.68234
0.65982
0.62894
0.58527
0.52517
0.44640
0.34866
0.23383
0.10605
-0.02859
-0.16273
-0.28878
-0.40006
-0.49202
-0.56295
-0.61431
-0.65029
-0.67698
-0.70095
-0.72787
-0.76108
-0.80071
-0.84327
-0.88210
-0.90844
-0.91310
-0.88837
-0.82961
-0.73631
-0.61205
-0.46369
-0.29972
-0.12861
0.04251
0.20838
0.36535
0.51062
0.64153
0.75518
0.84885
0.92075
0.97098
1.00202
1.01844
1.02579
1.02894
1.03040
1.02925
1.02110
0.99917
0.95612
0.88629
0.78759
0.66251
0.51815
0.36499
0.21494
0.07899
-0.03480
-0.12254
-0.18466
-0.22509
-0.24978
-0.26507
-0.27636
-0.28741
-0.30015
-0.31502
-0.33147
-0.34842
-0.36461
-0.37886
-0.39013
-0.39776
-0.40155
-0.40199
-0.40022
-0.39792
-0.39698
-0.39906
-0.40525
-0.41586
-0.43045
-0.44816
-0.46812
-0.48992
-0.51394
-0.54149
-0.57458
-0.61536
-0.66536
-0.72451
-0.79037
-0.85763
-0.91835
-0.96283
-0.98120
-0.96530
-0.91045
-0.81649
-0.68795
-0.53298
-0.36161
-0.18365
-0.00710
0.16269
0.32285
0.47205
0.60948
0.73406
0.84432
0.93885
1.01703
1.07956
1.12843
1.16623
1.19502
1.21528
1.22533
1.22166
1.19997
1.15670
1.09028
1.00188
0.89515
0.77540
0.64830
0.51895
0.39134
0.26854
0.15310
0.04753
-0.04564
-0.12423
-0.18699
-0.23412
-0.26737
-0.28972
-0.30454
-0.31482
-0.32243
-0.32791
-0.33068
-0.32957
-0.32352
-0.31212
-0.29587
-0.27617
-0.25507
-0.23483
-0.21750
-0.20460
-0.19700
-0.19486
-0.19785
-0.20527
-0.21622
-0.22964
-0.24433
-0.25899
-0.27231
-0.28327
-0.29146
-0.29756
-0.30352
-0.31252
-0.32848
-0.35523
-0.39541
-0.44935
-0.51428
-0.58396
-0.64917
-0.69885
-0.72212
-0.71037
-0.65918
-0.56938
-0.44685
-0.30118
-0.14358
0.01535
0.16731
0.30695
0.43156
0.54004
0.63180
0.70594
0.76124
0.79674
0.81259
0.81066
0.79457
0.76909
0.73895
0.70783
0.67754
0.64797
0.61753
0.58392
0.54478
0.49811
0.44221
0.37553
0.29657
0.20417
0.09811
-0.02025
-0.14741
-0.27786
-0.40478
-0.52134
-0.62210
-0.70425
-0.76808
-0.81657
-0.85407
-0.88439
-0.90900
-0.92597
-0.93011
-0.91435
-0.87191
-0.79865
-0.69463
-0.56447
-0.41645
-0.26064
-0.10684
0.03703
0.16570
0.27639
0.36818
0.44122
0.49633
0.53492
0.55920
0.57219
0.57743
0.57818
0.57656
0.57285
0.56555
0.55204
0.52987
0.49808
0.45794
0.41289
0.36760
0.32655
0.29262
0.26629
0.24571
0.22755
0.20835
0.18582
0.15973
0.13205
0.10634
0.08662
0.07611
0.07618
0.08589
0.10222
0.12071
0.13650
0.14524
0.14386
0.13101
0.10706
0.07393
0.03457
-0.00765
-0.04955
-0.08869
-0.12368
-0.15429
-0.18129
-0.20604
-0.23015
-0.25496
-0.28124
-0.30899
-0.33741
-0.36511
-0.39046
-0.41190
-0.42839
-0.43962
-0.44618
-0.44952
-0.45178
-0.45538
-0.46246
-0.47411
-0.48979
-0.50701
-0.52162
-0.52881
-0.52467
-0.50780
-0.48038
-0.44819
-0.41919
-0.40104
-0.39833
-0.41038
-0.43070
-0.44838
-0.45098
-0.42815
-0.37457
-0.29137
-0.18546
-0.06731
0.05208
0.16391
0.26310
0.34854
0.42206
0.48687
0.54603
0.60141
0.65338
0.70106
0.74297
0.77776
0.80461
0.82353
0.83511
0.84027
0.83986
0.83435
0.82373
0.80767
0.78577
0.75787
0.72435
0.68617
0.64478
0.60177
0.55849
0.51571
0.47340
0.43080
0.38675
0.34005
0.28997
0.23644
0.18008
0.12197
0.06327
0.00492
-0.05255
-0.10899
-0.16442
-0.21883
-0.27197
-0.32329
-0.37193
-0.41681
-0.45672
-0.49062
-0.51782
-0.53832
-0.55303
-0.56381
-0.57324
-0.58422
-0.59938
-0.62048
-0.64804
-0.68108
-0.71729
-0.75347
-0.78610
-0.81215
-0.82981
-0.83899
-0.84148
-0.84052
-0.83988
-0.84249
-0.84916
-0.85765
-0.86273
-0.85707
-0.83308
-0.78488
-0.71002
-0.61022
-0.49086
-0.35947
-0.22367
-0.08924
0.04099
0.16709
0.29094
0.41464
0.53886
0.66189
0.77965
0.88673
0.97789
1.04964
1.10119
1.13447
1.15331
1.16202
1.16404
1.16118
1.15354
1.14015
1.11994
1.09260
1.05900
1.02093
0.98047
0.93913
0.89721
0.85364
0.80631
0.75276
0.69098
0.61999
0.54016
0.45295
0.36052
0.26518
0.16897
0.07352
-0.01992
-0.11032
-0.19677
-0.27844
-0.35472
-0.42532
-0.49041
-0.55054
-0.60653
-0.65912
-0.70868
-0.75509
-0.79770
-0.83564
-0.86819
-0.89516
-0.91713
-0.93560
-0.95288
-0.97180
-0.99525
-1.02544
-1.06309
-1.10667
-1.15191
-1.19202
-1.21854
-1.22292
-1.19847
-1.14198
-1.05466
-0.94175
-0.81117
-0.67132
-0.52895
-0.38784
-0.24861
-0.10980
0.03022
0.17132
0.31040
0.44143
0.55677
0.64935
0.71486
0.75321
0.76870
0.76885
0.76235
0.75687
0.75742
0.76568
0.78046
0.79885
0.81763
0.83427
0.84741
0.85665
0.86203
0.86340
0.86023
0.85157
0.83643
0.81422
0.78502
0.74974
0.70987
0.66724
0.62359
0.58038
0.53860
0.49875
0.46085
0.42449
0.38884
0.35283
0.31525
0.27503
0.23154
0.18483
0.13576
0.08587
0.03700
-0.00920
-0.05176
-0.09070
-0.12699
-0.16234
-0.19868
-0.23773
-0.28057
-0.32750
-0.37801
-0.43102
-0.48511
-0.53882
-0.59086
-0.64028
-0.68653
-0.72946
-0.76919
-0.80595
-0.83991
-0.87110
-0.89959
-0.92571
-0.95040
-0.97540
-1.00297
-1.03520
-1.07292
-1.11459
-1.15573
-1.18912
-1.20614
-1.19866
-1.16114
-1.09208
-0.99424
-0.87376
-0.73847
-0.59609
-0.45316
-0.31468
-0.18464
-0.06649
0.03696
0.12442
0.19780
0.26359
0.33315
0.42100
0.54127
0.70307
0.90638
1.14029
1.38466
1.61514
1.80990
1.95563
2.05027
2.10138
2.12072
2.11737
2.09246
2.03774
1.93875
1.78131
1.55858
1.27607
0.95251
0.61618
0.29822
0.02502
-0.18770
-0.33738
-0.43323
-0.49172
-0.53077
-0.56457
-0.60052
-0.63899
-0.67548
-0.70407
-0.72069
-0.72530
-0.72207
-0.71803
-0.72063
-0.73510
-0.76269
-0.80006
-0.84016
-0.87418
-0.89394
-0.89396
-0.87260
-0.83204
-0.77722
-0.71427
-0.64887
-0.58501
-0.52453
-0.46726
-0.41167
-0.35566
-0.29730
-0.23535
-0.16951
-0.10051
-0.03001
0.03957
0.10537
0.16453
0.21472
0.25458
0.28404
0.30435
0.31779
0.32715
0.33506
0.34339
0.35287
0.36299
0.37226
0.37873
0.38069
0.37727
0.36887
0.35710
0.34434
0.33305
0.32499
0.32065
0.31915
0.31851
0.31634
0.31061
0.30020
0.28512
0.26624
0.24472
0.22147
0.19671
0.17001
0.14066
0.10821
0.07300
0.03627
-0.00008
-0.03408
-0.06441
-0.09096
-0.11495
-0.13862
-0.16449
-0.19447
-0.22910
-0.26724
-0.30634
-0.34320
-0.37522
-0.40155
-0.42388
-0.44649
-0.47531
-0.51627
-0.57323
-0.64616
-0.73018
-0.81579
-0.89052
-0.94129
-0.95709
-0.93108
-0.86167
-0.75238
-0.61070
-0.44648
-0.27020
-0.09161
0.08114
0.24194
0.38665
0.51286
0.61956
0.70680
0.77543
0.82690
0.86305
0.88593
0.89754
0.89952
0.89306
0.87873
0.85673
0.82703
0.78971
0.74509
0.69386
0.63697
0.57557
0.51088
0.44413
0.37657
0.30940
0.24383
0.18102
0.12210
0.06808
0.01989
-0.02175
-0.05630
-0.08360
-0.10383
-0.11763
-0.12603
-0.13028
-0.13173
-0.13154
-0.13064
-0.12971
-0.12924
-0.12972
-0.13162
-0.13543
-0.14147
-0.14977
-0.16002
-0.17167
-0.18407
-0.19675
-0.20952
-0.22248
-0.23584
-0.24967
-0.26372
-0.27733
-0.28964
-0.29989
-0.30782
-0.31389
-0.31931
-0.32573
-0.33474
-0.34744
-0.36415
-0.38435
-0.40696
-0.43075
-0.45472
-0.47840
-0.50192
-0.52592
-0.55120
-0.57829
-0.60701
-0.63613
-0.66323
-0.68487
-0.69697
-0.69537
-0.67644
-0.63758
-0.57758
-0.49677
-0.39693
-0.28113
-0.15331
-0.01794
0.12050
0.25784
0.39045
0.51534
0.62995
0.73203
0.81945
0.89028
0.94299
0.97684
0.99216
0.99046
0.97436
0.94715
0.91227
0.87268
0.83045
0.78659
0.74122
0.69407
0.64506
0.59471
0.54428
0.49542
0.44965
0.40765
0.36882
0.33130
0.29233
0.24914
0.19978
0.14381
0.08260
0.01903
-0.04312
-0.10012
-0.14908
-0.18859
-0.21882
-0.24120
-0.25778
-0.27045
-0.28034
-0.28757
-0.29153
-0.29127
-0.28617
-0.27635
-0.26275
-0.24697
-0.23080
-0.21586
-0.20326
-0.19356
-0.18686
-0.18303
-0.18185
-0.18305
-0.18633
-0.19135
-0.19767
-0.20478
-0.21214
-0.21919
-0.22541
-0.23038
-0.23392
-0.23611
-0.23739
-0.23849
-0.24031
-0.24364
-0.24904
-0.25664
-0.26622
-0.27731
-0.28943
-0.30239
-0.31650
-0.33262
-0.35206
-0.37613
-0.40556
-0.43982
-0.47677
-0.51274
-0.54313
-0.56357
-0.57104
-0.56471
-0.54599
-0.51778
-0.48304
-0.44338
-0.39820
-0.34474
-0.27925
-0.19849
-0.10119
0.01122
0.13490
0.26450
0.39449
0.52016
0.63809
0.74602
0.84230
0.92537
0.99354
1.04520
1.07921
1.09540
1.09468
1.07883
1.04996
1.00990
0.95971
0.89965
0.82945
0.74897
0.65873
0.56031
0.45630
0.34995
0.24468
0.14370
0.04968
-0.03526
-0.10964
-0.17253
-0.22372
-0.26371
-0.29376
-0.31567
-0.33157
-0.34344
-0.35277
-0.36031
-0.36602
-0.36934
-0.36948
-0.36584
-0.35827
-0.34712
-0.33301
-0.31657
-0.29812
-0.27753
-0.25439
-0.22831
-0.19929
-0.16800
-0.13568
-0.10389
-0.07403
-0.04700
-0.02305
-0.00185
0.01718
0.03458
0.05062
0.06522
0.07801
0.08843
0.09584
0.09957
0.09903
0.09390
0.08425
0.07072
0.05445
0.03688
0.01939
0.00293
-0.01229
-0.02689
-0.04208
-0.05935
-0.08007
-0.10518
-0.13505
-0.16959
-0.20828
-0.25036
-0.29482
-0.34044
-0.38588
-0.42989
-0.47172
-0.51149
-0.55042
-0.59061
-0.63446
-0.68366
-0.73806
-0.79480
-0.84790
-0.88881
-0.90764
-0.89505
-0.84442
-0.75348
-0.62515
-0.46710
-0.29020
-0.10626
0.07429
0.24416
0.39977
0.54084
0.66906
0.78645
0.89395
0.99079
1.07458
1.14224
1.19106
1.21976
1.22898
1.22110
1.19953
1.16775
1.12827
1.08206
1.02845
0.96550
0.89086
0.80275
0.70088
0.58700
0.46502
0.34045
0.21946
0.10769
0.00918
-0.07425
-0.14310
-0.19963
-0.24704
-0.28857
-0.32683
-0.36342
-0.39890
-0.43295
-0.46468
-0.49288
-0.51641
-0.53438
-0.54638
-0.55256
-0.55352
-0.55009
-0.54303
-0.53268
-0.51872
-0.50033
-0.47641
-0.44620
-0.40970
-0.36794
-0.32287
-0.27691
-0.23239
-0.19095
-0.15329
-0.11922
-0.08795
-0.05854
-0.03036
-0.00326
0.02241
0.04603
0.06712
0.08554
0.10161
0.11595
0.12918
0.14163
0.15321
0.16343
0.17168
0.17740
0.18032
0.18041
0.17777
0.17243
0.16420
0.15269
0.13745
0.11824
0.09519
0.06891
0.04043
0.01092
-0.01867
-0.04781
-0.07665
-0.10587
-0.13648
-0.16935
-0.20478
-0.24222
-0.28020
-0.31677
-0.35020
-0.37977
-0.40642
-0.43288
-0.46309
-0.50098
-0.54887
-0.60612
-0.66827
-0.72740
-0.77351
-0.79663
-0.78902
-0.74686
-0.67077
-0.56532
-0.43763
-0.29574
-0.14712
0.00229
0.14848
0.28935
0.42418
0.55302
0.67594
0.79244
0.90103
0.99929
1.08412
1.15243
1.20189
1.23160
1.24249
1.23726
1.21993
1.19500
1.16652
1.13724
1.10806
1.07792
1.04408
1.00268
0.94962
0.88139
0.79587
0.69291
0.57450
0.44462
0.30860
0.17238
0.04155
-0.07938
-0.18754
-0.28187
-0.36294
-0.43253
-0.49297
-0.54660
-0.59519
-0.63973
-0.68025
-0.71612
-0.74636
-0.77016
-0.78731
-0.79839
-0.80470
-0.80787
-0.80945
-0.81056
-0.81177
-0.81319
-0.81468
-0.81604
-0.81716
-0.81789
-0.81801
-0.81711
-0.81474
-0.81069
-0.80543
-0.80034
-0.79760
-0.79963
-0.80803
-0.82244
-0.83972
-0.85389
-0.85699
-0.84081
-0.79887
-0.72808
-0.62946
-0.50778
-0.37015
-0.22427
-0.07679
0.06766
0.20665
0.33946
0.46626
0.58736
0.70264
0.81149
0.91299
1.00608
1.08985
1.16346
1.22601
1.27636
1.31300
1.33430
1.33887
1.32629
1.29758
1.25544
1.20391
1.14736
1.08929
1.03119
0.97208
0.90891
0.83778
0.75559
0.66144
0.55738
0.44806
0.33961
0.23796
0.14735
0.06949
0.00360
-0.05279
-0.10262
-0.14828
-0.19094
-0.23054
-0.26622
-0.29689
-0.32182
-0.34092
-0.35474
-0.36427
-0.37071
-0.37515
-0.37843
-0.38097
-0.38278
-0.38352
-0.38270
-0.37994
-0.37525
-0.36918
-0.36286
-0.35785
-0.35581
-0.35816
-0.36564
-0.37818
-0.39490
-0.41435
-0.43494
-0.45533
-0.47474
-0.49303
-0.51059
-0.52804
-0.54588
-0.56431
-0.58309
-0.60178
-0.61996
-0.63757
-0.65512
-0.67362
-0.69421
-0.71759
-0.74327
-0.76910
-0.79105
-0.80372
-0.80125
-0.77849
-0.73214
-0.66145
-0.56828
-0.45663
-0.33158
-0.19825
-0.06087
0.07755
0.21517
0.35077
0.48322
0.61103
0.73228
0.84482
0.94658
1.03575
1.11088
1.17081
1.21452
1.24111
1.24991
1.24071
1.21413
1.17184
1.11668
1.05228
0.98261
0.91123
0.84064
0.77188
0.70452
0.63694
0.56712
0.49334
0.41503
0.33317
0.25037
0.17035
0.09719
0.03429
-0.01643
-0.05498
-0.08324
-0.10432
-0.12172
-0.13835
-0.15593
-0.17484
-0.19440
-0.21349
-0.23118
-0.24712
-0.26157
-0.27505
-0.28801
-0.30038
-0.31159
-0.32072
-0.32687
-0.32961
-0.32917
-0.32646
-0.32279
-0.31947
-0.31745
-0.31711
-0.31829
-0.32048
-0.32325
-0.32644
-0.33030
-0.33548
-0.34284
-0.35324
-0.36731
-0.38531
-0.40705
-0.43184
-0.45853
-0.48564
-0.51157
-0.53503
-0.55543
-0.57334
-0.59053
-0.60960
-0.63306
-0.66219
-0.69585
-0.72988
-0.75736
-0.76973
-0.75870
-0.71814
-0.64567
-0.54316
-0.41627
-0.27311
-0.12252
0.02747
0.17077
0.30361
0.42438
0.53306
0.63051
0.71770
0.79528
0.86315
0.92050
0.96590
0.99774
1.01468
1.01620
1.00295
0.97696
0.94135
0.89986
0.85610
0.81284
0.77158
0.73235
0.69396
0.65451
0.61196
0.56474
0.51213
0.45439
0.39271
0.32887
0.26483
0.20225
0.14211
0.08451
0.02872
-0.02656
-0.08276
-0.14087
-0.20097
-0.26188
-0.32120
-0.37556
-0.42140
-0.45575
-0.47701
-0.48545
-0.48312
-0.47345
-0.46042
-0.44769
-0.43791
-0.43225
-0.43049
-0.43137
-0.43328
-0.43496
-0.43588
-0.43635
-0.43704
-0.43830
-0.43934
-0.43767
-0.42913
-0.40854
-0.37089
-0.31285
-0.23399
-0.13747
-0.02980
0.08018
0.18297
0.27026
0.33635
0.37896
0.39912
0.40035
0.38733
0.36469
0.33605
0.30367
0.26855
0.23097
0.19113
0.14961
0.10764
0.06691
0.02920
-0.00423
-0.03304
-0.05800
-0.08062
-0.10267
-0.12536
-0.14889
-0.17227
-0.19359
-0.21071
-0.22209
-0.22750
-0.22844
-0.22817
-0.23113
-0.24197
-0.26428
-0.29930
-0.34506
-0.39623
-0.44483
-0.48184
-0.49917
-0.49149
-0.45740
-0.39951
-0.32346
-0.23628
-0.14460
-0.05331
0.03499
0.11977
0.20171
0.28178
0.36042
0.43706
0.51001
0.57672
0.63408
0.67897
0.70878
0.72188
0.71806
0.69873
0.66689
0.62664
0.58258
0.53888
0.49852
0.46281
0.43134
0.40240
0.37381
0.34360
0.31070
0.27505
0.23752
0.19944
0.16215
0.12657
0.09309
0.06158
0.03160
0.00257
-0.02601
-0.05461
-0.08368
-0.11363
-0.14489
-0.17765
-0.21172
-0.24637
-0.28031
-0.31205
-0.34029
-0.36449
-0.38521
-0.40405
-0.42324
-0.44478
-0.46964
-0.49711
-0.52476
-0.54904
-0.56639
-0.57448
-0.57308
-0.56422
-0.55158
-0.53921
-0.53018
-0.52545
-0.52352
-0.52071
-0.51225
-0.49350
-0.46119
-0.41406
-0.35300
-0.28051
-0.19986
-0.11428
-0.02635
0.06216
0.15008
0.23637
0.31972
0.39823
0.46961
0.53146
0.58188
0.61993
0.64573
0.66038
0.66541
0.66232
0.65213
0.63537
0.61223
0.58295
0.54819
0.50913
0.46734
0.42442
0.38158
0.33935
0.29747
0.25520
0.21169
0.16647
0.11978
0.07266
0.02678
-0.01605
-0.05447
-0.08807
-0.11779
-0.14590
-0.17560
-0.21027
-0.25255
-0.30345
-0.36170
-0.42358
-0.48336
-0.53422
-0.56950
-0.58404
-0.57528
-0.54384
-0.49335
-0.42965
-0.35945
-0.28876
-0.22158
-0.15928
-0.10071
-0.04312
0.01648
0.08003
0.14759
0.21722
0.28541
0.34797
0.40098
0.44148
0.46787
0.47992
0.47843
0.46489
0.44109
0.40889
0.37023
0.32719
0.28192
0.23661
0.19310
0.15257
0.11521
0.08011
0.04554
0.00945
-0.02990
-0.07329
-0.12028
-0.16928
-0.21800
-0.26420
-0.30647
-0.34472
-0.38031
-0.41572
-0.45378
-0.49663
-0.54481
-0.59659
-0.64784
-0.69246
-0.72340
-0.73403
-0.71952
-0.67791
-0.61049
-0.52149
-0.41706
-0.30384
-0.18764
-0.07246
0.03987
0.14957
0.25829
0.36813
0.48068
0.59600
0.71194
0.82390
0.92520
1.00802
1.06477
1.08953
1.07932
1.03475
0.96006
0.86236
0.75037
0.63292
0.51757
0.40955
0.31134
0.22276
0.14159
0.06439
-0.01253
-0.09229
-0.17698
-0.26751
-0.36374
-0.46489
-0.56968
-0.67629
-0.78201
-0.88266
-0.97222
-1.04303
-1.08670
-1.09576
-1.06559
-0.99598
-0.89177
-0.76202
-0.61818
-0.47140
-0.33018
-0.19885
-0.07744
0.03711
0.14902
0.26154
0.37543
0.48825
0.59481
0.68834
0.76210
0.81095
0.83258
0.82797
0.80124
0.75866
0.70722
0.65286
0.59888
0.54490
0.48673
0.41734
0.32879
0.21466
0.07242
-0.09498
-0.27866
-0.46475
-0.63648
-0.77695
-0.87208
-0.91302
-0.89752
-0.83006
-0.72054
-0.58210
-0.42839
-0.27119
-0.11883
0.02420
0.15647
0.27801
0.38874
0.48714
0.56997
0.63269
0.67057
0.67987
0.65864
0.60703
0.52711
0.42228
0.29681
0.15544
0.00342
-0.15342
-0.30849
-0.45447
-0.58364
-0.68849
-0.76247
-0.80079
-0.80101
-0.76329
-0.69032
-0.58690
-0.45926
-0.31437
-0.15922
-0.00037
0.15638
0.30603
0.44426
0.56727
0.67153
0.75367
0.81060
0.83966
0.83906
0.80826
0.74831
0.66201
0.55388
0.42972
0.29612
0.15967
0.02630
-0.09932
-0.21417
-0.31707
-0.40863
-0.49106
-0.56772
-0.64241
-0.71835
-0.79699
-0.87687
-0.95296
-1.01678
-1.05755
-1.06438
-1.02888
-0.94756
-0.82318
-0.66443
-0.48407
-0.29589
-0.11164
0.06124
0.22026
0.36699
0.50492
0.63699
0.76361
0.88175
0.98542
1.06719
1.12038
1.14106
1.12937
1.08969
1.02960
0.95803
0.88302
0.80987
0.74008
0.67150
0.59956
0.51919
0.42671
0.32121
0.20493
0.08265
-0.03955
-0.15577
-0.26144
-0.35385
-0.43212
-0.49667
-0.54862
-0.58937
-0.62047
-0.64380
-0.66188
-0.67797
-0.69594
-0.71965
-0.75201
-0.79391
-0.84341
-0.89537
-0.94184
-0.97318
-0.97986
-0.95440
-0.89306
-0.79680
-0.67115
-0.52498
-0.36857
-0.21138
-0.06021
0.08168
0.21432
0.33974
0.46016
0.57632
0.68652
0.78672
0.87150
0.93564
0.97556
0.99028
0.98143
0.95257
0.90795
0.85126
0.78478
0.70916
0.62387
0.52808
0.42161
0.30564
0.18290
0.05736
-0.06646
-0.18439
-0.29327
-0.39132
-0.47808
-0.55381
-0.61875
-0.67232
-0.71258
-0.73615
-0.73883
-0.71655
-0.66668
-0.58915
-0.48692
-0.36570
-0.23277
-0.09537
0.04080
0.17241
0.29833
0.41859
0.53278
0.63870
0.73163
0.80467
0.85013
0.86146
0.83520
0.77227
0.67799
0.56097
0.43108
0.29724
0.16574
0.03960
-0.08097
-0.19740
-0.31130
-0.42346
-0.53337
-0.63946
-0.73953
-0.83110
-0.91133
-0.97669
-1.02255
-1.04334
-1.03329
-0.98793
-0.90564
-0.78885
-0.64415
-0.48127
-0.31120
-0.14386
0.01366
0.15807
0.28955
0.41034
0.52287
0.62792
0.72357
0.80531
0.86701
0.90271
0.90823
0.88241
0.82744
0.74839
0.65209
0.54570
0.43555
0.32625
0.22044
0.11898
0.02143
-0.07337
-0.16664
-0.25913
-0.35066
-0.43976
-0.52350
-0.59751
-0.65636
-0.69420
-0.70565
-0.68688
-0.63642
-0.55570
-0.44895
-0.32248
-0.18361
-0.03935
0.10456
0.24414
0.37695
0.50136
0.61563
0.71696
0.80121
0.86308
0.89705
0.89852
0.86497
0.79664
0.69667
0.57059
0.42559
0.26973
0.11124
-0.04202
-0.18312
-0.30672
-0.40977
-0.49213
-0.55675
-0.60922
-0.65658
-0.70549
-0.76019
-0.82083
-0.88281
-0.93737
-0.97348
-0.98050
-0.95080
-0.88158
-0.77540
-0.63937
-0.48338
-0.31802
-0.15274
0.00526
0.15153
0.28412
0.40299
0.50927
0.60440
0.68935
0.76397
0.82663
0.87420
0.90268
0.90816
0.88809
0.84223
0.77317
0.68604
0.58750
0.48437
0.38224
0.28454
0.19226
0.10438
0.01881
-0.06656
-0.15306
-0.24086
-0.32898
-0.41560
-0.49838
-0.57460
-0.64114
-0.69442
-0.73045
-0.74512
-0.73489
-0.69765
-0.63347
-0.54500
-0.43722
-0.31667
-0.19024
-0.06401
0.05762
0.17220
0.27878
0.37712
0.46670
0.54587
0.61149
0.65919
0.68410
0.68194
0.65002
0.58799
0.49799
0.38435
0.25289
0.11014
-0.03724
-0.18284
-0.32059
-0.44472
-0.54975
-0.63057
-0.68277
-0.70306
-0.68981
-0.64349
-0.56691
-0.46506
-0.34455
-0.21270
-0.07644
0.05860
0.18862
0.31156
0.42647
0.53247
0.62781
0.70923
0.77202
0.81066
0.81998
0.79642
0.73911
0.65033
0.53539
0.40179
0.25809
0.11249
-0.02834
-0.16011
-0.28129
-0.39280
-0.49738
-0.59833
-0.69818
-0.79728
-0.89276
-0.97818
-1.04410
-1.07976
-1.07542
-1.02493
-0.92769
-0.78938
-0.62107
-0.43696
-0.25136
-0.07575
0.08319
0.22410
0.34990
0.46567
0.57611
0.68340
0.78604
0.87889
0.95443
1.00468
1.02324
1.00687
0.95615
0.87517
0.77043
0.64936
0.51902
0.38520
0.25224
0.12329
0.00082
-0.11306
-0.21659
-0.30875
-0.38972
-0.46117
-0.52582
-0.58637
-0.64404
-0.69722
-0.74091
-0.76741
-0.76822
-0.73649
-0.66937
-0.56917
-0.44303
-0.30116
-0.15418
-0.01074
0.12412
0.24907
0.36532
0.47470
0.57758
0.67140
0.75032
0.80605
0.82964
0.81370
0.75446
0.65293
0.51506
0.35067
0.17164
-0.01014
-0.18460
-0.34452
-0.48570
-0.60636
-0.70592
-0.78373
-0.83822
-0.86661
-0.86549
-0.83188
-0.76452
-0.66492
-0.53770
-0.39012
-0.23097
-0.06906
0.08827
0.23607
0.37200
0.49569
0.60751
0.70714
0.79253
0.85946
0.90215
0.91449
0.89167
0.83176
0.73655
0.61169
0.46579
0.30891
0.15073
-0.00118
-0.14246
-0.27226
-0.39265
-0.50721
-0.61925
-0.72996
-0.83698
-0.93399
-1.01130
-1.05768
-1.06293
-1.02049
-0.92942
-0.79513
-0.62839
-0.44330
-0.25429
-0.07346
0.09141
0.23750
0.36626
0.48161
0.58769
0.68685
0.77844
0.85885
0.92255
0.96378
0.97836
0.96476
0.92443
0.86105
0.77939
0.68397
0.57825
0.46456
0.34457
0.22022
0.09433
-0.02912
-0.14548
-0.25040
-0.34101
-0.41681
-0.48008
-0.53537
-0.58822
-0.64331
-0.70270
-0.76455
-0.82289
-0.86866
-0.89172
-0.88328
-0.83816
-0.75600
-0.64132
-0.50229
-0.34882
-0.19055
-0.03539
0.11106
0.24520
0.36471
0.46776
0.55257
0.61747
0.66123
0.68358
0.68542
0.66880
0.63648
0.59147
0.53647
0.47374
0.40505
0.33196
0.25601
0.17875
0.10157
0.02538
-0.04978
-0.12482
-0.20151
-0.28188
-0.36742
-0.45809
-0.55138
-0.64189
-0.72151
-0.78043
-0.80889
-0.79912
-0.74726
-0.65435
-0.52637
-0.37309
-0.20611
-0.03660
0.12658
0.27784
0.41480
0.53725
0.64563
0.73977
0.81811
0.87778
0.91529
0.92746
0.91243
0.87008
0.80221
0.71212
0.60413
0.48301
0.35356
0.22039
0.08769
-0.04112
-0.16366
-0.27895
-0.38736
-0.49019
-0.58876
-0.68328
-0.77194
-0.85045
-0.91250
-0.95093
-0.95939
-0.93406
-0.87476
-0.78516
-0.67193
-0.54313
-0.40645
-0.26775
-0.13053
0.00383
0.13507
0.26294
0.38613
0.50184
0.60577
0.69270
0.75725
0.79468
0.80162
0.77640
0.71920
0.63193
0.51794
0.38185
0.22932
0.06698
-0.09765
-0.25622
-0.39986
-0.51966
-0.60741
-0.65661
-0.66340
-0.62743
-0.55213
-0.44441
-0.31359
-0.17001
-0.02340
0.11846
0.25042
0.36985
0.47581
0.56779
0.64449
0.70315
0.73970
0.74972
0.72974
0.67866
0.59854
0.49467
0.37483
0.24797
0.12258
0.00526
-0.10023
-0.19333
-0.27624
-0.35303
-0.42846
-0.50675
-0.59053
-0.68016
-0.77326
-0.86477
-0.94730
-1.01210
-1.05035
-1.05469
-1.02066
-0.94766
-0.83927
-0.70269
-0.54747
-0.38387
-0.22116
-0.06612
0.07778
0.21057
0.33522
0.45640
0.57883
0.70557
0.83665
0.96833
1.09329
1.20181
1.28352
1.32945
1.33367
1.29425
1.21321
1.09570
0.94873
0.77987
0.59639
0.40484
0.21112
0.02073
-0.16116
-0.32985
-0.48169
-0.61467
-0.72895
-0.82670
-0.91144
-0.98667
-1.05434
-1.11350
-1.15968
-1.18533
-1.18144
-1.13981
-1.05551
-0.92870
-0.76518
-0.57539
-0.37234
-0.16883
0.02490
0.20261
0.36230
0.50528
0.63460
0.75333
0.86313
0.96331
1.05058
1.11915
1.16146
1.16927
1.13511
1.05395
0.92474
0.75153
0.54363
0.31463
0.08042
-0.14358
-0.34524
-0.51772
-0.66025
-0.77711
-0.87531
-0.96134
-1.03822
-1.10372
-1.15040
-1.16763
-1.14493
-1.07537
-0.95814
-0.79917
-0.60979
-0.40401
-0.19537
0.00562
0.19280
0.36427
0.52122
0.66614
0.80106
0.92615
1.03889
1.13401
1.20401
1.24025
1.23446
1.18044
1.07563
0.92221
0.72739
0.50257
0.26162
0.01859
-0.21444
-0.42869
-0.61892
-0.78234
-0.91702
-1.02021
-1.08765
-1.11410
-1.09496
-1.02847
-0.91729
-0.76903
-0.59518
-0.40890
-0.22237
-0.04461
0.11949
0.26901
0.40559
0.53159
0.64834
0.75497
0.84805
0.92218
0.97106
0.98886
0.97138
0.91689
0.82643
0.70372
0.55474
0.38702
0.20882
0.02808
-0.14873
-0.31752
-0.47702
-0.62843
-0.77413
-0.91564
-1.05138
-1.17517
-1.27607
-1.34005
-1.35328
-1.30613
-1.19648
-1.03133
-0.82578
-0.59997
-0.37454
-0.16641
0.01426
0.16507
0.29039
0.39889
0.50036
0.60283
0.71034
0.82206
0.93258
1.03337
1.11481
1.16847
1.18890
1.17460
1.12798
1.05421
0.95962
0.84998
0.72944
0.60027
0.46348
0.32001
0.17183
0.02245
-0.12338
-0.26078
-0.38643
-0.49993
-0.60427
-0.70497
-0.80783
-0.91598
-1.02731
-1.13325
-1.21976
-1.27029
-1.27010
-1.21051
-1.09173
-0.92316
-0.72108
-0.50449
-0.29057
-0.09119
0.08837
0.24842
0.39228
0.52321
0.64218
0.74719
0.83413
0.89862
0.93801
0.95258
0.94551
0.92165
0.88562
0.83990
0.78382
0.71370
0.62419
0.51035
0.36979
0.20416
0.01949
-0.17474
-0.36750
-0.54849
-0.71003
-0.84779
-0.96031
-1.04741
-1.10835
-1.14053
-1.13947
-1.10009
-1.01884
-0.89587
-0.73620
-0.54946
-0.34812
-0.14486
0.04998
0.23005
0.39321
0.54047
0.67408
0.79578
0.90551
1.00121
1.07926
1.13545
1.16583
1.16719
1.13721
1.07442
0.97827
0.84945
0.69055
0.50659
0.30513
0.09564
-0.11199
-0.30926
-0.49066
-0.65429
-0.80133
-0.93420
-1.05423
-1.15957
-1.24421
-1.29866
-1.31214
-1.27569
-1.18517
-1.04304
-0.85836
-0.64500
-0.41867
-0.19370
0.01940
0.21523
0.39310
0.55565
0.70657
0.84837
0.98047
1.09826
1.19328
1.25445
1.27021
1.23112
1.13221
0.97468
0.76639
0.52089
0.25515
-0.01338
-0.26969
-0.50327
-0.70853
-0.88374
-1.02876
-1.14272
-1.22244
-1.26242
-1.25627
-1.19910
-1.08996
-0.93330
-0.73897
-0.52072
-0.29376
-0.07205
0.13389
0.31825
0.47998
0.62190
0.74890
0.86580
0.97517
1.07567
1.16122
1.22159
1.24423
1.21721
1.13241
0.98827
0.79100
0.55402
0.29552
0.03478
-0.21157
-0.43236
-0.62268
-0.78270
-0.91486
-1.02072
-1.09875
-1.14396
-1.14955
-1.10976
-1.02283
-0.89270
-0.72883
-0.54416
-0.35203
-0.16323
0.01589
0.18358
0.34141
0.49193
0.63626
0.77226
0.89379
0.99128
1.05342
1.06953
1.03199
0.93831
0.79203
0.60247
0.38310
0.14911
-0.08526
-0.30874
-0.51383
-0.69616
-0.85273
-0.97993
-1.07235
-1.12284
-1.12411
-1.07113
-0.96340
-0.80614
-0.60995
-0.38886
-0.15775
0.07028
0.28566
0.48266
0.65864
0.81231
0.94201
1.04437
1.11397
1.14404
1.12797
1.06117
0.94271
0.77618
0.56955
0.33412
0.08295
-0.17073
-0.41453
-0.63733
-0.82907
-0.98044
-1.08304
-1.13009
-1.11780
-1.04675
-0.92281
-0.75686
-0.56327
-0.35748
-0.15333
0.03891
0.21334
0.36778
0.50216
0.61655
0.70949
0.77724
0.81385
0.81220
0.76542
0.66867
0.52075
0.32558
0.09303
-0.16101
-0.41558
-0.64690
-0.83155
-0.95014
-0.99073
-0.95111
-0.83919
-0.67126
-0.46852
-0.25273
-0.04217
0.15089
0.32071
0.46674
0.59097
0.69517
0.77879
0.83811
0.86660
0.85638
0.80001
0.69253
0.53315
0.32655
0.08367
-0.17856
-0.43835
-0.67146
-0.85446
-0.96847
-1.00242
-0.95510
-0.83537
-0.66024
-0.45131
-0.23040
-0.01559
0.18139
0.35567
0.50791
0.64159
0.76014
0.86457
0.95244
1.01811
1.05412
1.05312
1.00965
0.92165
0.79116
0.62436
0.43103
0.22333
0.01423
-0.18435
-0.36339
-0.51826
-0.64943
-0.76204
-0.86420
-0.96430
-1.06790
-1.17498
-1.27850
-1.36490
-1.41680
-1.41730
-1.35480
-1.22688
-1.04184
-0.81722
-0.57556
-0.33878
-0.12295
0.06478
0.22637
0.37019
0.50667
0.64389
0.78435
0.92399
1.05329
1.16014
1.23319
1.26482
1.25284
1.20060
1.11561
1.00727
0.88447
0.75373
0.61837
0.47883
0.33389
0.18214
0.02341
-0.14063
-0.30650
-0.46961
-0.62501
-0.76787
-0.89344
-0.99651
-1.07101
-1.11003
-1.10671
-1.05585
-0.95578
-0.80977
-0.62625
-0.41765
-0.19800
0.01976
0.22595
0.41499
0.58472
0.73465
0.86393
0.96996
1.04811
1.09267
1.09857
1.06316
0.98749
0.87658
0.73870
0.58381
0.42175
0.26067
0.10608
-0.03932
-0.17504
-0.30200
-0.42164
-0.53545
-0.64483
-0.75118
-0.85589
-0.95996
-1.06314
-1.16273
-1.25267
-1.32340
-1.36301
-1.35968
-1.30473
-1.19538
-1.03610
-0.83789
-0.61581
-0.38534
-0.15902
0.05568
0.25662
0.44560
0.62596
0.80010
0.96785
1.12581
1.26786
1.38637
1.47367
1.52343
1.53171
1.49755
1.42320
1.31375
1.17657
1.02023
0.85343
0.68387
0.51738
0.35745
0.20537
0.06084
-0.07704
-0.20864
-0.33301
-0.44771
-0.54921
-0.63406
-0.70022
-0.74833
-0.78239
-0.80949
-0.83860
-0.87840
-0.93475
-1.00833
-1.09326
-1.17727
-1.24357
-1.27434
-1.25488
-1.17735
-1.04300
-0.86192
-0.65050
-0.42721
-0.20817
-0.00387
0.18195
0.35112
0.50825
0.65748
0.79986
0.93225
1.04795
1.13859
1.19662
1.21740
1.20035
1.14880
1.06884
0.96777
0.85261
0.72916
0.60171
0.47324
0.34581
0.22091
0.09967
-0.01717
-0.12924
-0.23650
-0.33904
-0.43681
-0.52943
-0.61614
-0.69600
-0.76818
-0.83215
-0.88757
-0.93383
-0.96930
-0.99077
-0.99320
-0.97030
-0.91577
-0.82513
-0.69737
-0.53589
-0.34833
-0.14517
0.06226
0.26387
0.45213
0.62253
0.77298
0.90284
1.01181
1.09922
1.16374
1.20349
1.21635
1.20039
1.15425
1.07754
0.97130
0.83848
0.68430
0.51621
0.34339
0.17564
0.02182
-0.11168
-0.22207
-0.31044
-0.38110
-0.44015
-0.49377
-0.54658
-0.60072
-0.65576
-0.70947
-0.75907
-0.80266
-0.84014
-0.87332
-0.90512
-0.93806
-0.97244
-1.00497
-1.02836
-1.03217
-1.00492
-0.93682
-0.82242
-0.66225
-0.46301
-0.23623
0.00413
0.24446
0.47377
0.68477
0.87375
1.03916
1.17985
1.29349
1.37586
1.42139
1.42460
1.38200
1.29371
1.16428
1.00234
0.81937
0.62776
0.43890
0.26162
0.10142
-0.03952
-0.16173
-0.26738
-0.35929
-0.44010
-0.51181
-0.57561
-0.63202
-0.68127
-0.72372
-0.76033
-0.79298
-0.82444
-0.85784
-0.89573
-0.93885
-0.98504
-1.02866
-1.06086
-1.07091
-1.04813
-0.98422
-0.87503
-0.72151
-0.52941
-0.30799
-0.06815
0.17935
0.42519
0.66199
0.88418
1.08730
1.26725
1.41968
1.53983
1.62270
1.66371
1.65944
1.60848
1.51209
1.37457
1.20329
1.00826
0.80117
0.59404
0.39773
0.22048
0.06708
-0.06145
-0.16723
-0.25448
-0.32812
-0.39259
-0.45105
-0.50523
-0.55570
-0.60250
-0.64570
-0.68570
-0.72318
-0.75881
-0.79282
-0.82481
-0.85385
-0.87895
-0.89973
-0.91702
-0.93298
-0.95061
-0.97263
-1.00005
-1.03082
-1.05920
-1.07605
-1.07028
-1.03113
-0.95066
-0.82580
-0.65932
-0.45936
-0.23765
-0.00702
0.22121
0.43884
0.64134
0.82711
0.99593
1.14742
1.27991
1.39028
1.47462
1.52937
1.55256
1.54439
1.50725
1.44501
1.36190
1.26164
1.14688
1.01931
0.88021
0.73130
0.57525
0.41591
0.25791
0.10588
-0.03643
-0.16688
-0.28508
-0.39213
-0.48994
-0.58051
-0.66552
-0.74616
-0.82328
-0.89761
-0.96968
-1.03938
-1.10527
-1.16389
-1.20957
-1.23482
-1.23167
-1.19339
-1.11623
-1.00062
-0.85131
-0.67653
-0.48636
-0.29091
-0.09872
0.08408
0.25386
0.40886
0.54816
0.67076
0.77497
0.85833
0.91817
0.95225
0.95956
0.94060
0.89744
0.83332
0.75218
0.65815
0.55531
0.44749
0.33825
0.23076
0.12761
0.03051
-0.06011
-0.14523
-0.22711
-0.30881
-0.39318
-0.48179
-0.57381
-0.66534
-0.74940
-0.81684
-0.85806
-0.86522
-0.83420
-0.76579
-0.66555
-0.54237
-0.40622
-0.26577
-0.12673
0.00864
0.14077
0.27116
0.40047
0.52708
0.64661
0.75246
0.83725
0.89453
0.92029
0.91373
0.87721
0.81544
0.73423
0.63929
0.53542
0.42618
0.31412
0.20125
0.08958
-0.01878
-0.12168
-0.21727
-0.30437
-0.38250
-0.45164
-0.51182
-0.56255
-0.60255
-0.62981
-0.64195
-0.63689
-0.61361
-0.57266
-0.51638
-0.44859
-0.37393
-0.29682
-0.22063
-0.14708
-0.07617
-0.00667
0.06297
0.13367
0.20488
0.27423
0.33773
0.39042
0.42733
0.44458
0.44027
0.41498
0.37187
0.31623
0.25446
0.19285
0.13617
0.08674
0.04400
0.00496
-0.03482
-0.07978
-0.13297
-0.19510
-0.26407
-0.33528
-0.40253
-0.45916
-0.49940
-0.51935
-0.51753
-0.49484
-0.45406
-0.39890
-0.33318
-0.26008
-0.18187
-0.09996
-0.01521
0.07166
0.15986
0.24834
0.33575
0.42031
0.49971
0.57095
0.63037
0.67402
0.69820
0.70029
0.67940
0.63676
0.57561
0.50063
0.41696
0.32922
0.24069
0.15298
0.06614
-0.02069
-0.10858
-0.19794
-0.28801
-0.37648
-0.45955
-0.53219
-0.58876
-0.62393
-0.63361
-0.61591
-0.57163
-0.50420
-0.41902
-0.32240
-0.22050
-0.11850
-0.02038
0.07080
0.15248
0.22212
0.27725
0.31589
0.33713
0.34168
0.33194
0.31138
0.28369
0.25169
0.21667
0.17834
0.13526
0.08582
0.02912
-0.03435
-0.10244
-0.17160
-0.23735
-0.29499
-0.34024
-0.36978
-0.38163
-0.37522
-0.35153
-0.31290
-0.26288
-0.20581
-0.14628
-0.08841
-0.03520
0.01194
0.05321
0.08995
0.12383
0.15595
0.18616
0.21294
0.23378
0.24598
0.24750
0.23761
0.21710
0.18811
0.15359
0.11668
0.08022
0.04637
0.01654
-0.00858
-0.02888
-0.04463
-0.05640
-0.06496
-0.07132
-0.07662
-0.08210
-0.08881
-0.09735
-0.10748
-0.11799
-0.12673
-0.13100
-0.12813
-0.11615
-0.09442
-0.06386
-0.02685
0.01337
0.05343
0.09076
0.12416
0.15401
0.18197
0.21020
0.24050
0.27350
0.30821
0.34225
0.37238
0.39548
0.40923
0.41259
0.40567
0.38921
0.36388
0.32976
0.28622
0.23221
0.16697
0.09079
0.00542
-0.08595
-0.17926
-0.27052
-0.35663
-0.43581
-0.50745
-0.57140
-0.62717
-0.67322
-0.70675
-0.72418
-0.72198
-0.69771
-0.65087
-0.58319
-0.49844
-0.40170
-0.29841
-0.19349
-0.09073
0.00749
0.10004
0.18657
0.26698
0.34085
0.40709
0.46390
0.50893
0.53967
0.55401
0.55064
0.52946
0.49162
0.43951
0.37638
0.30602
0.23227
0.15861
0.08775
0.02134
-0.04016
-0.09748
-0.15226
-0.20660
-0.26242
-0.32088
-0.38170
-0.44283
-0.50031
-0.54859
-0.58137
-0.59275
-0.57864
-0.53786
-0.47273
-0.38867
-0.29309
-0.19357
-0.09618
-0.00423
0.08196
0.16430
0.24547
0.32727
0.40931
0.48864
0.56028
0.61857
0.65874
0.67835
0.67792
0.66072
0.63175
0.59625
0.55834
0.52006
0.48121
0.43989
0.39351
0.33989
0.27816
0.20909
0.13501
0.05929
-0.01430
-0.08227
-0.14187
-0.19139
-0.23033
-0.25919
-0.27929
-0.29235
-0.30008
-0.30391
-0.30476
-0.30312
-0.29919
-0.29308
-0.28505
-0.27553
-0.26513
-0.25455
-0.24445
-0.23535
-0.22760
-0.22137
-0.21663
-0.21317
-0.21065
-0.20866
-0.20682
-0.20490
-0.20291
-0.20105
-0.19965
-0.19897
-0.19906
-0.19967
-0.20035
-0.20069
-0.20067
-0.20087
-0.20255
-0.20754
-0.21774
-0.23461
-0.25847
-0.28798
-0.31971
-0.34820
-0.36653
-0.36730
-0.34416
-0.29319
-0.21394
-0.10965
0.01342
0.14738
0.28439
0.41798
0.54386
0.65984
0.76525
0.85997
0.94361
1.01501
1.07218
1.11259
1.13361
1.13284
1.10831
1.05848
0.98235
0.87968
0.75142
0.60020
0.43068
0.24959
0.06524
-0.11336
-0.27775
-0.42123
-0.53988
-0.63298
-0.70291
-0.75445
-0.79375
-0.82726
-0.86064
-0.89786
-0.94038
-0.98664
-1.03188
-1.06849
-1.08715
-1.07845
-1.03489
-0.95266
-0.83275
-0.68088
-0.50645
-0.32045
-0.13327
0.04727
0.21694
0.37518
0.52406
0.66681
0.80595
0.94181
1.07149
1.18871
1.28446
1.34844
1.37083
1.34419
1.26501
1.13456
0.95915
0.74933
0.51865
0.28177
0.05264
-0.15718
-0.33963
-0.49071
-0.61051
-0.70271
-0.77361
-0.83089
-0.88196
-0.93232
-0.98396
-1.03453
-1.07740
-1.10289
-1.10044
-1.06135
-0.98114
-0.86090
-0.70721
-0.53051
-0.34255
-0.15368
0.02915
0.20309
0.36881
0.52874
0.68486
0.83681
0.98061
1.10855
1.21017
1.27398
1.28970
1.25031
1.15365
1.00323
0.80812
0.58193
0.34106
0.10239
-0.11913
-0.31256
-0.47240
-0.59890
-0.69723
-0.77565
-0.84300
-0.90608
-0.96762
-1.02526
-1.07201
-1.09799
-1.09314
-1.04995
-0.96552
-0.84235
-0.68761
-0.51131
-0.32400
-0.13467
0.05053
0.22867
0.39953
0.56455
0.72550
0.88332
1.03713
1.18362
1.31686
1.42850
1.50850
1.54633
1.53269
1.46133
1.33077
1.14538
0.91538
0.65588
0.38484
0.12055
-0.12108
-0.32870
-0.49707
-0.62735
-0.72633
-0.80438
-0.87261
-0.93964
-1.00892
-1.07723
-1.13511
-1.16929
-1.16641
-1.11713
-1.01909
-0.87782
-0.70528
-0.51661
-0.32621
-0.14457
0.02329
0.17755
0.32176
0.46040
0.59661
0.73075
0.85980
0.97770
1.07613
1.14556
1.17642
1.16033
1.09140
0.96754
0.79151
0.57148
0.32064
0.05575
-0.20529
-0.44630
-0.65557
-0.82766
-0.96370
-1.07010
-1.15597
-1.22994
-1.29727
-1.35818
-1.40771
-1.43719
-1.43673
-1.39795
-1.31614
-1.19134
-1.02813
-0.83447
-0.62004
-0.39455
-0.16637
0.05827
0.27557
0.48396
0.68352
0.87506
1.05913
1.23490
1.39932
1.54660
1.66835
1.75434
1.79408
1.77870
1.70307
1.56751
1.37871
1.14941
0.89692
0.64052
0.39842
0.18487
0.00813
-0.13031
-0.23524
-0.31607
-0.38448
-0.45194
-0.52722
-0.61456
-0.71260
-0.81437
-0.90837
-0.98085
-1.01872
-1.01252
-0.95884
-0.86122
-0.72952
-0.57771
-0.42086
-0.27217
-0.14088
-0.03142
0.05598
0.12395
0.17614
0.21571
0.24443
0.26254
0.26934
0.26403
0.24653
0.21784
0.17986
