595.00000
1212.00000
1791.00000
2101.00000
2561.00000
3115.00000
3885.00000
4256.00000
4694.00000
5172.00000
5712.00000
6257.00000
6722.00000
7348.00000
7949.00000
8523.00000
9089.00000
9648.00000
10138.00000
10686.00000
11183.00000
11730.00000
12269.00000
12758.00000
13200.00000
13556.00000
13961.00000
14316.00000
14692.00000
15200.00000
15674.00000
16177.00000
16707.00000
17150.00000
17763.00000
18267.00000
18789.00000
19125.00000
19416.00000
19782.00000
20217.00000
20739.00000
21338.00000
21835.00000
22285.00000
22809.00000
23415.00000
23940.00000
24464.00000
25009.00000
25595.00000
26213.00000
26719.00000
27285.00000
27867.00000
28469.00000
29095.00000
29768.00000
30322.00000
30815.00000
31291.00000
31853.00000
32412.00000
32892.00000
33409.00000
33937.00000
34467.00000
34995.00000
35624.00000
36296.00000
36747.00000
37253.00000
37878.00000
38577.00000
39168.00000
39768.00000
40364.00000
40945.00000
41601.00000
42254.00000
42871.00000
43478.00000
44087.00000
44710.00000
45352.00000
45966.00000
46565.00000
47151.00000
47758.00000
48334.00000
48921.00000
49565.00000
50258.00000
50861.00000
51448.00000
52071.00000
52655.00000
53216.00000
53821.00000
54437.00000
55024.00000
55678.00000
56265.00000
56868.00000
57428.00000
