22.77293
22.72756
22.64869
22.59913
22.56214
22.46930
22.43231
22.33668
22.26060
22.20825
22.08261
22.04562
22.00374
21.86833
21.82575
21.69592
21.65893
21.57028
21.52770
21.40067
21.39508
21.27363
21.25967
21.22337
21.18080
21.13124
21.09634
21.08936
21.00839
21.00839
20.96930
20.92393
21.00560
21.04957
21.05097
21.13822
21.17940
21.34762
21.44045
21.43347
21.58005
21.65195
21.87112
21.91719
22.03864
22.12519
22.26060
22.34646
22.38764
22.55935
22.64729
22.73454
22.73036
22.86437
22.95511
23.02980
23.11286
23.12123
23.20430
23.29085
23.33901
23.41928
23.33692
23.37531
23.37391
23.33692
23.38508
23.29643
23.24967
23.24967
23.23850
23.20290
23.15823
23.12123
23.11984
23.07726
23.03817
22.94045
22.86577
22.77572
22.82179
22.68499
22.60890
22.51467
22.51328
22.43650
22.34366
22.20686
22.16847
22.08540
22.04422
21.91300
21.86414
21.79015
21.69452
21.65474
21.52351
21.49141
21.43626
21.35460
21.26805
21.27084
21.22337
21.22337
21.18359
21.22337
21.21709
21.30644
21.35879
21.38810
21.48024
21.56749
21.61425
21.74269
21.83133
21.91300
21.95976
22.12379
22.17684
22.34925
22.43231
22.42952
22.51049
22.60472
22.69057
22.72896
22.77852
22.77712
22.77293
22.78410
22.82040
22.77293
22.72756
22.68638
22.69197
22.64171
22.69197
22.55516
22.55655
22.51747
22.48326
22.42393
22.30807
22.25502
22.21523
22.17545
22.08959
22.04981
21.99676
21.91579
21.82854
21.79015
21.69452
21.69452
21.56609
21.48163
21.43487
21.39648
21.35599
21.31342
21.26944
21.18359
21.26665
21.22617
21.26107
21.36297
21.34622
21.44185
21.52351
21.61007
21.65613
21.70430
21.82854
21.91021
22.03864
22.08820
22.13077
22.21523
22.25921
22.39043
22.38764
22.47489
22.51467
22.56493
22.61030
22.64729
22.68917
22.68917
22.73594
22.77712
22.73454
22.73036
22.69336
22.65009
22.65009
22.64729
22.65148
22.55795
22.50909
22.43510
22.42952
22.35204
22.25641
22.26200
22.12938
22.05120
21.95697
21.90881
21.87531
21.77759
21.66172
21.56609
21.57168
21.52910
21.47605
21.39787
21.39369
21.35739
21.30644
21.26665
21.22617
21.17521
21.18359
21.13124
21.09634
21.04818
21.05795
21.09215
21.17940
21.22198
21.30504
21.30923
21.48722
21.52770
21.61425
21.65753
21.73989
21.91858
22.04283
22.17824
22.21244
22.30109
22.43999
22.47768
22.51467
22.59913
22.69197
22.73454
22.77293
22.82319
22.86437
22.89857
22.86716
22.86158
22.86577
22.86297
22.81481
22.77712
22.73734
22.73594
22.69057
22.60890
22.51747
22.51328
22.47768
22.43231
22.38764
22.26619
22.21244
22.17265
22.04562
21.95558
22.00095
21.91439
21.82435
21.74269
21.74269
21.69871
21.61705
21.57168
21.48443
21.44045
21.44045
21.35460
21.36018
21.26246
21.22617
21.22198
21.26805
21.27223
21.30644
21.40067
21.52631
21.60867
21.70569
21.73850
21.82296
22.00234
22.13357
22.16707
22.29829
22.38205
22.47628
22.56214
22.60611
22.68778
22.73734
22.77712
22.82389
22.82528
22.90555
22.91253
22.86437
22.86577
22.90276
22.90695
22.91114
22.81900
22.82389
22.82389
22.77433
22.72477
22.69336
22.65148
22.64590
22.56842
22.52165
22.51049
22.43371
22.39601
22.34506
22.25781
22.17405
22.08540
21.99815
21.91579
21.87112
21.82575
21.74548
21.70430
21.60448
21.56888
21.52910
21.43906
21.35460
21.35460
21.26386
21.26386
21.18219
21.13403
21.09494
21.04957
21.00560
21.00560
21.01677
20.96511
20.96372
21.05516
21.05236
21.10332
21.13403
21.09634
21.22896
21.17800
21.26944
21.30923
21.39648
21.53049
21.53189
21.61007
21.65195
21.74269
21.83133
21.91858
22.00374
22.08122
22.17265
22.17824
22.29969
22.39043
22.47768
22.55795
22.51467
22.60751
22.64590
22.74152
22.68359
22.73175
22.73036
22.81760
22.81900
22.77433
22.77712
22.77712
22.77991
22.69546
22.69336
22.64450
22.60611
22.60053
22.55935
22.51747
22.46512
22.38764
22.38624
22.34227
22.30388
22.17405
22.13077
22.04003
22.04422
21.91300
21.87112
21.74129
21.73850
21.65055
21.56888
21.57307
21.52631
21.44464
21.39927
21.31062
21.26246
21.27363
21.18080
21.13124
21.09634
21.09773
21.04957
21.05376
21.01537
21.00560
21.01258
21.01258
21.01677
21.05236
21.04957
21.10053
21.08936
21.09634
21.09494
21.13403
21.22198
21.26386
21.26665
21.30923
21.36018
21.44604
21.52351
21.56749
21.57586
21.66451
21.73571
21.79015
21.82435
21.87391
21.95837
21.99815
22.08540
22.08820
22.17684
22.17684
22.21523
22.21663
22.30876
22.34366
22.43231
22.43371
22.51886
22.56353
22.60751
22.60890
22.64729
22.60611
22.64869
22.65009
22.64729
22.60192
22.56214
22.56074
22.55935
22.52165
22.47349
22.42952
22.43371
22.39462
22.38624
22.34366
22.30807
22.26060
22.17265
22.08261
22.04701
22.00513
21.96116
21.87531
21.82714
21.78736
21.69871
21.61565
21.52910
21.49001
21.44045
21.35181
21.26944
21.30644
21.26246
21.30783
21.39648
21.52910
21.52910
21.65613
21.78457
21.91439
21.91858
22.00653
22.08959
22.21244
22.34646
22.39043
22.47628
22.56214
22.60332
22.69057
22.77572
22.82040
22.90416
22.90555
22.94743
22.94883
23.00257
22.95162
22.90974
22.95371
22.90136
22.87135
22.81621
22.77433
22.69197
22.69057
22.56353
22.51467
22.43231
22.34366
22.30248
22.17963
22.17126
21.99676
21.87112
21.77898
21.65893
21.56888
21.52491
21.44324
21.31481
21.26386
21.17940
21.18080
21.09634
21.05655
21.00420
20.96791
21.00281
20.96791
20.96232
21.05236
21.09215
21.22477
21.35460
21.39369
21.51933
21.61286
21.78038
21.86693
21.96256
22.08401
22.13077
22.17545
22.25921
22.30527
22.43720
22.46651
22.55935
22.56353
22.64590
22.68917
22.68638
22.64311
22.64869
22.60751
22.59913
22.56493
22.56214
22.51607
22.52026
22.48326
22.42673
22.39183
22.30248
22.30527
22.21802
22.21942
22.08540
22.04422
22.00653
21.95418
21.91439
21.85925
21.78038
21.69871
21.65893
21.60867
21.55074
21.42789
21.35041
21.29527
21.21779
21.17382
21.13682
21.12565
21.10053
21.14659
21.18917
21.23733
21.28270
21.36577
21.43906
21.58564
21.66940
21.73152
21.85367
21.95139
22.09378
22.12379
22.25083
22.36042
22.42254
22.48745
22.54539
22.63333
22.71919
22.75828
22.77433
22.89438
22.97186
23.00118
23.01863
23.00676
23.03398
23.04794
23.04236
22.99559
22.99141
22.99978
22.96907
22.95022
22.90974
22.84203
22.81760
22.80364
22.80364
22.77712
22.70802
22.65288
22.62845
22.60751
22.52026
22.44836
22.38345
22.34646
22.30388
22.19010
22.08540
21.99676
21.89485
21.79783
21.75804
21.69732
21.63659
21.56051
21.47605
21.42230
21.37135
21.30225
21.24990
21.19755
21.15078
21.11030
21.07051
21.02584
20.96023
20.94208
20.99024
21.06493
21.09913
21.17521
21.28061
21.36577
21.45162
21.53747
21.65753
21.78177
21.91160
22.01770
22.12938
22.17265
22.23338
22.31854
22.40579
22.46372
22.52863
22.56353
22.58936
22.63194
22.67940
22.74850
22.74571
22.76316
22.77991
22.74013
22.76456
22.71081
22.66544
22.61449
22.60751
22.60053
22.53701
22.48745
22.47489
22.40579
22.35623
22.27735
22.19150
22.10634
22.05748
22.00932
21.93324
21.87949
21.77898
21.67777
21.58703
21.53747
21.52212
21.45860
21.37973
21.28410
21.27503
21.20034
21.17800
21.10890
21.06493
21.08447
21.05516
21.01816
20.97349
20.96232
21.03142
21.07889
21.12984
21.20174
21.29806
21.37414
21.46977
21.55353
21.63519
21.72803
21.84250
21.94022
22.06167
22.15730
22.24664
22.28992
22.37647
22.49722
22.51049
22.59494
22.63752
22.68917
22.72617
22.73175
22.77154
22.77154
22.74152
22.73175
22.69964
22.69197
22.62007
22.60192
22.52305
22.48326
22.43720
22.39462
22.39322
22.31016
22.27037
22.18033
22.06307
22.00793
21.92766
21.83552
21.75944
21.73850
21.70290
21.62821
21.53817
21.45022
21.44045
21.40206
21.31760
21.26805
21.22617
21.22617
21.18080
21.14101
21.10053
21.05236
21.08936
21.12984
21.21011
21.30225
21.35041
21.46977
21.56051
21.64636
21.69313
21.77340
21.94162
22.07144
22.16149
22.21663
22.29411
22.33529
22.42673
22.46512
22.54678
22.60053
22.60053
22.60332
22.64729
22.61030
22.64311
22.56633
22.56074
22.56074
22.55795
22.52305
22.43510
22.42952
22.35204
22.34366
22.26060
22.18173
22.16847
22.13077
22.04981
21.99676
21.99676
21.95278
21.83412
21.78875
21.70150
21.65334
21.57586
21.48861
21.39787
21.35320
21.31342
21.30085
21.22337
21.18638
21.17521
21.17382
21.17940
21.26246
21.26665
21.35181
21.42649
21.52072
21.60588
21.65334
21.73571
21.90183
21.98629
22.16567
22.17265
22.29131
22.30248
22.38205
22.42393
22.50769
22.55655
22.59913
22.68499
22.68778
22.77014
22.77712
22.73594
22.73454
22.73036
22.73036
22.69825
22.64729
22.60053
22.56353
22.56214
22.51188
22.43510
22.38485
22.34366
22.26200
22.17265
22.08401
22.00793
21.91579
21.82296
21.70430
21.65613
21.57447
21.47745
21.40625
21.40067
21.35181
21.26525
21.18498
21.13682
21.09913
21.09355
21.05097
20.96651
20.96930
20.91974
20.91835
20.88135
20.91137
20.95883
21.00420
21.17521
21.22058
21.34552
21.35460
21.44185
21.51933
21.65055
21.66032
21.77479
21.90881
22.04143
22.12798
22.21663
22.29969
22.38764
22.42812
22.46651
22.60332
22.64031
22.77154
22.73594
22.77572
22.81621
22.86018
22.81621
22.73315
22.73734
22.69197
22.68917
22.65288
22.56074
22.51467
22.47768
22.48326
22.47070
22.34506
22.35064
22.26060
22.17405
22.09238
22.04562
21.95837
21.87531
21.78038
21.74129
21.70290
21.61844
21.52631
21.48722
21.39927
21.35181
21.31062
21.21779
21.17800
21.13124
21.09494
21.08936
21.05516
21.00839
21.00699
21.05236
21.17800
21.18359
21.26665
21.35460
21.47605
21.61146
21.65195
21.77898
21.87112
22.07842
22.11961
22.25223
22.38066
22.47210
22.52026
22.59634
22.69197
22.77154
22.81760
22.77572
22.82040
22.86995
22.90555
22.89857
22.85739
22.85879
22.82179
22.81900
22.81621
22.73036
22.73315
22.69197
22.68359
22.68359
22.56353
22.51328
22.47768
22.43510
22.42812
22.34925
22.26200
22.17963
22.12379
22.08401
21.95837
21.87251
21.74269
21.73291
21.60867
21.61007
21.52072
21.53329
21.39089
21.35041
21.31202
21.21570
21.22477
21.18080
21.08936
21.09355
21.04957
21.00979
21.00141
21.00420
21.00001
21.09355
21.09075
21.21919
21.30504
21.39089
21.48722
21.61146
21.68754
21.87670
21.90881
22.08122
22.16707
22.33948
22.38624
22.43510
22.51328
22.60192
22.68499
22.73873
22.72617
22.77014
22.86577
22.82179
22.82179
22.77852
22.77991
22.72477
22.68638
22.68917
22.59913
22.59913
22.56214
22.56493
22.51328
22.42952
22.38205
22.33948
22.30667
22.25781
22.12798
22.07842
22.04422
21.95976
21.91300
21.85995
21.78736
21.82994
21.69732
21.61844
21.57307
21.56888
21.44464
21.39369
21.30783
21.30225
21.26944
21.17661
21.13822
21.10192
21.13403
21.08936
21.14241
21.13682
21.22058
21.30923
21.39229
21.48303
21.61705
21.70290
21.78596
21.91858
22.00095
22.12659
22.17963
22.25781
22.33948
22.43091
22.51188
22.50909
22.55795
22.60332
22.64311
22.73036
22.73036
22.64590
22.64311
22.68499
22.64450
22.64311
22.59913
22.55935
22.52026
22.55237
22.51607
22.43091
22.38485
22.38205
22.34366
22.25502
22.16707
22.08680
22.04283
21.95697
21.91300
21.82714
21.78736
21.74269
21.65334
21.56749
21.52910
21.48443
21.39369
21.30923
21.22896
21.26805
21.18359
21.13124
21.08866
21.00699
21.04818
21.00560
21.01118
21.00979
21.00420
21.13543
21.17521
21.26386
21.31202
21.35460
21.51514
21.57028
21.73989
21.82296
21.86414
22.04562
22.12798
22.25781
22.30248
22.42952
22.46930
22.55376
22.60332
22.69685
22.68638
22.68499
22.73594
22.72756
22.72896
22.73036
22.65148
22.59774
22.60472
22.51607
22.52026
22.42952
22.39322
22.38764
22.34646
22.26200
22.16847
22.08540
22.00374
21.91858
21.82296
21.82575
21.78736
21.70150
21.61425
21.57168
21.52631
21.48722
21.39508
21.35320
21.30923
21.30783
21.26246
21.22198
21.17661
21.13403
21.22337
21.17661
21.21779
21.30783
21.40625
21.52770
21.60727
21.65474
21.74129
21.78875
21.86693
22.00234
22.04981
22.03864
22.12938
22.13357
22.17545
22.21244
22.25362
22.21244
22.17405
22.16847
22.21244
22.17126
22.16567
22.08680
22.04283
22.08261
22.04701
22.04422
22.00374
21.95697
21.96116
21.86414
21.78317
21.74269
21.73989
21.66032
21.57447
21.52351
21.52770
21.44045
21.39648
21.35460
21.30923
21.35320
21.31481
21.30644
21.30923
21.34762
21.43487
21.47884
21.61565
21.65474
21.73850
21.87251
21.99955
22.08261
22.21663
22.21104
22.29829
22.43231
22.51467
22.60751
22.64869
22.68499
22.77293
22.86577
22.86297
22.95022
22.90416
22.90695
22.94604
22.94185
22.90695
22.82389
22.81760
22.82179
22.81900
22.82040
22.73454
22.69476
22.68638
22.55376
22.52026
22.42812
22.38205
22.34227
22.30248
22.21942
22.08959
22.08401
21.99955
21.91021
21.78457
21.78177
21.70290
21.65334
21.57307
21.48163
21.48024
21.43487
21.39508
21.35320
21.40067
21.52491
21.56888
21.69452
21.82435
21.82714
22.00513
22.12798
22.21523
22.34366
22.38205
22.42812
22.52026
22.65148
22.69336
22.73315
22.77154
22.82179
22.86437
22.91114
22.86437
22.81900
22.86297
22.86577
22.82179
22.82389
22.77852
22.72617
22.68778
22.64729
22.60751
22.47070
22.42812
22.43510
22.35064
22.30109
22.16567
22.13496
22.08540
22.00095
21.90741
21.87112
21.82714
21.73850
21.66172
21.56888
21.57447
21.48443
21.39787
21.31062
21.30923
21.31481
21.27223
21.26665
21.31481
21.35460
21.44045
21.53049
21.60867
21.73850
21.82296
21.95418
22.04143
22.16707
22.26060
22.30109
22.34925
22.47908
22.51467
22.60472
22.64869
22.69197
22.72896
22.85879
22.86577
22.90416
22.90136
22.91253
22.94324
22.90695
22.90695
22.82319
22.82319
22.77712
22.77433
22.72896
22.64869
22.60611
22.60192
22.55935
22.48466
22.38764
22.34925
22.26060
22.17265
22.04981
22.00095
21.95837
21.86972
21.74129
21.66172
21.70011
21.60867
21.52491
21.44045
21.35460
21.40485
21.31342
21.22337
21.22058
21.13682
21.18359
21.12984
21.09215
21.14241
21.18498
21.31202
21.40067
21.48722
21.61705
21.66032
21.78177
21.92137
22.08959
22.08540
22.26200
22.34785
22.47489
22.56633
22.60472
22.68778
22.73315
22.81621
22.86577
22.95511
22.99280
22.95371
22.98582
22.99280
22.99699
23.03678
22.94883
22.90416
22.85739
22.86856
22.82807
22.72617
22.73873
22.73873
22.69057
22.64311
22.51886
22.52026
22.43091
22.34646
22.26339
22.17265
22.09238
21.95976
21.86972
21.78457
21.78177
21.65334
21.56749
21.52770
21.44324
21.39787
21.35460
21.26944
21.22896
21.18638
21.18359
21.13961
21.09215
21.18080
21.18219
21.35041
21.43906
21.57028
21.61146
21.74548
21.87391
22.00513
22.12798
22.17545
22.30667
22.33948
22.43650
22.51886
22.64729
22.69197
22.72896
22.81900
22.81900
22.86716
22.86018
22.82179
22.82668
22.82179
22.78131
22.77991
22.73315
22.73036
22.69197
22.64311
22.60192
22.42673
22.43650
22.34646
22.30527
22.21802
22.12938
22.04143
21.95976
21.83273
21.74548
21.74408
21.61146
21.52910
21.44464
21.39787
21.35041
21.21779
21.18359
21.14101
21.05795
21.08726
21.05655
21.01677
21.05655
21.09634
21.21919
21.31202
21.44324
21.49141
21.61286
21.78875
21.87670
22.00095
22.08122
22.16986
22.20546
22.30807
22.38485
22.48187
22.56493
22.60332
22.64171
22.68917
22.73454
22.77154
22.82528
22.77712
22.81062
22.82040
22.77293
22.73873
22.68638
22.68499
22.69057
22.60472
22.60332
22.51747
22.47628
22.39043
22.38764
22.21384
22.16847
22.09099
21.99955
21.86833
21.86833
21.73710
21.61007
21.53468
21.48443
21.43906
21.35599
21.22896
21.18359
21.13961
21.13822
21.10053
21.00560
20.96930
20.91974
20.96023
20.92114
20.92533
21.00839
21.05655
21.18359
21.31202
21.35181
21.48443
21.56888
21.70011
21.82994
21.91719
22.05120
22.17265
22.26060
22.39043
22.38764
22.52445
22.61030
22.64590
22.69197
22.77852
22.82389
22.86437
22.86018
22.90136
22.86716
22.90276
22.86297
22.82179
22.77852
22.77433
22.73315
22.69197
22.60751
22.59913
22.55935
22.51886
22.43091
22.39043
22.29829
22.26339
22.13357
22.08401
21.99955
21.91998
21.83552
21.73571
21.70011
21.65334
21.57447
21.44045
21.44324
21.36018
21.30923
21.22198
21.17940
21.13822
21.09634
21.05376
21.01118
21.00281
20.96511
21.01258
21.13124
21.22756
21.27084
21.36018
21.44464
21.61146
21.65613
21.73710
21.87112
21.99955
22.12938
22.20965
22.30527
22.38903
22.47349
22.51188
22.56214
22.65427
22.69546
22.77852
22.73454
22.77991
22.73036
22.77991
22.77433
22.73734
22.68499
22.65009
22.60611
22.56074
22.43510
22.33948
22.25641
22.18312
22.07703
21.99955
21.87391
21.78177
21.74827
21.61565
21.52631
21.44464
21.31062
21.31062
21.22617
21.18498
21.13682
21.04818
21.05097
21.00420
21.05376
21.18219
21.22337
21.31481
21.44185
21.56330
21.70290
21.74548
21.87112
21.95558
22.12938
22.21663
22.34785
22.38903
22.51607
22.55935
22.60192
22.65148
22.73873
22.77014
22.77572
22.73175
22.77572
22.77852
22.77852
22.73036
22.74292
22.64031
22.65567
22.60192
22.51467
22.47070
22.43231
22.29829
22.29969
22.17684
22.08122
22.00653
21.87251
21.87112
21.78038
21.65613
21.52351
21.48722
21.40346
21.31062
21.22896
21.17521
21.13961
21.08936
21.09634
21.05376
21.05934
21.14101
21.22337
21.35599
21.48303
21.52491
21.65474
21.78177
22.00653
22.08540
22.13077
22.21384
22.38624
22.43231
22.46930
22.56074
22.64590
22.73873
22.77154
22.77712
22.86158
22.86856
22.95232
22.91253
22.94464
22.90276
22.90974
22.90276
22.85460
22.82668
22.77852
22.72617
22.69197
22.60332
22.55795
22.47070
22.43371
22.34646
22.25502
22.17265
22.04003
21.96395
21.91998
21.83133
21.78875
21.65753
21.61286
21.52491
21.48303
21.34901
21.31062
21.26107
21.26665
21.26246
21.27223
21.26525
21.31062
21.39089
21.48861
21.61146
21.65753
21.73571
21.83133
21.95418
22.04422
22.08959
22.17545
22.26060
22.30388
22.30667
22.34227
22.35204
22.39043
22.35064
22.34227
22.30248
22.25781
22.21104
22.13217
22.12379
22.04981
21.95558
21.91858
21.95976
21.86693
21.81877
21.74548
21.70011
21.65334
21.61007
21.52770
21.48024
21.44045
21.48303
21.39648
21.39648
21.39787
21.43208
21.57307
21.60867
21.69173
21.74408
21.82994
21.96395
21.94860
22.04981
22.04981
22.08680
22.08261
22.13217
22.12938
22.13496
22.08680
21.99536
21.95837
21.95418
21.82575
21.74408
21.69034
21.65055
21.57028
21.44604
21.34901
21.30364
21.26944
21.22337
21.26805
21.26246
21.35739
21.31062
21.39927
21.43487
21.52770
21.57028
21.69313
21.78596
21.82854
21.96535
22.04003
22.12659
22.17405
22.26060
22.34785
22.29829
22.38903
22.37926
22.39601
22.38624
22.34506
22.25641
22.21663
22.22361
22.12100
21.96256
21.87251
21.74129
21.69732
21.61705
21.52491
21.43487
21.34901
21.30923
21.22337
21.22477
21.13961
21.13263
21.09355
21.13403
21.18359
21.26107
21.26665
21.34552
21.43906
21.52072
21.56051
21.70150
21.82296
21.91858
22.08540
22.12798
22.21523
22.30527
22.38764
22.42673
22.47908
22.55237
22.55655
22.60192
22.51607
22.52305
22.42393
22.37926
22.30527
22.25921
22.16428
22.04981
21.91160
21.82575
21.77898
21.65893
21.57168
21.51653
21.44045
21.39369
21.35460
21.30364
21.22896
21.18080
21.27084
21.26665
21.35181
21.39369
21.43626
21.56749
21.69173
21.78736
21.78177
21.95837
22.03864
22.17126
22.20965
22.34925
22.43720
22.51607
22.60053
22.68917
22.77293
22.81621
22.82319
22.86158
22.90416
22.86297
22.86158
22.73036
22.77433
22.69197
22.60472
22.55097
22.43231
22.29969
22.17265
22.04143
21.86833
21.91160
21.73152
21.65613
21.56470
21.48163
21.47745
21.44324
21.47884
21.52770
21.57168
21.65613
21.74129
21.82714
21.91719
21.95837
22.07982
22.17824
22.29829
22.34506
22.43091
22.47628
22.60332
22.68917
22.74013
22.82040
22.81900
22.89438
22.90555
22.98443
23.07447
23.03119
23.08005
23.07866
23.03817
23.03957
22.94464
22.90695
22.86018
22.82807
22.77433
22.68359
22.65009
22.55376
22.47210
22.38345
22.21802
22.13077
22.04283
21.92137
21.82156
21.78596
21.68894
21.56888
21.48303
21.44185
21.39648
21.35041
21.31062
21.31062
21.35739
21.43766
21.48024
21.56609
21.65334
21.69732
21.86833
21.91021
22.08820
22.17126
22.21802
22.29829
22.38066
22.52026
22.51886
22.64590
22.69546
22.77572
22.86018
22.86018
22.99420
23.03398
23.07586
23.12403
23.11425
23.12123
23.07447
23.07726
23.07866
23.07726
23.03678
22.99141
22.95022
22.95022
22.86716
22.86018
22.77712
22.69685
22.63892
22.55935
22.42952
22.29690
22.21244
22.08680
21.95976
21.82714
21.78875
21.69313
21.57168
21.48303
21.39508
21.40067
21.31062
21.26665
21.17940
21.18359
21.12984
21.13682
21.04678
21.00699
21.04818
21.08866
21.13543
21.22198
21.35460
21.39508
21.52491
21.69452
21.78457
21.82714
21.96256
22.17545
22.34646
22.46930
22.55655
22.68499
22.72896
22.82319
22.90136
22.99559
23.07447
23.11984
23.20918
23.21058
23.24827
23.29364
23.28945
23.21197
23.20569
23.20709
23.12263
23.03817
23.02980
22.95232
22.90136
22.86158
22.72896
22.64311
22.56353
22.42673
22.29969
22.17265
22.04003
21.82296
21.69871
21.56888
21.56470
21.47465
21.35320
21.25827
21.22477
21.22198
21.13263
21.10192
21.12286
21.18219
21.39787
21.48303
21.65613
21.69871
21.82994
22.08401
22.21802
22.34366
22.46791
22.59634
22.68778
22.82389
22.90555
23.03817
23.12123
23.16800
23.28666
23.33412
23.37949
23.42068
23.37949
23.37949
23.37949
23.34041
23.28945
23.20290
23.15544
23.11844
23.03398
22.94883
22.86018
22.86577
22.73315
22.65288
22.52165
22.42533
22.25921
22.08959
21.87112
21.69732
21.69313
21.56749
21.44324
21.31062
21.26246
21.22337
21.12845
21.13543
21.04538
21.13543
21.26386
21.43626
21.61425
21.73431
21.82575
22.04701
22.17545
22.34646
22.43650
22.60192
22.73315
22.85599
23.04515
23.03398
23.16521
23.20569
23.25665
23.28806
23.33761
23.28666
23.24967
23.24687
23.21058
23.20569
23.17079
23.11844
23.03678
23.02980
22.95022
22.86158
22.69057
22.69197
22.51607
22.35064
22.17265
21.91719
21.82994
21.65195
21.43487
21.30364
21.27084
21.12984
21.05655
21.00560
20.92533
21.00281
21.13682
21.38950
21.60867
21.65893
21.86693
22.07982
22.25362
22.42673
22.56214
22.65148
22.81342
22.99001
23.16242
23.20848
23.33133
23.47023
23.59867
23.64055
23.68173
23.68033
23.69010
23.72082
23.67894
23.63915
23.55609
23.50095
23.46884
23.28806
23.11705
22.85879
22.65009
22.51886
22.25223
22.00234
21.82575
21.74269
21.57028
21.40067
21.26246
21.17102
21.08936
21.01118
20.90858
20.83668
20.83529
20.83668
20.79131
20.87717
21.05655
21.13961
21.31202
21.48163
21.69452
21.87251
22.04283
22.21942
22.33808
22.55655
22.59634
22.73315
22.94743
23.07447
23.16521
23.24827
23.28945
23.29504
23.33273
23.33552
23.24269
23.17219
23.16381
23.08633
23.08354
22.94883
22.82389
22.72756
22.56353
22.47070
22.30248
22.12798
21.95837
21.83273
21.65195
21.44324
21.35599
21.18080
21.13682
21.00839
20.92952
20.87577
20.83668
20.74594
20.75013
20.66428
20.70825
20.70965
20.65450
20.62309
20.65730
20.70825
20.78712
20.87717
21.01118
21.22198
21.39369
21.56749
21.82714
22.00095
22.25223
22.34785
22.55376
22.73594
22.94604
22.99141
23.12403
23.24129
23.34180
23.38368
23.46535
23.41928
23.42068
23.42486
23.33273
23.29085
23.16242
23.16381
23.04236
22.99280
22.86577
22.68638
22.56702
22.43231
22.29969
22.12938
21.91998
21.73989
21.60867
21.44185
21.31062
21.22058
21.04538
21.00839
20.91695
20.83668
20.79550
20.78852
20.70685
20.66009
20.62309
20.65869
20.57842
20.57214
20.57493
20.57354
20.66288
20.70336
20.79550
20.87856
21.06074
21.22617
21.38950
21.56749
21.74687
21.83133
22.04003
22.21523
22.38764
22.51886
22.56633
22.64869
22.73594
22.81760
22.86158
22.90695
22.81062
22.77433
22.72756
22.73036
22.65288
22.51607
22.43091
22.34925
22.29829
22.16986
21.99815
21.91719
21.82994
21.69452
21.57168
21.47884
21.35599
21.30364
21.18080
21.09634
21.05097
21.00839
20.92393
20.87856
20.79550
20.78992
20.79271
20.71104
20.71104
20.74594
20.83529
20.87717
20.96930
21.09773
21.22477
21.35041
21.47884
21.69871
21.78457
21.95278
22.08959
22.17265
22.30527
22.47210
22.47070
22.56842
22.64311
22.73315
22.77572
22.77852
22.73454
22.68778
22.64869
22.55935
22.56633
22.42393
22.30527
22.21384
22.17405
22.03864
21.91719
21.78317
21.70150
21.61984
21.48024
21.40346
21.26665
21.22337
21.18638
21.09494
21.04678
21.01537
20.96372
20.91556
20.87856
20.88275
20.87856
20.88275
20.96372
21.00699
21.09773
21.18080
21.26805
21.44324
21.61705
21.78596
21.87251
22.00234
22.12798
22.30527
22.25502
22.38624
22.51607
22.60890
22.68917
22.69476
22.73036
22.77433
22.77572
22.78131
22.68499
22.64311
22.60890
22.55655
22.51328
22.38624
22.30667
22.21244
22.17265
22.04701
21.95976
21.87112
21.73710
21.70430
21.52631
21.48163
21.39648
21.27223
21.23035
21.13682
21.13961
21.04818
21.05236
21.01258
20.96651
21.00560
21.00141
21.09634
21.18359
21.30923
21.48163
21.57447
21.66032
21.82714
22.00095
22.17684
22.21802
22.34925
22.51467
22.60053
22.55655
22.69057
22.72896
22.77293
22.86297
22.77572
22.73036
22.77293
22.68359
22.65148
22.60332
22.55516
22.47908
22.39183
22.39322
22.21663
22.12659
22.04422
21.96116
21.91021
21.86693
21.74548
21.62123
21.57586
21.48303
21.40206
21.30783
21.21919
21.23315
21.17382
21.13403
21.09913
21.05097
21.05097
21.01258
21.04957
21.09773
21.18359
21.27084
21.31481
21.47884
21.56190
21.65753
21.79015
21.95837
22.13357
22.17545
22.34366
22.43231
22.56214
22.64450
22.65009
22.77852
22.86856
22.90555
22.86297
22.90276
22.94604
22.90695
22.90974
22.86577
22.81900
22.81621
22.77991
22.68499
22.60192
22.55655
22.52026
22.47768
22.43999
22.30248
22.21663
22.17684
22.08540
21.99955
21.96256
21.82156
21.78457
21.69732
21.61844
21.56330
21.47884
21.39927
21.35320
21.27223
21.27503
21.18219
21.18359
21.14799
21.09634
21.09773
21.09355
21.09215
21.13961
21.26386
21.44185
21.56609
21.61565
21.74269
21.87670
22.04283
22.08401
22.21802
22.38903
22.47349
22.51467
22.60053
22.69057
22.77572
22.81342
22.78410
22.81760
22.86158
22.86437
22.82179
22.77293
22.73594
22.69057
22.64729
22.68359
22.56702
22.51607
22.46791
22.38903
22.30807
22.21663
22.13217
22.08401
22.00513
21.91719
21.87391
21.82994
21.70290
21.69732
21.57028
21.53049
21.48443
21.39927
21.35599
21.31202
21.27503
21.26944
21.22617
21.26944
21.31062
21.44604
21.61146
21.61565
21.73850
21.87810
22.04701
22.20825
22.26200
22.34646
22.51747
22.56214
22.55935
22.68778
22.77293
22.86577
22.86018
22.90974
22.94604
22.94604
22.94883
22.95022
22.94185
22.94604
22.91393
22.90136
22.86437
22.82319
22.82040
22.72896
22.73315
22.65148
22.60611
22.56702
22.47210
22.47210
22.38624
22.30527
22.21942
22.09238
22.09518
21.95837
21.91300
21.78596
21.69871
21.65893
21.57586
21.43487
21.35460
21.35460
21.26665
21.27084
21.18080
21.13543
21.09913
21.05236
21.05655
21.00420
21.00699
21.01258
21.09634
21.22337
21.31621
21.44324
21.56749
21.65334
21.86972
21.87949
22.04283
22.13496
22.30527
22.38345
22.42952
22.56074
22.64729
22.72756
22.73594
22.82040
22.86297
22.94743
22.94464
22.90695
22.95371
22.90974
22.90695
22.89718
22.86018
22.82040
22.78131
22.74013
22.69057
22.59634
22.56353
22.51467
22.46930
22.39322
22.25502
22.21384
22.13077
22.09099
22.00095
21.95558
21.82854
21.74827
21.69313
21.61984
21.57168
21.48024
21.39648
21.35181
21.27084
21.26246
21.22058
21.21919
21.18080
21.08936
21.09494
21.09634
21.04957
21.05795
21.04259
21.18638
21.31202
21.39787
21.52770
21.65753
21.83273
21.87670
22.00234
22.16986
22.25781
22.30667
22.39183
22.51747
22.60192
22.69476
22.69476
22.68499
22.78270
22.82528
22.82389
22.77712
22.72896
22.68638
22.69336
22.73315
22.64869
22.64590
22.56493
22.56214
22.52026
22.39043
22.34366
22.25921
22.22361
22.17824
22.00234
21.95976
21.87391
21.78736
21.70569
21.65334
21.53049
21.52491
21.40206
21.35041
21.30364
21.18638
21.18359
21.09913
21.05097
21.05236
21.05934
21.00699
21.01118
20.93091
20.96791
20.96232
20.92533
20.92812
20.92393
20.96651
21.09494
21.21919
21.35181
21.48303
21.56749
21.73571
21.87112
22.00793
22.12379
22.13217
22.26200
22.38764
22.51049
22.60332
22.69057
22.77712
22.86018
22.95232
22.94883
22.95651
22.94883
23.03817
22.99141
23.03817
22.98722
22.99420
22.95162
22.95511
22.90555
22.86577
22.81900
22.77852
22.74152
22.69476
22.56074
22.51467
22.47628
22.43231
22.33808
22.17265
22.12240
22.04841
21.96116
21.87531
21.83412
21.74129
21.70290
21.61844
21.52770
21.43766
21.44324
21.35599
21.26665
21.22198
21.17800
21.18219
21.13961
21.05097
21.05795
21.00699
21.00560
20.96651
21.01258
21.05236
21.17521
21.31342
21.44185
21.56749
21.65753
21.82714
21.91719
22.04003
22.22221
22.25223
22.34227
22.47210
22.60192
22.60472
22.69336
22.73036
22.77433
22.82389
22.82389
22.86297
22.82040
22.82319
22.82528
22.82668
22.82040
22.73175
22.68638
22.69197
22.64869
22.60053
22.55795
22.47628
22.46651
22.38345
22.38624
22.30388
22.21663
22.16707
22.08261
22.04981
21.99955
21.95139
21.87251
21.82575
21.73710
21.73989
21.65195
21.57447
21.43906
21.39229
21.40346
21.30504
21.22617
21.18778
21.17661
21.13124
21.09355
21.05516
21.00979
21.00699
21.00560
21.00699
20.96791
21.00560
20.96930
21.09913
21.18080
21.35599
21.39508
21.47884
21.65753
21.82435
21.95697
21.96256
22.13217
22.21523
22.34646
22.38624
22.47908
22.55376
22.60611
22.68638
22.73175
22.77852
22.82319
22.82040
22.77572
22.77852
22.77852
22.77712
22.69197
22.65148
22.64869
22.60332
22.55935
22.46791
22.47349
22.42952
22.38624
22.30388
22.21384
22.13077
22.04841
21.95418
21.91439
21.87112
21.82994
21.70011
21.61007
21.61425
21.56749
21.48443
21.39787
21.34901
21.26246
21.22896
21.18080
21.13682
21.09215
21.05097
21.04538
21.05516
21.00699
21.00281
20.95883
21.00839
20.91137
20.96930
20.91974
20.91695
21.01118
21.09494
21.17382
21.26246
21.39508
21.57168
21.65334
21.74408
21.86833
21.95558
22.12519
22.21523
22.30388
22.47628
22.59774
22.64311
22.64729
22.73175
22.80783
22.86437
22.81481
22.85320
22.86297
22.86856
22.86856
22.81342
22.78270
22.73036
22.73454
22.69197
22.60053
22.55795
22.51188
22.43371
22.35064
22.20965
22.13357
22.08401
21.96256
21.91160
21.86553
21.74408
21.65334
21.60867
21.52351
21.48722
21.39508
21.35320
21.26386
21.26665
21.22058
21.18219
21.12286
21.09913
21.09355
21.08936
21.09634
21.01118
21.00699
21.01397
21.00560
21.00560
20.96791
20.96651
21.08866
21.21779
21.30085
21.39508
21.48443
21.57028
21.73850
21.82156
21.91300
22.08401
22.20686
22.21384
22.34506
22.47070
22.55935
22.65148
22.69476
22.72477
22.81900
22.85879
22.90555
22.85879
22.90834
22.94883
22.90555
22.90276
22.86577
22.81900
22.73594
22.68638
22.68917
22.55935
22.47628
22.38345
22.34506
22.20965
22.08680
21.99536
21.86833
21.82994
21.73850
21.64915
21.56888
21.47745
21.44743
21.31342
21.35320
21.27084
21.21919
21.18778
21.13263
21.17382
21.13961
21.09494
21.04538
21.05236
21.09075
21.05795
21.05097
21.00560
21.00560
21.00699
20.99722
21.00560
21.09215
21.13682
21.22756
21.34622
21.43766
21.57168
21.65893
21.74548
21.91300
22.04701
22.16847
22.29969
22.34227
22.43371
22.56493
22.64590
22.69336
22.73175
22.81760
22.90136
22.94743
22.95162
22.94324
22.95371
22.95022
22.95651
22.94883
22.82807
22.81202
22.73594
22.73036
22.69197
22.60192
22.51188
22.51467
22.42812
22.38624
22.25921
22.17824
22.12659
22.00374
21.91160
21.82854
21.77759
21.70709
21.65055
21.56749
21.56470
21.52491
21.48582
21.43487
21.35739
21.30644
21.30923
21.26386
21.18080
21.14241
21.18359
21.13403
21.13682
21.09634
21.09075
21.13822
21.17521
21.26805
21.35460
21.43487
21.57028
21.65474
21.73571
21.92137
21.90881
22.12379
22.21663
22.34366
22.47768
22.51607
22.56493
22.68359
22.76735
22.77293
22.86018
22.86297
22.95371
22.99699
22.99141
22.99001
22.94883
22.94743
22.90695
22.90834
22.89857
22.81760
22.77154
22.76875
22.73454
22.64590
22.55516
22.47768
22.42812
22.38624
22.26200
22.12379
22.13077
22.00374
21.91579
21.82854
21.78177
21.70150
21.65613
21.56888
21.48722
21.48163
21.39369
21.35181
21.25827
21.27084
21.26386
21.22477
21.22477
21.17521
21.18080
21.21709
21.22198
21.30364
21.40067
21.40346
21.51653
21.64915
21.69871
21.78457
21.87112
21.99257
22.13077
22.25223
22.39183
22.51607
22.55376
22.64869
22.72896
22.81621
22.86437
22.90555
22.98722
22.94883
23.03119
23.03538
22.98722
22.99559
23.03119
22.98443
22.99001
22.90416
22.95232
22.85739
22.85599
22.81900
22.78131
22.81481
22.73454
22.73594
22.73036
22.64869
22.59913
22.55935
22.51049
22.47070
22.38764
22.34646
22.29550
22.26060
22.21384
22.12798
22.08540
22.03864
21.99955
21.95837
21.91300
21.87251
21.78177
21.73989
21.70150
21.69452
21.65334
21.65055
21.61286
21.56330
21.60727
21.56888
21.56888
21.56609
21.60588
21.65334
21.70150
21.73850
21.82296
21.87251
22.08401
22.17126
22.25641
22.34227
22.42952
22.52026
22.55655
22.64031
22.68917
22.77572
22.85879
22.90695
22.94883
22.99280
23.03678
22.99699
22.99001
22.98861
22.99699
22.99141
22.94185
22.90695
22.90834
22.85599
22.90555
22.77433
22.77572
22.73175
22.68638
22.65148
22.60332
22.51607
22.43650
22.38764
22.39043
22.25921
22.16707
22.08680
21.99955
21.95558
21.91719
21.78736
21.69452
21.65893
21.57168
21.52351
21.48163
21.35041
21.35460
21.26386
21.23035
21.17800
21.09215
21.09215
21.04957
21.04399
21.01677
21.00281
21.00420
21.09355
21.22058
21.34901
21.43906
21.60867
21.70290
21.87391
21.91021
22.04143
22.17405
22.30109
22.39043
22.43231
22.56353
22.64729
22.77433
22.77852
22.85460
22.94743
22.99420
23.03119
23.03119
23.03398
23.03817
23.03817
23.07866
22.99001
22.99141
22.99141
22.95651
22.90136
22.81900
22.73454
22.68499
22.64729
22.55935
22.43091
22.33808
22.25781
22.17265
22.08122
21.95139
21.86972
21.69313
21.70569
21.57447
21.48024
21.39927
21.34762
21.27223
21.18080
21.13961
21.09355
21.09355
21.05376
20.96791
21.00420
20.96930
20.96023
20.92952
20.87298
20.91835
20.92393
20.88415
20.92393
21.00699
21.18080
21.26525
21.39927
21.51933
21.65893
21.69034
21.82435
22.00374
22.17265
22.34646
22.33529
22.48187
22.64171
22.72896
22.86018
22.86297
22.99420
23.07586
23.16521
23.20848
23.20709
23.24408
23.29643
23.29085
23.29224
23.25385
23.20709
23.20430
23.15544
23.11984
23.03259
23.03119
22.99280
22.99001
22.95022
22.82389
22.81342
22.73873
22.68917
22.59913
22.46930
22.38624
22.34785
22.25781
22.17545
22.04283
21.95418
21.91579
21.87391
21.73850
21.70569
21.65334
21.57586
21.44324
21.35460
21.31062
21.26665
21.18638
21.14101
21.09773
21.09215
21.05097
21.01677
21.00979
20.96930
20.96232
20.91835
20.92114
20.92114
20.88554
20.92393
21.01677
21.13961
21.26665
21.34622
21.48443
21.61844
21.74408
21.82714
21.91719
22.08540
22.17824
22.30527
22.33808
22.47210
22.55655
22.64590
22.73594
22.73315
22.81900
22.86437
22.86297
22.94743
22.99420
23.03678
22.99699
22.99420
23.04096
22.99280
22.99699
22.91114
22.90555
22.86018
22.86437
22.82319
22.77572
22.73594
22.73175
22.68778
22.73315
22.69057
22.65148
22.65148
22.64450
22.60890
22.55935
22.55935
22.52445
22.52165
22.51467
22.42673
22.38764
22.34506
22.33808
22.30807
22.21244
22.17265
22.17405
22.12519
22.04841
22.05120
21.99536
21.91160
21.87531
21.82714
21.78457
21.74408
21.65055
21.66032
21.57028
21.52631
21.48303
21.39369
21.39369
21.30504
21.27084
21.22756
21.18498
21.13263
21.18498
21.26525
21.44324
21.44185
21.60727
21.73710
21.86833
21.91998
22.04562
22.13496
22.25921
22.39043
22.43510
22.56353
22.68778
22.82319
22.86437
22.86018
22.99001
23.08005
23.16381
23.12403
23.17358
23.25385
23.25106
23.29224
23.21337
23.15962
23.20430
23.16242
23.16242
23.08215
23.07866
23.07586
23.08005
23.07866
23.03398
23.03259
23.03678
22.99280
22.99420
22.91253
22.85739
22.81760
22.81900
22.77433
22.69336
22.64729
22.64590
22.60472
22.56493
22.43371
22.34506
22.34227
22.20965
22.13496
21.95139
21.91439
21.82714
21.74269
21.65474
21.52212
21.51793
21.39648
21.26107
21.17521
21.14101
21.08587
21.01397
20.91974
20.87856
20.92114
20.87996
20.91974
21.05376
21.17800
21.26944
21.44324
21.56470
21.65334
21.74129
21.82994
22.00095
22.12659
22.30527
22.34227
22.39183
22.52026
22.64590
22.73175
22.77852
22.82319
22.90136
22.94883
22.98582
23.03957
23.03398
23.03119
23.07447
23.08005
23.07866
23.03259
22.99559
23.03398
22.99420
22.94883
22.90276
22.90276
22.86018
22.87275
22.86158
22.81900
22.78270
22.77433
22.73454
22.69057
22.61030
22.55935
22.51467
22.47349
22.47768
22.39322
22.39462
22.30527
22.30527
22.21523
22.12798
22.04562
22.00095
21.91439
21.78736
21.74408
21.69732
21.57168
21.43766
21.40346
21.35041
21.22617
21.08936
20.96372
20.92393
20.83947
20.75153
20.75013
20.79829
20.83529
20.87996
20.91835
20.88275
20.83529
20.83180
20.83808
20.79410
20.79410
20.78712
20.87856
21.00141
21.09634
21.18219
21.27084
21.39927
21.61146
21.78875
21.87949
22.04562
22.17265
22.26060
22.38764
22.51747
22.64031
22.77293
22.86856
22.90136
22.99699
23.04096
23.12961
23.07726
23.12123
23.12263
23.12682
23.12821
23.12821
23.12123
23.07447
23.12403
23.12542
23.08005
23.08215
23.04236
23.03678
22.98861
22.95022
22.95511
22.90974
22.86018
22.86856
22.77572
22.73454
22.69197
22.65288
22.60332
22.43091
22.34925
22.26060
22.21384
22.13077
21.99815
21.91858
21.83133
21.78736
21.65893
21.61984
21.48303
21.43906
21.39648
21.30923
21.22198
21.18080
21.09494
21.04957
20.96791
20.91695
20.92254
20.92812
20.96372
21.04818
21.14380
21.18080
21.13961
21.09494
21.10192
21.09494
21.05795
20.96651
20.87717
20.75432
20.70406
20.66707
20.61891
20.66707
20.70965
20.74734
20.87996
21.01537
21.13961
21.23035
21.34901
21.48582
21.56749
21.73431
21.78736
21.91021
22.04143
22.13636
22.21663
22.30109
22.39322
22.43510
22.56702
22.59355
22.68499
22.64590
22.64311
22.69476
22.69546
22.68917
22.60611
22.61030
22.59913
22.56982
22.51747
22.38205
22.35064
22.29969
22.26200
22.21802
22.08261
22.12659
22.04283
21.99815
21.95837
22.00513
21.91858
21.82714
21.79294
21.69732
21.73431
21.56888
21.52770
21.44464
21.34901
21.36158
21.30783
21.18080
21.13961
21.14241
21.17940
21.17940
21.21779
21.30644
21.35460
21.48163
21.57447
21.69871
21.82435
21.91021
22.17265
22.52165
22.86577
22.94743
23.16660
23.24827
23.33412
23.25385
23.20848
23.08005
22.95162
22.82040
22.82528
22.68638
22.65148
22.64869
22.64450
22.56353
22.38205
22.17824
21.91719
21.83273
21.73850
21.70290
21.66032
21.65893
21.65334
21.65334
21.70011
21.91719
22.08540
22.21384
22.38066
22.60890
22.77293
22.86018
22.99559
23.11705
23.11844
23.07028
23.07726
23.17079
23.29504
23.46535
23.47303
23.46744
23.42068
23.29364
23.24548
23.20290
23.11984
23.08215
23.08075
23.03119
22.99420
22.86018
22.77852
22.73594
22.69476
22.73734
22.64450
22.64869
22.56214
22.60192
22.65009
22.68917
22.73175
22.77712
22.91253
23.11705
23.24967
23.37670
23.41928
23.55748
23.68173
23.72570
23.76479
23.81156
23.77456
23.68312
23.47303
23.41928
23.25665
23.16242
22.99420
22.86437
22.69197
22.48047
22.29829
22.17545
22.12659
21.99397
21.91439
21.78596
21.73431
21.70150
21.61146
21.52351
21.39927
21.34901
21.30783
21.22617
21.10053
21.00839
21.05236
21.05376
21.13543
21.22337
21.27223
21.44045
21.61007
21.73989
21.87670
21.95278
22.08820
22.13077
22.21384
22.30667
22.34646
22.34925
22.34646
22.30248
22.26060
22.17126
22.12938
21.91300
21.82854
21.73710
21.60727
21.47884
21.39648
21.35041
21.27223
21.18080
21.09075
21.04818
21.04678
21.00560
20.92254
20.92672
20.92672
20.91974
20.88275
20.87996
20.92254
21.00979
21.13822
21.31481
21.44045
21.57726
21.77898
21.91719
22.08540
22.21802
22.30248
22.34227
22.42673
22.47349
22.47349
22.51467
22.42673
22.34506
22.26758
22.25223
22.17126
22.00234
21.82575
21.74548
21.65613
21.52910
21.48582
21.31760
21.31481
21.22756
21.13263
21.14241
21.05097
21.00001
20.96511
20.96511
21.05236
21.04957
21.17521
21.35181
21.52491
21.65334
21.78596
21.91439
22.04143
22.21663
22.25921
22.30248
22.47070
22.55376
22.73175
22.69057
22.82040
22.90695
22.94604
23.02840
22.99420
23.02421
22.99839
22.98722
22.99280
22.90695
22.86297
22.82040
22.73315
22.68359
22.56214
22.42533
22.30109
22.21802
22.08122
21.95837
21.81877
21.69732
21.60867
21.52631
21.47884
21.39508
21.31202
21.26944
21.21919
21.17521
21.21779
21.21779
21.31062
21.44185
21.61146
21.78177
21.78736
21.96256
22.04003
22.21523
22.25781
22.39043
22.47070
22.60751
22.68359
22.73315
22.90136
23.03119
23.11146
23.12821
23.16800
23.25246
23.24967
23.24548
23.25385
23.25106
23.20430
23.16660
23.11565
23.07866
23.03259
22.98582
22.94883
22.90695
22.82179
22.73594
22.69057
22.55516
22.51886
22.38764
22.29829
22.17684
22.17126
22.08261
21.95278
21.86553
21.78596
21.70290
21.65474
21.56330
21.48722
21.47396
21.40206
21.30644
21.30644
21.30225
21.26386
21.39369
21.53189
21.73710
21.87391
21.95697
22.07842
22.25641
22.34785
22.47628
22.64590
22.73036
22.90416
22.98722
23.03538
23.16381
23.24269
23.29085
23.33412
23.37531
23.38229
23.41509
23.42207
23.37670
23.33901
23.29783
23.24967
23.25106
23.16102
23.11984
23.07586
23.03259
23.03678
22.90555
22.86297
22.81342
22.73036
22.69197
22.56074
22.47908
22.38764
22.34087
22.26200
22.08820
22.00374
21.86274
21.78596
21.69173
21.61425
21.47605
21.39369
21.30644
21.22058
21.13543
21.05236
21.00839
21.00699
21.09773
21.25827
21.34901
21.53049
21.69732
21.86693
22.04003
22.12659
22.25781
22.47349
22.60053
22.73036
22.77433
22.90695
23.03538
23.20569
23.20569
23.29364
23.41788
23.50793
23.55609
23.55469
23.56028
23.59448
23.55888
23.59867
23.46256
23.47023
23.41649
23.38089
23.33133
23.25525
23.20569
23.16940
23.12263
23.03398
22.94883
22.85739
22.73036
22.73175
22.60611
22.38764
22.25781
22.21802
22.04003
21.87251
21.78177
21.65893
21.57168
21.43347
21.26944
21.22617
21.10053
21.09075
20.96651
20.87717
20.87717
20.83249
20.79690
20.70685
20.66288
20.69778
20.79271
20.92672
21.04538
21.22337
21.35460
21.47745
21.65613
21.77479
21.91300
22.04562
22.21244
22.43091
22.51747
22.64590
22.72756
22.86158
22.99280
23.07447
23.16381
23.20430
23.28945
23.29643
23.29085
23.33901
23.28806
23.24548
23.21058
23.15962
23.07866
23.03678
22.95511
22.85599
22.81481
22.77293
22.63752
22.55935
22.51467
22.39043
22.25502
22.12519
22.00095
21.87112
21.74129
21.60867
21.53049
21.44185
21.35599
21.26386
21.13961
21.09075
21.04538
21.01118
20.88694
20.83389
20.83529
20.79410
20.75153
20.70685
20.65869
20.79271
20.88135
20.96232
21.17940
21.31062
21.43766
21.60867
21.73850
21.87391
21.91300
22.12659
22.25502
22.38764
22.51747
22.56074
22.63892
22.68359
22.82179
22.81900
22.85739
22.81621
22.82040
22.81900
22.77572
22.77154
22.69336
22.68917
22.64171
22.60332
22.51467
22.42673
22.34366
22.26060
22.16986
22.08401
21.99955
21.86833
21.82714
21.70011
21.56470
21.47605
21.48582
21.35181
21.26665
21.13124
21.13682
21.08866
21.00839
20.96093
20.92254
20.87856
20.87996
20.78992
20.78433
20.79271
20.91695
21.00979
21.13822
21.30085
21.39229
21.56749
21.69592
21.82156
21.95558
21.99815
22.21942
22.33808
22.42533
22.55935
22.60751
22.69336
22.82319
22.86716
22.95022
23.03259
23.07726
23.08005
23.11705
23.08005
23.11844
22.99001
22.99420
22.99420
22.95162
22.90555
22.81900
22.77433
22.69197
22.65009
22.60751
22.52026
22.42673
22.33948
22.25641
22.17684
22.04422
22.04422
21.91021
21.78038
21.70430
21.65195
21.57028
21.48024
21.35599
21.26386
21.22477
21.13543
21.04818
20.96372
20.92393
20.92114
20.87856
20.79271
20.78852
20.75571
20.74594
20.71244
20.71104
20.70825
20.70336
20.71383
20.74734
20.79690
20.87577
20.96232
21.08936
21.22337
21.30923
21.39648
21.47745
21.69313
21.86274
22.00513
22.04003
22.21244
22.29690
22.39322
22.51328
22.60472
22.73036
22.81342
22.91114
22.89857
22.99001
23.03259
22.99420
23.02840
22.99699
23.03398
23.03957
22.99001
22.95162
22.95022
22.90834
22.85599
22.78131
22.72477
22.73594
22.69336
22.60192
22.61030
22.51049
22.46930
22.38066
22.30807
22.24943
22.16707
22.12938
21.99815
21.91579
21.87251
21.78875
21.61286
21.52631
21.48163
21.48582
21.35460
21.26665
21.21779
21.13682
21.08936
21.00281
20.96232
20.96651
20.87856
20.87577
20.83040
20.79131
20.79271
20.70965
20.74315
20.74873
20.70685
20.71383
20.66148
20.74734
20.74594
20.79550
20.83389
20.96232
21.01118
21.09494
21.14101
21.22198
21.31621
21.48861
21.56190
21.65474
21.74129
21.91858
21.95418
22.08680
22.16567
22.30388
22.38624
22.34646
22.38903
22.42673
22.42673
22.43510
22.34087
22.29969
22.30109
22.25781
22.21663
22.12240
22.04143
21.96535
21.86414
21.79015
21.73431
21.65613
21.56470
21.52770
21.39648
21.39648
21.31202
21.22617
21.21919
21.13543
21.13543
21.08866
21.09215
21.09634
21.05516
21.05097
21.00839
20.96023
20.96651
20.92114
20.96093
20.96023
20.91835
20.92952
20.92533
20.92254
20.96093
20.96791
21.00420
21.09075
21.17661
21.26246
21.35460
21.48582
21.57168
21.64636
21.73710
21.82575
21.95697
22.04143
22.12938
22.26339
22.34366
22.43510
22.43371
22.47489
22.51747
22.47210
22.47210
22.43371
22.38345
22.34506
22.25362
22.21663
22.17545
22.04283
22.00095
21.91160
21.87531
21.82435
21.78736
21.69732
21.61425
21.57307
21.48163
21.47745
21.43766
21.39648
21.35599
21.31342
21.35320
21.25827
21.31760
21.21919
21.22617
21.22477
21.21919
21.13682
21.13682
21.13543
21.17940
21.14101
21.12845
21.18080
21.22896
21.39369
21.39648
21.47745
21.57168
21.66032
21.69592
21.82575
21.95418
22.03864
22.17265
22.21384
22.30527
22.38624
22.47768
22.56074
22.55655
22.64869
22.64171
22.69546
22.68778
22.65009
22.64171
22.64450
22.60472
22.56493
22.51747
22.42533
22.39043
22.34506
22.29829
22.21942
22.16707
22.12938
22.04562
21.99955
22.00374
21.91998
21.86693
21.82994
21.78457
21.78736
21.73571
21.70150
21.65474
21.61007
21.60867
21.56609
21.53049
21.48303
21.44324
21.44185
21.43766
21.39787
21.39648
21.39229
21.44743
21.52770
21.65893
21.74408
21.78596
21.91439
21.95418
22.04422
22.13357
22.25921
22.22221
22.34227
22.47210
22.56214
22.60192
22.64590
22.68638
22.77712
22.77293
22.82528
22.73873
22.73175
22.73594
22.68638
22.69197
22.64171
22.60890
22.55935
22.51747
22.46791
22.35344
22.24943
22.26200
22.17126
22.08820
22.03724
21.96116
21.91579
21.82994
21.78457
21.73989
21.65893
21.65613
21.57168
21.48722
21.48303
21.44185
21.44185
21.43906
21.53189
21.65195
21.70150
21.82994
21.95697
22.04283
22.12798
22.25781
22.34087
22.47908
22.55935
22.61030
22.68778
22.77433
22.82179
22.90555
22.86297
22.86577
22.86158
22.86577
22.81621
22.77991
22.73315
22.64729
22.60472
22.56493
22.48047
22.38764
22.30527
22.30667
22.17963
22.04562
21.95697
21.87810
21.82854
21.74408
21.70290
21.61286
21.53329
21.48443
21.39787
21.40206
21.35041
21.35041
21.40485
21.52212
21.69871
21.78736
21.91579
22.00793
22.13217
22.21942
22.25781
22.34785
22.43371
22.51467
22.52026
22.60332
22.65009
22.69336
22.73873
22.73734
22.73594
22.73315
22.69336
22.64869
22.51886
22.43091
22.34646
22.26060
22.21663
22.04981
21.99955
21.86833
21.78736
21.74687
21.65334
21.48722
21.27223
21.18080
21.21779
21.61844
22.00095
22.39043
22.56353
22.73454
22.34227
21.65893
20.97070
20.62309
20.09820
19.80643
19.80434
19.84133
19.93138
20.01793
20.14636
20.27898
20.31807
20.40881
20.44650
20.61891
20.66428
20.87996
21.09355
21.35181
21.65055
21.78317
21.99397
22.13496
22.21244
22.17126
22.21942
22.21523
22.26200
22.25641
22.29829
22.30109
22.42952
22.47349
22.51747
22.47070
22.43231
22.42952
22.38345
22.39043
22.30109
22.25362
22.21802
22.16847
22.12938
22.00513
21.91998
21.82854
21.82994
21.69871
21.57028
21.48722
21.35460
21.31202
21.18080
21.17940
21.14520
21.09075
21.14241
21.08936
21.09355
21.04818
21.00699
20.92672
20.87437
20.83808
20.78712
20.83529
20.83668
20.83947
20.87856
20.92393
20.96023
20.96791
20.91974
20.96372
20.96232
20.91835
20.87996
20.83808
20.83529
20.83529
20.79271
20.84227
20.83529
20.88275
20.83668
20.83529
20.88275
20.83040
20.92533
20.92393
20.97070
20.91974
20.97070
21.00699
21.00281
21.00699
21.01118
21.00420
21.05236
21.09075
21.09773
21.14380
21.22617
21.40346
21.52351
21.66172
21.65474
21.83273
22.04562
22.21663
22.34646
22.43371
22.56214
22.69197
22.77154
22.86577
22.94324
23.08913
23.03398
23.12263
23.17079
23.16102
23.21058
23.16800
23.21756
23.20848
23.20709
23.16521
23.11844
23.11984
23.07866
23.08354
22.99001
22.95022
22.90136
22.85879
22.77991
22.73175
22.69057
22.60611
22.56214
22.43510
22.39043
22.26339
22.21942
22.08680
22.04422
21.95418
21.95558
21.86972
21.82854
21.74129
21.69034
21.65613
21.60727
21.56470
21.52631
21.48582
21.48163
21.43626
21.39369
21.40067
21.35041
21.39648
21.35041
21.34901
21.44185
21.52770
21.65195
21.77898
21.82994
21.95558
22.04841
22.21802
22.38066
22.43371
22.56074
22.68917
22.72756
22.82179
22.89857
23.03398
23.12123
23.16660
23.25246
23.33692
23.37949
23.42347
23.38089
23.41928
23.38368
23.37251
23.38787
23.29364
23.25246
23.29085
23.25246
23.20848
23.11984
23.07866
22.95651
22.86577
22.82040
22.64590
22.56074
22.47628
22.39043
22.30109
22.21802
22.08401
22.00513
21.95697
21.87251
21.86833
21.78875
21.69732
21.65474
21.60727
21.61425
21.57168
21.52770
21.48443
21.44185
21.47884
21.44464
21.39787
21.35599
21.36018
21.35041
21.35320
21.31062
21.31342
21.26525
21.26944
21.31202
21.31062
21.35739
21.44743
21.57028
21.61425
21.73850
21.91439
22.00095
22.13357
22.25362
22.38345
22.52445
22.69057
22.73036
22.86716
22.99001
23.08005
23.16660
23.16381
23.24408
23.29922
23.33692
23.34180
23.34180
23.33692
23.29364
23.25106
23.24967
23.16521
23.12403
23.07307
23.07866
23.02980
22.99559
22.90695
22.86716
22.81481
22.73734
22.55516
22.47628
22.43510
22.34227
22.26339
22.12938
22.04283
22.04422
21.95837
21.86693
21.82994
21.77898
21.69452
21.61286
21.53329
21.52631
21.43906
21.39089
21.35879
21.30504
21.35599
21.31062
21.26665
21.22058
21.18498
21.17661
21.17800
21.13961
21.14241
21.13403
21.21709
21.26944
21.36158
21.48722
21.52351
21.70150
21.82296
21.91160
21.99397
22.09099
22.21104
22.38205
22.47768
22.55935
22.69685
22.77433
22.90974
22.99280
23.07028
23.16521
23.16940
23.29224
23.33273
23.33761
23.38089
23.38508
23.42626
23.37949
23.37670
23.34041
23.29783
23.24967
23.24827
23.20290
23.16800
23.07866
23.07307
23.04096
22.95232
22.91114
22.77433
22.69197
22.60472
22.51886
22.39183
22.30248
22.21942
22.12519
22.00513
21.91719
21.91300
21.78177
21.74408
21.64915
21.56888
21.57028
21.47884
21.39369
21.35739
21.30504
21.30504
21.22198
21.22896
21.17940
21.17940
21.17521
21.13822
21.13403
21.13961
21.13543
21.13124
21.13822
21.09634
21.13961
21.13961
21.31202
21.39648
21.44604
21.56888
21.65753
21.78596
21.91998
21.95837
22.08540
22.21384
22.38903
22.50769
22.59774
22.69057
22.81481
22.90136
22.99141
23.03678
23.12263
23.20918
23.20848
23.25106
23.25246
23.24967
23.29085
23.25385
23.24548
23.20918
23.15823
23.16660
23.07307
23.03398
22.98303
22.90974
22.95232
22.81481
22.73734
22.69336
22.60611
22.51886
22.38624
22.30109
22.21942
22.12938
22.08401
21.99536
21.87112
21.77759
21.78317
21.70011
21.65613
21.56470
21.48722
21.43208
21.35320
21.34901
21.27084
21.26805
21.22756
21.17661
21.13682
21.14101
21.09075
21.09075
21.04678
21.13822
21.09355
21.17242
21.27084
21.34901
21.47884
21.56330
21.69592
21.78596
21.95837
22.13077
22.17126
22.29690
22.47349
22.56074
22.56353
22.64729
22.77572
22.90416
22.98861
22.98861
23.07586
23.12542
23.16381
23.16660
23.12403
23.08005
23.07447
23.07586
23.03538
22.99420
22.98582
22.94604
22.89857
22.90276
22.82528
22.72896
22.64590
22.64171
22.51188
22.43231
22.29690
22.25921
22.17545
22.12798
21.95837
21.86972
21.87112
21.78596
21.69592
21.65334
21.61007
21.56470
21.48163
21.43766
21.44185
21.39229
21.30504
21.26386
21.17661
21.17940
21.22058
21.13543
21.13263
21.09913
21.13263
21.09634
21.09075
21.17800
21.26665
21.35041
21.48163
21.60448
21.74129
21.87112
21.91300
22.04143
22.21802
22.29411
22.39043
22.46791
22.51467
22.63892
22.69057
22.77712
22.81900
22.81481
22.90136
22.94883
22.95022
22.90555
22.94743
22.94883
22.94604
22.90695
22.86018
22.85879
22.86158
22.81621
22.77433
22.69546
22.64450
22.64590
22.59634
22.56493
22.42812
22.39043
22.33808
22.29969
22.21663
22.07842
22.00095
21.95558
21.86553
21.78457
21.69871
21.69592
21.61146
21.52072
21.43906
21.48582
21.39787
21.35041
21.26805
21.26944
21.22896
21.21919
21.18219
21.12565
21.13263
21.13682
21.09215
21.05376
21.05236
21.04538
21.13961
21.22198
21.30783
21.39369
21.43906
21.56888
21.69732
21.82994
21.91160
22.08680
22.20825
22.34087
22.47349
22.56353
22.64590
22.69057
22.82319
22.85181
22.99001
23.02980
23.03538
23.11984
23.12263
23.16102
23.12263
23.07866
23.03119
23.03678
23.02700
22.99280
22.90416
22.90276
22.90834
22.81900
22.77293
22.68499
22.65148
22.60053
22.47210
22.34227
22.25083
22.16986
22.08122
21.95139
21.82994
21.82575
21.69871
21.61425
21.52631
21.47605
21.43626
21.39369
21.30364
21.22617
21.18638
21.17521
21.13961
21.09215
21.04678
21.00560
21.00979
21.01397
20.96093
20.96651
20.92114
20.96093
20.91835
20.92672
20.93091
20.87996
20.91974
20.92254
20.88415
20.87856
20.88694
20.92393
20.96511
21.00001
21.04957
21.17661
21.30504
21.39369
21.48024
21.65195
21.86972
22.08680
22.12798
22.33948
22.43371
22.60192
22.64590
22.72756
22.82389
22.94604
22.99280
23.03398
23.07866
23.12821
23.11565
23.11984
23.03119
23.03119
22.99699
22.89997
22.86856
22.81202
22.72617
22.65288
22.56074
22.52305
22.34227
22.25781
22.16986
22.08401
22.00374
21.95139
21.86693
21.73710
21.73710
21.61286
21.56888
21.48024
21.44185
21.39508
21.35320
21.29806
21.26665
21.26944
21.26386
21.17800
21.17382
21.17521
21.17940
21.13403
21.13682
21.14101
21.14101
21.13403
21.09634
21.09075
21.09494
21.09494
21.09355
21.09913
21.04818
21.13124
21.13682
21.22337
21.31342
21.34901
21.48722
21.52770
21.56888
21.65334
21.82435
21.91858
22.08680
22.22221
22.34646
22.38485
22.47908
22.55795
22.68499
22.77293
22.86577
22.90276
22.94604
23.03398
22.99141
23.03398
22.98582
22.98722
22.95371
22.89857
22.86297
22.77852
22.68917
22.60611
22.60192
22.51886
22.34366
22.25641
22.17545
22.12798
21.95976
21.96116
21.82435
21.78457
21.73850
21.65753
21.61425
21.57028
21.53049
21.44045
21.39089
21.44464
21.35599
21.35599
21.30644
21.26944
21.30504
21.27223
21.26246
21.22477
21.22756
21.22617
21.22756
21.22477
21.22337
21.22756
21.34622
21.40346
21.48163
21.61007
21.65613
21.82714
21.87810
22.04003
22.12798
22.21802
22.25223
22.43371
22.55935
22.56633
22.73175
22.73873
22.82179
22.95371
22.94324
23.08005
23.03678
23.08494
23.11984
23.08215
23.08075
22.99280
22.99141
22.94185
22.85460
22.86158
22.77991
22.65009
22.64171
22.51467
22.43650
22.30248
22.26200
22.17126
22.12798
22.00095
21.95558
21.86553
21.78736
21.73989
21.65753
21.65753
21.61425
21.52491
21.52631
21.44464
21.48303
21.39369
21.39648
21.35739
21.30923
21.34762
21.30923
21.26805
21.26665
21.26107
21.26525
21.26665
21.26246
21.26665
21.22058
21.30783
21.40346
21.44464
21.48163
21.57028
21.73710
21.82854
21.95837
21.99676
22.12798
22.21663
22.34506
22.38205
22.51607
22.64869
22.69336
22.77433
22.82528
22.89718
22.99001
22.99978
22.98722
22.99420
22.98861
22.95022
22.86297
22.86995
22.81900
22.73454
22.68917
22.52026
22.42812
22.30388
22.21384
22.13217
22.04283
21.91719
21.82016
21.78596
21.69173
21.74269
21.65613
21.61286
21.57168
21.52770
21.57447
21.52072
21.47884
21.47884
21.43626
21.48024
21.52910
21.56330
21.61565
21.69452
21.78317
21.86972
21.96116
22.04981
22.13357
22.13077
22.30109
22.38903
22.47628
22.55935
22.60192
22.68359
22.77154
22.81900
22.86437
22.91114
22.90416
22.94464
22.95022
22.94464
22.91253
22.90276
22.90276
22.86158
22.86577
22.77433
22.73594
22.73036
22.65009
22.60472
22.47349
22.43091
22.39183
22.30109
22.21663
22.17684
22.08540
22.00234
21.96116
21.87251
21.86972
21.82435
21.73989
21.65334
21.61565
21.57028
21.52631
21.43626
21.40206
21.39648
21.40765
21.39787
21.30923
21.30783
21.27223
21.30644
21.26386
21.26805
21.21779
21.17661
21.21919
21.26944
21.30504
21.40067
21.48861
21.61565
21.69452
21.73710
21.83273
21.91300
22.13775
22.21663
22.34506
22.43091
22.56214
22.65148
22.69685
22.81621
22.90695
22.98861
23.04236
23.07307
23.16521
23.25106
23.24967
23.24687
23.24827
23.28806
23.25246
23.25106
23.16102
23.16800
23.12263
23.03398
22.99001
22.99420
22.90276
22.81481
22.77572
22.68778
22.64869
22.47210
22.43231
22.29969
22.30109
22.16567
22.08540
22.04981
22.00653
21.95976
21.91858
21.82156
21.78317
21.69592
21.65334
21.61705
21.56470
21.48582
21.48163
21.43906
21.44464
21.40067
21.35599
21.35320
21.31481
21.35181
21.30644
21.31342
21.30644
21.35599
21.44324
21.52631
21.60727
21.70430
21.78038
21.96395
21.99955
22.04841
22.17405
22.26479
22.29829
22.38764
22.47070
22.60751
22.69685
22.77433
22.82807
22.94883
23.04236
23.12542
23.08005
23.16242
23.16242
23.16242
23.16521
23.16800
23.12123
23.12682
23.12123
23.12542
23.03817
23.03398
22.95162
22.95162
22.86577
22.74013
22.69336
22.60332
22.55935
22.47628
22.34925
22.25781
22.21384
22.13217
22.04143
21.99955
21.91439
21.87112
21.78457
21.70011
21.70569
21.61146
21.56749
21.48163
21.44045
21.44324
21.44045
21.39787
21.35460
21.31062
21.31760
21.31621
21.26525
21.22198
21.22198
21.22896
21.27084
21.27084
21.35599
21.39369
21.48722
21.57307
21.65334
21.74687
21.83273
21.96535
22.04841
22.17545
22.30527
22.34646
22.43720
22.51328
22.65288
22.73454
22.78270
22.78270
22.86158
22.91253
22.95022
23.03538
23.00118
23.03817
23.03398
22.99001
22.99559
22.95232
22.86437
22.86577
22.82389
22.77852
22.68499
22.64311
22.55516
22.51467
22.47489
22.34227
22.34506
22.25641
22.17684
22.08959
21.99815
22.00793
21.91160
21.82854
21.73710
21.74687
21.70290
21.65474
21.61007
21.57168
21.57447
21.52351
21.48443
21.43208
21.39927
21.43487
21.39369
21.35320
21.35320
21.31202
21.31062
21.31062
21.26107
21.27363
21.22337
21.27084
21.26665
21.22617
21.30783
21.31202
21.43906
21.52491
21.65753
21.74129
21.78736
21.95697
22.08540
22.16847
22.25641
22.39741
22.47628
22.60192
22.65148
22.77852
22.86716
22.90695
22.99141
23.03398
23.08215
23.12542
23.12682
23.12403
23.12263
23.08005
23.11705
23.03678
23.08005
23.03538
22.99001
22.94604
22.90974
22.90555
22.82319
22.77712
22.72896
22.68499
22.65009
22.64450
22.55935
22.55935
22.52165
22.47349
22.47070
22.43510
22.43231
22.34925
22.29829
22.26200
22.17265
22.17126
22.08959
22.04422
22.00234
21.96256
21.91021
21.91858
21.87251
21.79155
21.79504
21.74408
21.75106
21.65195
21.56609
21.52631
21.48722
21.48722
21.43906
21.40206
21.34622
21.31202
21.35739
21.26805
21.26665
21.22617
21.31062
21.44185
21.48303
21.56749
21.65893
21.78596
21.87251
21.92277
21.99955
22.13217
22.25781
22.29969
22.38764
22.51886
22.60332
22.73036
22.69197
22.82528
22.90416
22.99420
23.03817
23.03678
23.07866
23.12263
23.16940
23.12682
23.16660
23.12263
23.16800
23.12403
23.11705
23.03678
23.00118
22.99699
22.95022
22.90695
22.81900
22.77293
22.68638
22.69476
22.61030
22.47349
22.39462
22.34506
22.26479
22.21104
22.04562
21.95278
21.87531
21.78457
21.70569
21.65753
21.57168
21.57447
21.48582
21.44464
21.40485
21.30923
21.31621
21.22058
21.17800
21.17940
21.18917
21.14241
21.09215
21.09634
21.09355
21.13822
21.14380
21.22617
21.31760
21.39927
21.44464
21.48303
21.52770
21.56609
21.74687
21.87251
21.95558
22.04283
22.13357
22.21244
22.30876
22.38485
22.51467
22.55376
22.60890
22.68359
22.77433
22.86158
22.91114
22.90276
22.95022
22.98582
22.99141
22.99001
22.95232
22.94883
22.94743
22.90416
22.90974
22.87135
22.86437
22.82179
22.82389
22.77991
22.65009
22.64729
22.55376
22.47210
22.43510
22.30248
22.25781
22.21942
22.13217
22.04003
22.00234
21.96116
21.87949
21.78736
21.70150
21.64915
21.56609
21.53049
21.44185
21.35879
21.35320
21.27084
21.22058
21.17242
21.18359
21.13403
21.13961
21.09634
21.08587
21.00839
21.05655
21.04957
21.01258
20.97349
21.00979
21.05516
21.13403
21.18498
21.21709
21.26944
21.35320
21.43626
21.53049
21.56749
21.69871
21.82435
21.95837
22.04283
22.17405
22.29969
22.34646
22.47908
22.51049
22.60053
22.69336
22.77991
22.78550
22.90974
22.95232
22.95162
22.99839
22.95232
22.99001
22.98443
22.95232
22.86158
22.90834
22.86437
22.86297
22.82319
22.78270
22.73175
22.73734
22.64729
22.60751
22.47768
22.42673
22.34646
22.30109
22.21104
22.12659
22.04981
21.96256
21.86972
21.86553
21.82714
21.74129
21.70290
21.60448
21.57028
21.52351
21.43626
21.40206
21.35041
21.30364
21.30783
21.26665
21.22337
21.21570
21.13543
21.18219
21.14101
21.13822
21.09494
21.05655
21.09773
21.09494
21.04538
21.05097
21.05655
21.18498
21.18219
21.30923
21.39508
21.40067
21.47884
21.57168
21.61425
21.78596
21.87251
22.04562
22.12798
22.25502
22.38624
22.47070
22.51607
22.60192
22.73594
22.86297
22.90416
22.90136
22.94604
23.03119
23.07447
23.07028
23.08075
23.03119
22.99559
23.03398
22.99420
22.94743
22.91114
22.86716
22.85739
22.82319
22.78270
22.68638
22.60472
22.59634
22.51607
22.38764
22.30527
22.21942
22.17265
22.03724
22.04701
21.95558
21.91300
21.82435
21.73710
21.69871
21.60867
21.61705
21.52631
21.48303
21.48163
21.40067
21.34901
21.31202
21.26665
21.30923
21.22896
21.22058
21.22337
21.17800
21.17521
21.17661
21.13822
21.13822
21.14101
21.14101
21.13543
21.13682
21.17661
21.22198
21.26944
21.35739
21.44185
21.52212
21.61146
21.74269
21.82296
21.91439
22.04422
22.12938
22.21384
22.34227
22.47628
22.56214
22.69057
22.68917
22.82040
22.91393
22.89857
23.03398
23.07866
23.07726
23.12123
23.15544
23.21058
23.11705
23.12542
23.12542
23.07586
23.03398
22.94883
22.91114
22.81481
22.82179
22.77572
22.64450
22.60751
22.51747
22.43091
22.38066
22.21663
22.21663
22.08540
22.03864
21.95558
21.95418
21.91719
21.83133
21.73710
21.69732
21.74548
21.65334
21.57168
21.52212
21.47884
21.48024
21.44045
21.35181
21.35599
21.30364
21.30783
21.27363
21.26805
21.26246
21.21919
21.22617
21.22617
21.17382
21.22198
21.22337
21.23035
21.17382
21.21919
21.22617
21.31342
21.43347
21.52770
21.51933
21.64776
21.74408
21.86833
22.04841
22.08540
22.21802
22.38205
22.43371
22.55935
22.65288
22.77014
22.90695
22.94883
23.03678
23.03398
23.16521
23.20011
23.24967
23.24967
23.29224
23.34041
23.33901
23.29783
23.29085
23.25246
23.24408
23.24548
23.16381
23.16102
23.07028
23.02840
23.08215
22.99141
22.94464
22.91114
22.85879
22.77014
22.68638
22.60192
22.55935
22.51328
22.43510
22.34925
22.25781
22.21244
22.16986
22.13496
22.04003
22.00234
21.91858
21.91858
21.87531
21.82714
21.74129
21.69173
21.65893
21.56888
21.52072
21.48722
21.43208
21.39648
21.34901
21.31202
21.31062
21.26246
21.23315
21.18080
21.22756
21.13124
21.13263
21.13403
21.09773
21.14101
21.13403
21.08936
21.13682
21.22756
21.26665
21.35599
21.48443
21.52491
21.60867
21.74129
21.83552
21.94999
22.07842
22.13217
22.25921
22.38903
22.47768
22.59913
22.65148
22.68778
22.73594
22.82040
22.81481
22.90834
22.85739
22.86577
22.86297
22.85460
22.81760
22.77293
22.74152
22.64171
22.64450
22.56214
22.51886
22.47489
22.42533
22.38345
22.33948
22.21663
22.12798
22.08401
22.03864
21.95697
21.90881
21.91160
21.86274
21.78736
21.69732
21.70150
21.69871
21.61565
21.52351
21.43347
21.48163
21.39369
21.39927
21.30225
21.27223
21.26107
21.22198
21.22198
21.13961
21.13543
21.18080
21.17940
21.18080
21.17940
21.17800
21.30644
21.39508
21.48443
21.61565
21.70430
21.81877
21.96116
22.00374
22.08122
22.17824
22.26060
22.38485
22.51328
22.56074
22.64869
22.68917
22.82528
22.86577
22.95162
23.03398
23.03259
23.08075
23.07586
23.07586
23.07028
22.99420
22.99559
23.02840
22.99420
22.95232
22.86297
22.81342
22.77014
22.67801
22.59634
22.47210
22.43231
22.33948
22.21244
22.13217
22.04422
21.91160
21.82714
21.73710
21.65474
21.70430
21.60867
21.52631
21.48163
21.39648
21.39787
21.35460
21.30504
21.26107
21.22617
21.26386
21.21570
21.18080
21.17940
21.13682
21.18219
21.13124
21.13403
21.09075
21.14101
21.26944
21.30644
21.42928
21.51933
21.60727
21.81877
21.87670
21.95837
22.04283
22.17824
22.26200
22.39183
22.42533
22.56353
22.68778
22.73873
22.81760
22.81621
22.89718
22.94883
22.90834
22.95022
22.94743
22.91114
22.86158
22.81481
22.82319
22.81900
22.77014
22.73175
22.64869
22.64729
22.55655
22.47210
22.42812
22.34366
22.26060
22.16847
21.99397
21.95558
21.86553
21.73989
21.61425
21.52631
21.48163
21.44045
21.35041
21.26805
21.22477
21.13961
21.17800
21.12845
21.05097
21.04957
21.04818
21.05236
21.09634
21.05236
21.05376
21.09215
21.22198
21.35460
21.34622
21.48582
21.56051
21.70290
21.82156
21.86972
22.00095
22.08959
22.21523
22.21663
22.34227
22.43091
22.51328
22.51607
22.55516
22.65288
22.73454
22.77433
22.77154
22.73175
22.73036
22.77014
22.77572
22.68917
22.73734
22.68778
22.68638
22.69197
22.60192
22.60192
22.61030
22.50769
22.51747
22.38764
22.34785
22.29969
22.20965
22.17126
22.04422
21.96256
21.91021
21.87391
21.79294
21.74269
21.70011
21.60867
21.56888
21.47884
21.47745
21.39927
21.40346
21.31202
21.26805
21.26525
21.26246
21.18638
21.18498
21.18219
21.13543
21.13403
21.13403
21.10053
21.17800
21.26805
21.26665
21.39648
21.52351
21.65753
21.78457
21.87251
21.95558
22.04562
22.17265
22.25502
22.25781
22.38764
22.51188
22.55935
22.59774
22.68638
22.77572
22.81900
22.86856
22.86577
22.86716
22.86716
22.86158
22.86158
22.77572
22.77712
22.72756
22.72756
22.73175
22.60332
22.55935
22.51049
22.47628
22.42812
22.25781
22.22221
22.13357
22.13496
21.99815
21.99676
21.95976
21.91439
21.82575
21.74548
21.78317
21.69732
21.61705
21.61565
21.52072
21.48582
21.43766
21.39787
21.35041
21.31062
21.31062
21.35041
21.26386
21.31342
21.31062
21.40206
21.44185
21.53049
21.60867
21.78177
21.82575
21.95837
22.04003
22.17684
22.25781
22.30248
22.39043
22.51607
22.65148
22.73454
22.73315
22.81621
22.94883
23.07168
23.07447
23.11844
23.21058
23.29224
23.29085
23.29364
23.25106
23.25106
23.24408
23.25246
23.24967
23.16102
23.11984
23.11565
23.07586
23.07726
22.94883
22.90555
22.85879
22.77991
22.73873
22.64729
22.56214
22.51467
22.43510
22.43091
22.30109
22.20546
22.17963
22.08261
21.99815
21.95558
21.91858
21.82714
21.73989
21.69732
21.65195
21.65474
21.61146
21.52212
21.48024
21.52491
21.44324
21.40067
21.35181
21.30923
21.35041
21.31202
21.26386
21.35739
21.44324
21.57586
21.74269
21.86693
21.95837
22.00095
22.13636
22.25921
22.38345
22.52305
22.55655
22.69476
22.73036
22.86158
22.95790
23.03119
23.11705
23.21337
23.28806
23.30202
23.33761
23.29504
23.29504
23.28945
23.29504
23.29224
23.24967
23.21058
23.12542
23.11705
22.99559
22.85739
22.82179
22.69197
22.60751
22.51747
22.33948
22.26619
22.17126
22.04701
21.95837
21.87251
21.78736
21.70290
21.56888
21.52491
21.47745
21.43906
21.44604
21.47605
21.56330
21.61425
21.79015
21.91439
22.00653
22.08261
22.17684
22.26339
22.34785
22.47628
22.52165
22.56214
22.68917
22.78270
22.81900
22.90834
22.99839
23.07586
23.12542
23.11984
23.16102
23.16660
23.16660
23.16381
23.15823
23.16521
23.11565
23.07866
23.07866
22.99141
22.90834
22.77852
22.69336
22.64590
22.59913
22.52026
22.39322
22.30109
22.17684
22.08401
21.95697
21.91998
21.86693
21.74269
21.66032
21.57028
21.57028
21.48582
21.39369
21.35460
21.27642
21.35181
21.35460
21.44324
21.57307
21.65334
21.78875
21.87531
22.00095
22.12798
22.17126
22.25921
22.35064
22.51467
22.60053
22.64729
22.68917
22.77991
22.86437
22.94743
22.95371
22.99001
23.03678
23.03678
23.03259
23.08075
23.04096
22.99420
22.99420
22.94604
22.89718
22.86856
22.77712
22.77572
22.68638
22.68917
22.56493
22.47908
22.42812
22.34227
22.25781
22.08401
22.04981
21.91719
21.78736
21.74269
21.69452
21.57726
21.53049
21.40346
21.31062
21.30923
21.22896
21.22337
21.17521
21.09773
21.09355
21.05236
21.01258
20.96930
21.00699
21.00979
21.04678
21.14241
21.26805
21.31202
21.53049
21.61007
21.74827
21.86833
21.95976
22.09099
22.17405
22.30248
22.38624
22.51886
22.60751
22.69057
22.81900
22.82319
22.94743
22.95371
23.03817
23.03817
23.08494
23.12403
23.12263
23.08494
23.12542
23.07866
23.07866
23.03398
22.99001
22.99420
22.94883
22.86158
22.77991
22.73315
22.65288
22.60751
22.51886
22.43510
22.34227
22.26200
22.12240
22.04562
22.04422
21.91579
21.78596
21.65893
21.57168
21.57028
21.47884
21.40485
21.30644
21.27223
21.22756
21.17800
21.09075
21.05516
21.05236
21.04818
21.00560
20.92254
20.96372
20.96791
21.09634
21.22058
21.30504
21.39927
21.56609
21.74687
21.82714
21.95697
22.04841
22.13077
22.26339
22.35204
22.38764
22.47489
22.60332
22.65567
22.73175
22.77991
22.82668
22.86018
22.82319
22.81342
22.77852
22.77154
22.73036
22.65427
22.64869
22.60332
22.51467
22.47489
22.39183
22.30667
22.17684
22.08680
22.00374
21.95837
21.92137
21.78736
21.69871
21.61425
21.57307
21.48582
21.39787
21.31900
21.30783
21.27503
21.18359
21.13543
21.09494
21.04538
21.05097
21.01537
21.00839
20.97070
20.92114
21.01397
21.04957
21.18080
21.17800
21.36158
21.49001
21.61146
21.78177
21.78177
21.95558
22.13077
22.26339
22.30109
22.42673
22.51747
22.61170
22.69476
22.73315
22.78270
22.86018
22.90416
22.90974
22.95371
22.90834
22.95162
22.86297
22.86437
22.82179
22.77572
22.77293
22.64590
22.60332
22.60472
22.52584
22.43371
22.39322
22.30248
22.26339
22.13496
22.08959
22.04841
21.95697
21.82575
21.74548
21.70569
21.65334
21.57307
21.48163
21.44324
21.34901
21.30644
21.26944
21.17661
21.17940
21.09634
21.09075
21.09215
21.01677
21.00979
20.97628
21.00979
20.96791
20.92533
20.91835
20.87577
20.96930
20.87717
20.91556
20.87996
20.91974
21.05655
21.14380
21.22896
21.35041
21.44185
21.61705
21.65893
21.73850
21.83552
21.91300
22.04422
22.04562
22.12938
22.21244
22.25362
22.21663
22.30109
22.34925
22.43231
22.47210
22.47349
22.47349
22.47628
22.48047
22.47349
22.42812
22.38624
22.38624
22.39183
22.34506
22.25641
22.25781
22.17126
22.08540
22.04701
22.04841
22.00513
21.91300
21.91579
21.82575
21.77759
21.70569
21.65613
21.61425
21.52491
21.47745
21.39927
21.39927
21.34622
21.27084
21.25827
21.22477
21.18219
21.18219
21.18359
21.27223
21.31202
21.35460
21.48163
21.58005
21.69871
21.73989
21.82854
21.95976
22.04562
22.17684
22.25781
22.35064
22.47349
22.51886
22.47768
22.52026
22.55795
22.55237
22.60890
22.60192
22.55237
22.56493
22.55655
22.55795
22.51328
22.43650
22.43371
22.34785
22.34925
22.21244
22.17824
22.12240
22.04422
21.99676
22.00653
21.91439
21.86693
21.83273
21.74129
21.69034
21.65753
21.57168
21.48303
21.47884
21.44604
21.39787
21.35879
21.30644
21.26944
21.31481
21.22337
21.27223
21.26805
21.26665
21.31621
21.35320
21.44045
21.48303
21.56609
21.74827
21.73291
21.86833
21.99815
22.08680
22.17545
22.21523
22.29829
22.43859
22.51049
22.56353
22.64590
22.73454
22.77293
22.81900
22.86577
22.85879
22.85879
22.86018
22.86995
22.82040
22.78131
22.77852
22.73175
22.68499
22.60192
22.56353
22.47349
22.42952
22.38066
22.26060
22.17265
22.04003
21.96256
21.87112
21.82994
21.73291
21.65613
21.64915
21.57168
21.52491
21.43766
21.40067
21.35460
21.27503
21.31062
21.22756
21.26246
21.17940
21.17800
21.22756
21.18080
21.22198
21.26944
21.39927
21.52072
21.52351
21.65055
21.73989
21.82994
21.95697
22.04283
22.21244
22.34506
22.42673
22.47908
22.56074
22.60053
22.73036
22.82179
22.87135
22.86018
22.94185
22.99001
22.99559
22.94464
22.95022
22.90695
22.85739
22.90416
22.77572
22.73594
22.65288
22.64031
22.56214
22.47628
22.39462
22.30248
22.29829
22.13077
22.00095
21.87670
21.78177
21.78736
21.70150
21.65334
21.56888
21.52351
21.48163
21.39648
21.43626
21.35181
21.35739
21.26525
21.22337
21.22198
21.22058
21.17382
21.18638
21.26525
21.34901
21.39648
21.48443
21.57447
21.56749
21.65474
21.70011
21.78317
21.87949
21.95139
22.04841
22.13357
22.25502
22.35064
22.47628
22.43510
22.51467
22.59913
22.69685
22.72896
22.72896
22.82319
22.81621
22.89997
22.90974
22.85879
22.86297
22.86716
22.86437
22.81621
22.74013
22.68499
22.64450
22.60611
22.56074
22.43650
22.33948
22.30109
22.21104
22.12798
21.96256
21.86693
21.82994
21.74129
21.65893
21.61007
21.52072
21.52631
21.43766
21.35460
21.35181
21.39508
21.43766
21.43906
21.52072
21.61565
21.69313
21.74129
21.82714
21.95558
22.04562
22.12659
22.25921
22.34366
22.43510
22.47210
22.55795
22.60751
22.69476
22.73315
22.77991
22.81900
22.81621
22.90555
22.90276
22.86995
22.86158
22.86018
22.86158
22.82179
22.77991
22.72617
22.69057
22.64450
22.60332
22.51886
22.42673
22.34506
22.30807
22.21384
22.13077
22.00374
21.99815
21.91439
21.78177
21.74269
21.64776
21.60588
21.52910
21.43347
21.44185
21.35041
21.31202
21.31202
21.21779
21.22198
21.18080
21.17940
21.21430
21.26665
21.40206
21.43626
21.52631
21.61286
21.74129
21.78177
21.91160
21.99955
22.12519
22.21244
22.25921
22.30667
22.43091
22.47070
22.56074
22.65009
22.73175
22.77572
22.86158
22.86297
22.86437
22.86018
22.86018
22.85041
22.90695
22.85460
22.81481
22.77572
22.81760
22.81760
22.69825
22.69057
22.64729
22.54957
22.56633
22.42952
22.34506
22.33808
22.26060
22.16009
22.04701
21.95139
21.95837
21.86833
21.74967
21.69313
21.65474
21.57168
21.43347
21.34901
21.30923
21.30923
21.22617
21.13263
21.12984
21.09494
21.09075
21.09634
21.05097
21.00699
21.09215
21.04259
21.09634
21.21570
21.26665
21.31062
21.44604
21.52491
21.61425
21.69732
21.82575
21.95837
22.04143
22.17265
22.26060
22.35064
22.47489
22.60192
22.64311
22.77433
22.81900
22.90276
23.04236
23.02700
23.16660
23.16242
23.25385
23.29504
23.24827
23.29224
23.24827
23.25106
23.20430
23.20569
23.15823
23.07866
23.04236
22.98582
22.94604
22.81760
22.68917
22.69197
22.55935
22.47210
22.33948
22.21663
22.12519
22.04283
21.91439
21.77898
21.78457
21.65474
21.57447
21.47605
21.39648
21.34901
21.26525
21.26944
21.13403
21.14101
21.17382
21.13543
21.17800
21.22337
21.27084
21.35041
21.48024
21.56749
21.70150
21.73710
21.91300
22.00095
22.12379
22.22082
22.34087
22.34087
22.51747
22.59634
22.64869
22.73175
22.77572
22.82040
22.90276
22.99001
23.02980
23.03398
23.03398
23.03119
22.98582
22.99280
22.90555
22.89997
22.86158
22.81062
22.77293
22.68219
22.69546
22.64031
22.56493
22.47070
22.33948
22.30388
22.21104
22.08401
22.00095
22.04562
21.95139
21.82854
21.74269
21.61425
21.61565
21.52351
21.39369
21.30644
21.30783
21.26805
21.18498
21.13403
21.08936
21.04538
21.04538
21.01258
21.00699
20.95883
21.00560
21.04818
21.13682
21.22337
21.27084
21.35181
21.52212
21.65195
21.78177
21.86414
21.95837
22.12379
22.30248
22.38764
22.51607
22.60890
22.68917
22.81760
22.86297
22.94464
23.07586
23.08215
23.16660
23.15962
23.15823
23.20569
23.16381
23.11844
23.12542
23.11984
23.08005
22.99001
22.99001
22.95232
22.94883
22.85879
22.81760
22.72338
22.64869
22.60332
22.51607
22.47628
22.38624
22.30876
22.21663
22.17824
22.03864
21.91998
21.87112
21.73710
21.69871
21.60588
21.53189
21.44045
21.35599
21.31481
21.25967
21.22198
21.13543
21.17521
21.09634
21.13682
21.13822
21.17242
21.26805
21.30783
21.44045
21.56609
21.65334
21.69313
21.82854
21.99536
22.12240
22.21663
22.24804
22.38624
22.47349
22.55376
22.65148
22.69197
22.82040
22.86437
22.94743
23.03817
23.07028
23.16102
23.16242
23.12123
23.16800
23.12123
23.12682
23.08005
23.03538
23.03678
22.99001
22.94883
22.90695
22.85739
22.77852
22.72896
22.64171
22.51467
22.42812
22.34646
22.21104
22.12938
21.99815
21.82575
21.70290
21.69871
21.52491
21.48443
21.39927
21.30644
21.21779
21.13961
21.13682
21.09215
21.00979
21.00699
20.96093
20.96791
20.91835
20.87577
20.83249
20.91416
21.00839
21.04678
21.09215
21.22756
21.26944
21.39927
21.48443
21.56051
21.65613
21.82156
22.04143
22.04701
22.16707
22.29829
22.47210
22.43231
22.59634
22.69057
22.77014
22.90974
22.90974
22.99280
23.07726
23.08215
23.12263
23.07586
23.07586
23.03119
23.02840
23.04096
22.99001
22.98722
22.94743
22.90276
22.90416
22.81481
22.78410
22.68638
22.64729
22.56214
22.47070
22.42812
22.29969
22.30248
22.21384
22.04003
21.95278
21.91719
21.78457
21.65613
21.61286
21.52910
21.48024
21.39787
21.31342
21.26944
21.22337
21.17661
21.13682
21.08587
21.22337
21.18080
21.26944
21.35041
21.44045
21.61146
21.69871
21.82575
21.91858
22.03864
22.16847
22.30109
22.33948
22.47628
22.56074
22.55516
22.60890
22.68359
22.77154
22.81760
22.81760
22.81621
22.86158
22.86158
22.86018
22.81481
22.82179
22.73315
22.73454
22.69197
22.64729
22.55655
22.55795
22.51607
22.47489
22.39043
22.30248
22.25362
22.17545
22.13077
22.00513
21.91858
21.82296
21.73850
21.65474
21.56749
21.48443
21.48443
21.34622
21.27084
21.22198
21.17940
21.09494
21.04957
21.00281
20.96023
20.96232
20.92114
20.87437
20.87856
20.83040
20.83529
20.83668
20.83249
20.91556
21.00699
21.14380
21.21919
21.35739
21.47605
21.61565
21.74687
21.87531
22.04143
22.09238
22.21384
22.30248
22.43231
22.55516
22.59494
22.64311
22.72617
22.81760
22.90695
22.90974
22.94743
22.95162
22.90276
22.94604
22.90276
22.86716
22.82040
22.78410
22.73454
22.77852
22.68917
22.64590
22.64450
22.64450
22.55655
22.48047
22.38624
22.34646
22.30388
22.26619
22.12240
22.04143
22.00653
21.90881
21.87251
21.78596
21.74408
21.61425
21.52491
21.43906
21.47884
21.35599
21.30923
21.21779
21.18219
21.14101
21.13543
21.09355
21.00560
20.97070
21.00420
20.96930
20.92114
20.92952
20.87437
20.92254
20.82900
20.88135
20.87437
20.93091
21.04818
21.18359
21.31481
21.35320
21.47884
21.65334
21.78875
21.90881
21.96116
22.07982
22.26339
22.43650
22.51886
22.60751
22.69057
22.77852
22.81760
22.90834
22.94464
23.00118
22.98861
23.04236
23.03398
23.03398
23.02980
22.99420
22.95022
22.95022
22.89997
22.90555
22.81900
22.78410
22.77293
22.73175
22.68917
22.64031
22.60890
22.55795
22.47908
22.43231
22.29969
22.25781
22.17684
22.12379
22.05120
22.08680
21.95837
21.86693
21.78736
21.74269
21.69871
21.61146
21.52212
21.40485
21.39369
21.35181
21.26107
21.18498
21.18080
21.13822
21.13403
21.05236
21.05376
21.00420
21.01537
21.13961
21.22198
21.30504
21.44185
21.52351
21.74269
21.82575
21.91858
21.99955
22.12938
22.21384
22.34366
22.38624
22.51747
22.55935
22.60890
22.64729
22.74013
22.82807
22.91114
22.91114
22.90555
22.91532
22.94883
22.95162
22.86437
22.86437
22.82040
22.82179
22.81900
22.77852
22.73454
22.69685
22.68778
22.64869
22.56074
22.52445
22.46930
22.39183
22.35064
22.25223
22.17963
22.04143
22.05190
21.95837
21.91439
21.82714
21.74129
21.73710
21.61146
21.57028
21.48303
21.39787
21.31342
21.26665
21.18359
21.14241
21.14101
21.05655
21.01258
21.01397
20.96372
20.96093
20.91974
20.87717
20.92393
20.91835
20.96791
21.04538
21.17800
21.34901
21.40067
21.52072
21.65613
21.74967
21.95558
22.00513
22.12798
22.25641
22.38903
22.43650
22.56493
22.64590
22.77572
22.85879
22.86158
22.90416
22.95511
22.98722
23.04096
22.99559
22.99420
22.94604
22.95651
22.98861
22.94883
22.95232
22.90974
22.90555
22.90416
22.81760
22.77991
22.77852
22.73594
22.72756
22.68638
22.69546
22.60332
22.60192
22.56214
22.47070
22.39183
22.34366
22.25502
22.17824
22.08680
21.99536
21.91998
21.82714
21.73850
21.70150
21.65195
21.52631
21.48722
21.39927
21.31202
21.26665
21.18638
21.08936
21.04957
21.05236
20.96651
20.96511
20.92393
20.87856
20.96930
20.96093
21.10053
21.21919
21.30783
21.43906
21.53329
21.61565
21.74129
21.78736
21.95697
22.08959
22.21663
22.34785
22.38764
22.47768
22.51328
22.64311
22.68917
22.77154
22.77852
22.85739
22.90695
22.90276
22.95162
22.90416
22.85879
22.91393
22.82319
22.82389
22.78131
22.73315
22.69685
22.64171
22.60053
22.51886
22.52026
22.47349
22.43091
22.30667
22.25502
22.13636
22.08820
21.99955
21.90881
21.82994
21.87391
21.73989
21.65753
21.56470
21.57586
21.48303
21.40067
21.35599
21.22337
21.27223
21.18080
21.10053
21.09215
21.05516
21.04957
21.05236
21.08936
21.18359
21.26944
21.39508
21.52351
21.61007
21.73989
21.79155
21.91998
22.08820
22.17545
22.26060
22.34227
22.38624
22.48326
22.56074
22.65009
22.68638
22.65427
22.69197
22.69057
22.68917
22.64590
22.61588
22.55097
22.56074
22.55795
22.52445
22.43091
22.38485
22.30667
22.26060
22.17405
22.04143
22.04841
21.95558
21.87112
21.78317
21.75106
21.69034
21.61425
21.52351
21.44604
21.44185
21.35041
21.27503
21.17940
21.13961
21.18498
21.09494
21.04818
21.00839
21.00699
21.05655
21.09215
21.18359
21.30644
21.35879
21.52631
21.70150
21.83273
21.91858
21.99676
22.12659
22.25781
22.34506
22.43091
22.52026
22.56214
22.64450
22.69057
22.73594
22.73175
22.69197
22.73594
22.68778
22.73036
22.69197
22.64729
22.64590
22.60890
22.56493
22.51328
22.38903
22.38764
22.34925
22.26200
22.17126
22.08540
22.04562
21.99955
21.91579
21.82435
21.79155
21.73710
21.69452
21.61425
21.48443
21.48303
21.39508
21.31202
21.22337
21.17661
21.18359
21.13403
21.09215
21.05516
21.01397
20.96372
20.96791
20.92393
20.88135
20.87996
20.92812
20.87717
20.87717
20.88554
20.96023
21.08936
21.22337
21.35320
21.40067
21.56888
21.70290
21.79294
21.91439
21.99676
22.12379
22.26060
22.34785
22.42673
22.47210
22.60332
22.64729
22.73454
22.78131
22.82528
22.90276
22.86716
22.90416
22.89578
22.94883
22.94464
22.82528
22.85739
22.82668
22.81621
22.73594
22.69057
22.64450
22.61030
22.55795
22.56493
22.42812
22.42673
22.35204
22.30109
22.17824
22.13077
22.00095
21.95418
21.87251
21.82575
21.82994
21.69871
21.60727
21.52770
21.52351
21.47884
21.39927
21.31062
21.30364
21.22756
21.22477
21.13822
21.05655
21.05236
21.00979
20.96511
20.96232
20.96511
20.91695
20.92393
20.88135
20.91416
20.92254
21.00560
21.13543
21.26944
21.39229
21.48443
21.60867
21.74129
21.87531
21.91300
22.04841
22.17126
22.24804
22.34785
22.39183
22.47210
22.56493
22.64729
22.64729
22.73454
22.77293
22.81760
22.81481
22.73873
22.77852
22.72617
22.73315
22.68778
22.64590
22.64450
22.61170
22.56074
22.51886
22.47349
22.38903
22.34227
22.30527
22.25781
22.16847
22.08540
21.95278
21.96116
21.82156
21.83133
21.70011
21.61425
21.57168
21.48722
21.43626
21.35181
21.31062
21.22337
21.18359
21.13961
21.09215
21.05236
21.00699
21.01118
20.96093
20.96372
20.92254
20.92393
20.87856
20.96232
20.96791
21.05097
21.13124
21.22337
21.39089
21.44464
21.56749
21.69452
21.82854
21.96116
22.04143
22.21244
22.30388
22.42393
22.43091
22.56633
22.64171
22.73594
22.77293
22.82528
22.81621
22.86716
22.86018
22.86297
22.82179
22.82528
22.77712
22.77991
22.69685
22.64869
22.65288
22.60472
22.60332
22.55376
22.43091
22.38764
22.30109
22.25641
22.16707
22.04981
21.95418
21.91160
21.82575
21.73431
21.70430
21.65474
21.57028
21.47745
21.39787
21.34762
21.35181
21.26944
21.18080
21.13682
21.13543
21.13822
21.05097
21.05236
21.05655
21.09355
21.18638
21.26386
21.35320
21.43487
21.56609
21.69732
21.82435
21.91300
21.99676
22.12938
22.21663
22.34506
22.42812
22.51886
22.55655
22.60890
22.64031
22.69197
22.68917
22.65009
22.68219
22.64729
22.68778
22.65148
22.60332
22.56353
22.51328
22.47349
22.43091
22.34366
22.30248
22.21104
22.16847
22.13077
22.00095
21.91579
21.91300
21.78038
21.73710
21.69871
21.61286
21.57168
21.52212
21.44324
21.38810
21.39369
21.26246
21.22617
21.13543
21.18359
21.13961
21.08587
21.05236
21.00699
21.01397
20.96511
20.96511
20.91695
20.88275
20.92254
20.92393
20.92254
20.92114
21.00839
21.09355
21.13543
21.26246
21.35599
21.39927
21.52491
21.60448
21.74827
21.86972
21.95418
22.12938
22.26339
22.34506
22.38903
22.47349
22.52165
22.60053
22.69336
22.73454
22.77852
22.77572
22.77712
22.77154
22.77572
22.73036
22.69336
22.64869
22.64869
22.60472
22.51467
22.47908
22.43091
22.34785
22.34646
22.26339
22.12240
22.12938
22.03864
21.95837
21.86553
21.83273
21.78596
21.69732
21.61007
21.52072
21.52631
21.48024
21.38950
21.34901
21.26665
21.31062
21.26805
21.21430
21.18638
21.13961
21.18638
21.08936
21.09215
21.04957
21.05236
21.04957
21.00141
21.04957
21.04818
21.09215
21.13961
21.18778
21.26944
21.26107
21.35460
21.44464
21.52072
21.60867
21.69313
21.74129
21.91858
21.99955
22.08122
22.13077
22.25083
22.30388
22.43371
22.43510
22.50909
22.60890
22.69197
22.73315
22.77991
22.81481
22.86297
22.86297
22.86297
22.86577
22.86437
22.81760
22.77433
22.76875
22.78270
22.77433
22.74013
22.69197
22.64171
22.60192
22.56074
22.51607
22.46930
22.38205
22.33808
22.26060
22.25641
22.17405
22.08261
22.00513
21.95558
21.95278
21.91160
21.82296
21.78736
21.73989
21.69732
21.69313
21.56330
21.52631
21.52212
21.44604
21.43906
21.39648
21.34901
21.31621
21.31062
21.31062
21.22337
21.22477
21.17661
21.13961
21.18219
21.13682
21.18219
21.27223
21.30644
21.44185
21.47884
21.56749
21.65334
21.73571
21.86414
21.95139
22.08680
22.16707
22.25641
22.34785
22.38066
22.47349
22.60611
22.64311
22.59913
22.69336
22.73036
22.82040
22.81760
22.82389
22.81202
22.82040
22.86158
22.82179
22.78131
22.77991
22.68219
22.73175
22.63752
22.64450
22.60053
22.51328
22.47349
22.51886
22.43371
22.34087
22.25921
22.29690
22.22082
22.08401
22.03585
21.91300
21.91160
21.82994
21.82854
21.74269
21.69871
21.65195
21.56609
21.52351
21.44464
21.39927
21.34901
21.26525
21.31062
21.22337
21.18080
21.18219
21.13403
21.18080
21.13124
21.09773
21.08866
21.14241
21.30644
21.35460
21.43487
21.52770
21.65334
21.78177
21.87251
21.95976
22.09099
22.21104
22.20965
22.30248
22.39043
22.52305
22.56214
22.60053
22.68499
22.77852
22.81900
22.86716
22.82040
22.82319
22.82389
22.82040
22.81621
22.77293
22.72756
22.64729
22.69057
22.64869
22.55655
22.55795
22.47070
22.47349
22.43091
22.29969
22.21663
22.17265
22.07982
22.04283
21.99536
21.95139
21.96116
21.86274
21.83133
21.78038
21.78177
21.65334
21.57028
21.52770
21.48303
21.48303
21.40346
21.34622
21.26805
21.26525
21.26246
21.22896
21.17940
21.18359
21.18498
21.17661
21.22756
21.26805
21.40346
21.52072
21.60588
21.74408
21.86693
21.91300
22.13775
22.25362
22.37647
22.47489
22.56353
22.64729
22.73594
22.82389
22.86158
22.94743
23.03119
23.07447
23.16660
23.20709
23.21477
23.20569
23.20290
23.20709
23.20150
23.21058
23.11705
23.11425
23.12682
23.12542
23.12263
23.03678
22.99280
22.98163
22.95371
22.90136
22.81900
22.77154
22.69336
22.64590
22.56074
22.47489
22.42812
22.38066
22.25781
22.21802
22.12798
22.04562
21.91160
21.86833
21.82854
21.78736
21.74129
21.70569
21.65753
21.57168
21.61286
21.52212
21.48303
21.43906
21.39369
21.39648
21.35599
21.34901
21.39508
21.44324
21.61425
21.69173
21.83273
21.91439
22.04422
22.17545
22.30807
22.38903
22.46791
22.56353
22.64869
22.73594
22.77014
22.86018
22.94464
22.99559
22.99141
23.02980
23.03119
23.03678
22.99141
22.99001
22.99420
22.99420
22.99559
22.89997
22.89997
22.87414
22.85739
22.77712
22.73175
22.64311
22.60053
22.61030
22.52026
22.47210
22.39601
22.29829
22.25781
22.21523
22.12938
22.04841
21.95278
21.86972
21.83273
21.73291
21.65474
21.56609
21.49001
21.44324
21.39787
21.35739
21.26246
21.22198
21.22896
21.22337
21.13961
21.08866
21.09355
21.04538
21.09773
21.04818
21.04399
21.05516
21.14241
21.26944
21.39508
21.48303
21.57168
21.74129
21.87391
21.95976
22.04283
22.12100
22.21384
22.25502
22.34646
22.39043
22.47489
22.56493
22.60472
22.60751
22.64311
22.73315
22.77852
22.82179
22.77712
22.81900
22.86437
22.82040
22.77293
22.77572
22.72477
22.69336
22.64171
22.60332
22.55795
22.51328
22.47349
22.46930
22.38345
22.33808
22.30388
22.21802
22.17265
22.09238
22.00513
21.91439
21.82296
21.78736
21.73710
21.66032
21.56470
21.57307
21.48722
21.44185
21.40067
21.31202
21.30644
21.22896
21.26805
21.18080
21.22617
21.21919
21.31481
21.44604
21.52770
21.57447
21.65334
21.70848
21.82575
21.91579
22.04143
22.13077
22.21244
22.30667
22.30109
22.42673
22.52165
22.60192
22.64590
22.65148
22.73734
22.82040
22.90695
22.86018
22.90416
23.03957
23.03538
23.08215
23.03398
23.07866
23.07866
23.03259
23.07586
23.03817
23.03398
22.99001
23.02840
22.99559
22.94324
22.90695
22.90416
22.86437
22.82319
22.77852
22.74152
22.73175
22.69057
22.64729
22.51747
22.47768
22.43091
22.38624
22.30876
22.21244
22.17545
22.13077
22.04283
21.95139
21.86833
21.78038
21.69732
21.60867
21.52631
21.47465
21.43906
21.35460
21.26944
21.17940
21.13961
21.09494
21.05236
21.00979
20.91835
20.96511
20.87856
20.87437
20.83808
20.88275
20.91974
20.96093
21.10192
21.22198
21.30783
21.39508
21.52770
21.70011
21.83412
21.86553
22.04981
22.18033
22.29969
22.43650
22.48047
22.56353
22.65009
22.69546
22.77154
22.86856
22.86018
22.95371
22.99001
22.99699
22.99420
22.99978
22.99559
22.99839
22.95162
22.90695
22.86437
22.81760
22.77991
22.73175
22.73175
22.65288
22.60332
22.60890
22.51607
22.47628
22.38764
22.34646
22.29969
22.21384
22.12938
21.99815
21.96674
21.86972
21.78596
21.69592
21.74548
21.61844
21.52770
21.39927
21.30923
21.26665
21.18080
21.09773
21.00839
21.01677
20.96651
20.96930
20.91835
20.92952
20.91974
21.09075
21.17940
21.31621
21.44324
21.48443
21.61425
21.74129
21.83412
21.91719
22.05190
22.21802
22.34366
22.43371
22.47349
22.55935
22.64869
22.73175
22.82319
22.91114
22.98861
22.99420
23.03119
23.03538
23.03678
23.03398
22.99559
22.94604
22.95371
22.95371
22.86158
22.85879
22.81760
22.82528
22.82319
22.74013
22.69336
22.64590
22.61030
22.51467
22.47628
22.38624
22.35204
22.25781
22.21244
22.13496
22.04422
21.96535
21.86693
21.78457
21.74548
21.65195
21.53189
21.39369
21.35739
21.31202
21.26525
21.22337
21.13263
21.09355
21.04957
21.01118
20.96651
20.91835
20.88554
20.87856
20.92672
21.05097
21.13403
21.22198
21.34762
21.53189
21.65613
21.69871
21.83273
21.95418
22.08680
22.21523
22.30667
22.38624
22.48466
22.56353
22.68917
22.77572
22.86577
22.94324
23.04236
23.03538
23.08494
23.07028
23.12542
23.11565
23.16242
23.11984
23.11984
23.08005
23.08354
23.02561
22.99559
22.94604
22.94883
22.91253
22.82389
22.77991
22.77852
22.73175
22.68778
22.64869
22.55655
22.52445
22.43371
22.35064
22.21942
22.13636
22.04283
21.99955
21.95418
21.86972
21.78457
21.70290
21.61984
21.57586
21.43487
21.44324
21.36018
21.22896
21.22058
21.09494
21.10192
21.00420
20.91974
20.92812
20.92393
20.91695
20.96791
21.05516
21.18917
21.26246
21.35879
21.43487
21.52770
21.70011
21.79015
21.91719
22.04562
22.13077
22.13217
22.21663
22.34506
22.42952
22.52165
22.52026
22.60192
22.69476
22.73734
22.82528
22.77991
22.82319
22.82319
22.82040
22.86297
22.77991
22.73036
22.73315
22.69197
22.68778
22.61030
22.60611
22.56214
22.47349
22.43650
22.34785
22.25781
22.21384
22.12798
22.09518
22.00513
21.86833
21.82994
21.74548
21.61286
21.61565
21.48582
21.43766
21.30923
21.22756
21.22756
21.13961
21.04818
20.96651
20.92533
20.91974
20.88135
20.87158
20.79410
20.79131
20.79690
20.79131
20.87996
20.97768
21.04818
21.22477
21.31481
21.39927
21.49280
21.65893
21.74408
21.87251
21.96256
22.08540
22.17545
22.21942
22.30109
22.38205
22.47628
22.56074
22.60192
22.64729
22.68778
22.73175
22.73734
22.73036
22.68638
22.64729
22.65148
22.65009
22.55795
22.52165
22.47349
22.43720
22.43650
22.30807
22.30667
22.21523
22.18033
22.08959
22.00095
21.91579
21.86693
21.78596
21.70150
21.66032
21.61425
21.53049
21.44743
21.35320
21.31760
21.30504
21.21919
21.13543
21.09215
21.05376
21.05376
21.00979
20.92114
20.92254
20.97070
21.05376
21.13403
21.22756
21.31202
21.39787
21.48582
21.61844
21.65893
21.74827
21.87251
21.96116
22.04422
22.12938
22.17824
22.16847
22.25641
22.29829
22.38764
22.43650
22.39322
22.42533
22.43510
22.42533
22.43091
22.38903
22.34785
22.34506
22.34506
22.30248
22.21802
22.21384
22.17405
22.13077
22.04981
22.03724
22.00234
21.99815
21.95278
21.82994
21.82994
21.82854
21.68894
21.61007
21.53329
21.53189
21.44185
21.39648
21.26386
21.26805
21.26246
21.18359
21.18219
21.14101
21.18498
21.27084
21.30783
21.39229
21.49001
21.52910
21.57028
21.69732
21.74129
21.78875
21.86693
21.99815
22.07982
22.16986
22.25641
22.26060
22.30248
22.38764
22.46651
22.48326
22.51467
22.51886
22.59634
22.69336
22.68778
22.73734
22.68638
22.73315
22.73315
22.72896
22.69057
22.68359
22.65148
22.64450
22.60611
22.60890
22.51188
22.52026
22.47070
22.47070
22.43371
22.30109
22.25781
22.21942
22.12659
22.04143
21.95697
21.95697
21.82854
21.74548
21.61007
21.65474
21.52631
21.44185
21.35181
21.27084
21.27084
21.22756
21.13961
21.09075
21.05516
21.05097
21.00979
20.96232
21.00560
20.96372
21.09355
21.17521
21.26805
21.38950
21.44185
21.57168
21.65613
21.74269
21.78736
21.91160
22.08401
22.17405
22.29969
22.31574
22.42812
22.42952
22.51886
22.55655
22.64590
22.69336
22.69057
22.73315
22.76595
22.77572
22.77712
22.73175
22.69057
22.68638
22.64729
22.65567
22.51188
22.51747
22.46791
22.47349
22.39741
22.34227
22.30807
22.25502
22.16847
22.08401
22.08261
22.00374
21.91579
21.86414
21.78457
21.77759
21.70011
21.61425
21.52910
21.49141
21.43487
21.39648
21.34901
21.26944
21.22617
21.22756
21.17800
21.14520
21.09215
21.18219
21.27363
21.35739
21.43487
21.48722
21.57028
21.73710
21.82854
21.91300
21.95139
22.08959
22.17545
22.25502
22.29690
22.38764
22.47070
22.46930
22.55795
22.59634
22.64590
22.68638
22.68638
22.69476
22.68499
22.69057
22.73454
22.68917
22.64311
22.64031
22.64450
22.64171
22.55237
22.51886
22.51607
22.46651
22.42812
22.34646
22.34227
22.30527
22.21104
