0.53000
0.53600
0.54000
0.53000
0.53400
0.51800
0.50600
0.49600
0.49400
0.49200
0.48800
0.49200
0.49600
0.50000
0.49400
0.50600
0.50000
0.49400
0.50800
0.50200
0.51400
0.51200
0.50000
0.51000
0.51800
0.51400
0.50800
0.50000
0.49800
0.48800
0.49200
0.49200
0.49800
0.50800
0.50800
0.51200
0.51600
0.50800
0.52600
0.51400
0.50800
0.49800
0.49600
0.49400
0.49400
0.49200
0.49600
0.49800
0.49200
0.49600
0.50400
0.51400
0.51200
0.52000
0.52200
0.53000
0.53200
0.51800
0.52200
0.52000
0.52000
0.52000
0.51800
0.50400
0.50200
0.49200
0.49200
0.48800
0.48400
0.49200
0.48400
0.50000
0.49000
0.49000
0.49800
0.50200
0.49600
0.50200
0.50600
0.51400
0.52000
0.51400
0.52400
0.52200
0.51800
0.53200
0.53000
0.51200
0.52200
0.52000
0.51400
0.50600
0.49800
0.49600
0.48600
0.48800
0.48200
0.47800
0.49400
0.51400
0.50000
0.51400
0.52200
0.50600
0.52400
0.53600
0.52600
0.52400
0.50400
0.49200
0.48800
0.48600
0.48000
0.48000
0.47600
0.48800
0.49000
0.49800
0.50600
0.50000
0.50200
0.49200
0.49800
0.50800
0.49800
0.51400
0.52200
0.51200
0.51200
0.51800
0.50600
0.52000
0.50800
0.49600
0.49400
0.49600
0.49600
0.49800
0.50600
0.51000
0.52000
0.51800
0.50800
0.51200
0.53000
0.52000
0.52400
0.51000
0.51000
0.52000
0.52000
0.52600
0.53200
0.51800
0.51000
0.50800
0.49600
0.49800
0.49600
0.50000
0.49600
0.50200
0.51800
0.51600
0.51000
0.52400
0.52200
0.51200
0.52800
0.52600
0.51200
0.52200
0.52600
0.51800
0.52200
0.51000
0.51200
0.51000
0.51000
0.49600
0.49600
0.49400
0.49200
0.48800
0.48600
0.49600
0.50800
0.51200
0.50400
0.48800
0.49400
0.49000
0.48600
0.48400
0.48200
0.48800
0.48800
0.48800
0.48800
0.48400
0.48400
0.48800
0.48800
0.49800
0.50600
0.50800
0.51000
0.50000
0.51200
0.50800
0.50800
0.49800
0.50200
0.49800
0.49400
0.49400
0.49800
0.51800
0.51400
0.51800
0.51800
0.50800
0.53000
0.52000
0.53000
0.51600
0.51200
0.51200
0.50800
0.50200
0.49800
0.50400
0.50400
0.50800
0.50600
0.51800
0.52200
0.51200
0.50600
0.50200
0.49400
0.49400
0.48400
0.48000
0.47600
0.47000
0.47200
0.46600
0.46600
0.46200
0.46800
0.47000
0.48400
0.48200
0.49800
0.49800
0.49600
0.50000
0.49200
0.49600
0.48800
0.49800
0.50200
0.50200
0.50000
0.49400
0.48800
0.48400
0.48400
0.48600
0.49600
0.50800
0.49600
0.51600
0.52000
0.51000
0.52600
0.53600
0.51800
0.54000
0.53600
0.51800
0.53600
0.52400
0.51400
0.49800
0.50400
0.51000
0.50400
0.52200
0.51800
0.53000
0.52600
0.53200
0.51800
0.53000
0.52400
0.52800
0.52600
0.51400
0.53600
0.52600
0.51600
0.50800
0.49800
0.49800
0.49400
0.51000
0.51200
0.50800
0.52600
0.51000
0.53000
0.52600
0.53600
0.53000
0.52400
0.53200
0.51600
0.52800
0.51800
0.54000
0.53400
0.53400
0.51400
0.51000
0.50000
0.49800
0.49400
0.48800
0.49400
0.50600
0.49400
0.51000
0.51200
0.51800
0.53200
0.52000
0.53600
0.52200
0.53600
0.52000
0.53400
0.53400
0.53600
0.53200
0.52800
0.53200
0.52600
0.51800
0.51200
0.51200
0.51600
0.50800
0.51200
0.50200
0.51200
0.50400
0.52200
0.51800
0.53600
0.53200
0.52000
