37.00000
73.00000
114.00000
152.00000
194.00000
236.00000
276.00000
315.00000
356.00000
392.00000
431.00000
472.00000
509.00000
550.00000
588.00000
627.00000
668.00000
711.00000
749.00000
788.00000
829.00000
893.00000
935.00000
980.00000
1037.00000
1068.00000
1102.00000
1134.00000
1169.00000
1221.00000
1270.00000
1323.00000
1356.00000
1396.00000
1436.00000
1473.00000
1509.00000
1556.00000
1591.00000
1622.00000
1649.00000
1677.00000
1703.00000
1730.00000
1769.00000
1804.00000
1836.00000
1865.00000
1897.00000
1930.00000
1961.00000
1991.00000
2019.00000
2046.00000
2074.00000
2104.00000
2134.00000
2170.00000
2203.00000
2233.00000
2265.00000
2304.00000
2341.00000
2372.00000
2412.00000
2451.00000
2485.00000
2523.00000
2562.00000
2605.00000
2644.00000
2683.00000
2724.00000
2765.00000
2803.00000
2843.00000
2882.00000
2916.00000
2950.00000
2990.00000
3028.00000
3067.00000
3106.00000
3139.00000
3177.00000
3215.00000
3252.00000
3287.00000
3318.00000
3349.00000
3387.00000
3424.00000
3456.00000
3492.00000
3521.00000
3554.00000
3583.00000
3612.00000
3644.00000
3676.00000
3707.00000
3737.00000
3766.00000
3795.00000
3828.00000
3859.00000
3890.00000
3925.00000
3963.00000
4001.00000
4044.00000
4086.00000
4130.00000
4175.00000
4225.00000
4272.00000
4315.00000
4363.00000
4411.00000
4460.00000
4509.00000
4556.00000
4641.00000
4674.00000
4715.00000
4751.00000
4793.00000
4840.00000
4885.00000
4927.00000
4973.00000
5022.00000
5063.00000
5106.00000
5153.00000
5194.00000
5236.00000
5276.00000
5316.00000
5355.00000
5393.00000
5430.00000
5470.00000
5510.00000
5551.00000
5591.00000
5632.00000
5669.00000
5710.00000
5751.00000
5793.00000
5845.00000
5894.00000
5937.00000
5978.00000
