22.07703
22.08122
22.09099
22.12379
22.04562
22.08401
22.08261
22.08401
22.13496
22.08122
22.03864
22.07982
22.08820
22.03724
22.08680
22.08680
22.04841
22.08959
22.04143
22.08959
22.00095
21.99536
21.95278
21.95278
21.99815
22.03864
22.07982
22.13357
22.17126
22.21663
22.25781
22.34227
22.38205
22.46791
22.47210
22.55935
22.56353
22.68917
22.78270
22.78131
22.81481
22.85879
22.90136
22.90136
22.90416
22.95511
22.90695
22.90136
22.89857
22.86856
22.85739
22.86577
22.85460
22.86158
22.77433
22.77852
22.77991
22.73036
22.72756
22.64590
22.64171
22.64311
22.64729
22.64450
22.60192
22.59494
22.56633
22.56633
22.55655
22.51607
22.46093
22.47768
22.47628
22.46512
22.37926
22.38764
22.43091
22.38764
22.38764
22.34366
22.30248
22.30388
22.29690
22.26060
22.21104
22.21663
22.12519
22.16986
22.12798
22.08959
22.04003
22.03864
21.99955
22.04422
22.04143
22.04283
22.00095
22.00374
21.95278
21.99257
22.00513
21.95278
21.91579
21.95837
21.99815
22.04562
22.08401
22.16847
22.21802
22.25223
22.25362
22.30248
22.38903
22.46791
22.47628
22.50909
22.60192
22.64729
22.72617
22.73175
22.73454
22.77991
22.76875
22.82319
22.76595
22.77712
22.73594
22.72617
22.77712
22.68499
22.68638
22.60053
22.64729
22.59913
22.51328
22.52026
22.46930
22.47210
22.48047
22.42952
22.38903
22.35064
22.38903
22.33529
22.30109
22.29969
22.25641
22.25362
22.21244
22.12659
22.12798
22.12938
22.12240
22.08540
22.08122
22.07703
22.04003
22.04143
22.04283
22.08122
22.04143
22.03864
22.04143
22.04283
22.04981
22.04003
22.00234
22.04562
21.99676
22.04422
22.00513
22.03864
22.00095
21.99955
21.99955
21.99676
21.99257
21.99955
21.99536
21.99536
22.00513
21.99536
21.99815
21.95697
22.03724
22.00513
22.00513
21.99397
21.99676
22.04143
22.04283
22.04701
21.99815
22.04562
22.08820
22.13217
22.13077
22.20825
22.21663
22.29550
22.30667
22.43371
22.38205
22.51607
22.51886
22.55655
22.55655
22.64311
22.68499
22.69336
22.73315
22.73315
22.73594
22.72756
22.68917
22.72756
22.68359
22.68778
22.68917
22.56214
22.60332
22.60472
22.51607
22.51747
22.47070
22.43231
22.43371
22.38345
22.39322
22.34227
22.30527
22.25502
22.26060
22.26479
22.16847
22.16986
22.12798
22.13077
22.13357
22.07982
22.04003
22.08680
22.03864
22.00374
22.04003
22.03864
22.00374
21.94860
21.95139
21.95837
21.91021
21.95976
21.91021
21.91021
21.95697
21.91439
21.91439
21.91300
21.86414
21.91719
21.91439
21.91160
21.86553
21.86833
21.90741
21.87391
21.91160
21.90741
21.87112
21.91439
21.82575
21.86414
21.87391
21.82156
21.87251
21.87391
21.82296
21.86972
21.86274
21.95837
21.96256
22.00374
22.08820
22.16567
22.17684
22.21942
22.25781
22.34646
22.38903
22.43091
22.47349
22.51607
22.60472
22.64729
22.64171
22.68778
22.72198
22.73594
22.73315
22.69057
22.68499
22.69197
22.68917
22.68638
22.64450
22.60751
22.55376
22.55795
22.51328
22.42952
22.38345
22.39043
22.38764
22.39322
22.29969
22.21384
22.21802
22.16009
22.17405
22.08959
22.07982
22.08959
22.04143
22.04003
22.08540
22.04003
21.99676
21.95837
21.95697
21.99955
22.00374
21.95837
21.95558
21.96256
22.03724
21.95976
21.96116
21.95418
21.95558
22.00513
21.99676
21.95837
21.95837
21.91858
21.95976
21.95837
21.94860
21.91021
21.96395
21.96116
21.95837
22.00374
22.00234
21.99397
22.13217
22.17265
22.25641
22.34366
22.34087
22.38205
22.47070
22.55655
22.65567
22.68080
22.68917
22.78270
22.77572
22.86018
22.90555
22.86577
22.90276
22.95371
22.90695
22.90695
22.82389
22.82389
22.77712
22.77852
22.73594
22.69197
22.64311
22.59494
22.56493
22.51607
22.47210
22.42952
22.39322
22.38624
22.38345
22.25641
22.30667
22.21523
22.21942
22.12938
22.08261
22.08261
22.07982
22.00513
21.99676
22.04003
22.04003
22.00234
22.00374
21.99536
22.00095
21.96256
21.95837
21.96116
21.95837
21.95418
22.00374
21.95976
21.95976
21.96116
21.95976
21.95697
21.91719
21.91579
21.87531
21.91719
21.91719
21.86833
21.86972
21.83552
21.91300
21.90881
21.91300
21.91300
21.95976
22.04701
22.12379
22.25362
22.26479
22.38764
22.42952
22.47908
22.51328
22.60332
22.69336
22.69197
22.77014
22.78131
22.81900
22.90136
22.91114
22.90416
22.95162
22.95162
22.90695
22.90276
22.86577
22.86158
22.82389
22.77572
22.73454
22.68778
22.63892
22.64590
22.55795
22.56353
22.47489
22.43510
22.38624
22.34366
22.29829
22.26060
22.17405
22.13357
22.08680
22.13496
22.08680
22.00374
21.99955
21.95837
22.00234
22.00513
21.95418
21.91300
21.91160
21.95697
21.91439
21.91021
21.86972
21.91858
21.91858
21.91998
21.91300
21.86972
21.87251
21.91719
21.91998
21.91160
21.90881
21.95697
22.08680
22.12798
22.17545
22.25781
22.34646
22.38903
22.52026
22.55376
22.64590
22.68638
22.73454
22.78410
22.86158
22.94743
23.03817
22.99280
23.07307
23.07726
23.08075
23.08215
22.99001
22.99420
22.99699
22.90834
22.90136
22.86716
22.86577
22.81481
22.73594
22.68917
22.60890
22.60611
22.55655
22.56353
22.55795
22.47210
22.47908
22.42952
22.38764
22.39183
22.30667
22.26060
22.22221
22.12798
22.16986
22.13496
22.08401
22.08820
22.04701
22.04841
22.08401
22.04981
22.04562
22.00374
22.00374
21.95837
21.91439
21.95976
21.91439
21.87531
21.91021
21.91719
21.91719
21.87391
21.92137
22.04003
22.08401
22.17265
22.26200
22.38903
22.47070
22.51467
22.64590
22.73594
22.87275
22.90136
22.95371
23.03678
23.12403
23.20430
23.17079
23.25106
23.29504
23.33692
23.33761
23.29224
23.29224
23.33133
23.33901
23.34180
23.29364
23.24548
23.20918
23.21337
23.20150
23.16800
23.11984
23.08354
22.99699
23.03259
22.90555
22.90555
22.86158
22.86018
22.86856
22.81760
22.77991
22.73734
22.73873
22.69336
22.60611
22.56353
22.56074
22.56214
22.52026
22.47768
22.38764
22.38624
22.35204
22.30876
22.26339
22.21523
22.21523
22.17405
22.13077
22.04283
22.04143
21.99815
21.99676
21.96535
21.95837
21.95837
21.91579
21.91858
21.91439
21.99536
21.99676
22.04422
22.14194
22.22082
22.21384
22.30109
22.38485
22.47070
22.51886
22.56633
22.60332
22.69336
22.77852
22.77293
22.81900
22.90834
22.95651
22.99280
23.04376
22.99001
22.98861
22.99839
22.98582
22.99839
22.90974
22.90555
22.86158
22.85739
22.82319
22.72756
22.69197
22.64729
22.60611
22.55795
22.52305
22.46930
22.43510
22.38903
22.39322
22.25641
22.21523
22.26339
22.17545
22.12938
22.04701
21.99536
21.95558
21.91719
21.82714
21.87949
21.82296
21.79294
21.78038
21.78875
21.78875
21.78317
21.78736
21.74687
21.74827
21.78317
21.74548
21.74967
21.65334
21.65893
21.69871
21.74408
21.79294
21.79155
21.82854
21.87670
21.91579
21.99815
22.08959
22.13217
22.16847
22.25921
22.30248
22.39043
22.43371
22.48187
22.51188
22.56214
22.65148
22.65427
22.65009
22.64869
22.65148
22.68499
22.64869
22.60611
22.56633
22.55655
22.51886
22.47628
22.38485
22.38205
22.39183
22.34925
22.30527
22.20686
22.21802
22.12938
22.13915
22.08401
22.08680
22.08401
22.04283
22.00234
21.95976
21.96256
21.95837
21.91160
21.87112
21.87670
21.91719
21.86972
21.83273
21.78457
21.79294
21.82994
21.79294
21.73989
21.74548
21.70290
21.73989
21.70290
21.70150
21.66032
21.70290
21.69871
21.70709
21.65474
21.61007
21.65893
21.65055
21.61565
21.56609
21.61565
21.61007
21.69732
21.74548
21.82435
21.91300
21.95976
22.08122
22.17824
22.21244
22.30248
22.35064
22.39322
22.46512
22.48187
22.56493
22.56353
22.55935
22.59634
22.61449
22.56353
22.60890
22.56633
22.52165
22.56702
22.51886
22.51747
22.43091
22.47768
22.43231
22.38903
22.34227
22.29969
22.26200
22.26060
22.21384
22.17265
22.13217
22.12379
22.07982
22.04422
22.00234
22.04701
22.04143
22.05120
22.04143
22.04701
22.08401
22.09099
22.08401
22.09238
22.00095
22.03724
22.00793
21.96116
21.96116
21.91021
21.95976
21.92486
21.91998
21.91858
21.92137
21.91858
21.91998
21.91719
21.91579
21.87251
21.91579
21.91719
21.96256
21.91719
21.86833
21.91300
21.91858
21.91439
21.91439
21.87391
21.95278
21.91998
21.95697
21.91439
21.92137
21.91998
21.95139
21.96395
21.91579
21.95418
21.95837
21.92486
21.91160
21.87391
21.83273
21.87112
21.82575
21.74687
21.65893
21.65334
21.65893
21.69871
21.78457
21.78736
21.86693
21.91579
22.00095
22.04422
22.12798
22.12798
22.17684
22.25641
22.34227
22.38485
22.43650
22.42812
22.47349
22.55935
22.61030
22.60751
22.60611
22.65288
22.68778
22.64171
22.69336
22.60053
22.60611
22.56353
22.60890
22.55795
22.51467
22.51607
22.47628
22.47628
22.48466
22.38345
22.33808
22.38345
22.34087
22.30667
22.21802
22.16986
22.12519
22.08680
22.04003
22.05120
22.04003
21.99955
21.96116
21.91719
21.95558
21.92137
21.91858
21.87391
21.83273
21.87112
21.82994
21.78596
21.78177
21.78596
21.78038
21.77898
21.74827
21.78457
21.74687
21.78317
21.78177
21.78317
21.73989
21.74129
21.74129
21.73850
21.73850
21.70430
21.69732
21.74408
21.74408
21.82016
21.82296
21.92277
21.99815
22.08401
22.12659
22.21942
22.26479
22.26339
22.34087
22.43231
22.47070
22.47070
22.51886
22.55516
22.55655
22.60890
22.61170
22.55237
22.60192
22.60890
22.59913
22.60332
22.51747
22.55516
22.51747
22.51747
22.42812
22.38903
22.39601
22.38345
22.29690
22.30527
22.25223
22.25502
22.21802
22.21384
22.22082
22.13357
22.08540
22.07982
22.04143
22.07703
22.00374
22.00653
21.99955
21.95418
21.96116
21.99676
21.99257
21.95837
21.96116
21.91719
21.95697
21.95837
21.90741
21.87251
21.87391
21.91160
21.87391
21.91858
21.91579
21.87531
21.91300
21.91719
21.91439
21.86693
21.88089
21.91579
21.91579
21.91300
21.86972
21.82575
21.91160
21.91719
21.86833
21.86693
21.87251
21.91858
21.86553
21.86553
21.87112
21.96116
22.03864
22.12379
22.16847
22.25921
22.34646
22.34087
22.38764
22.46930
22.51747
22.60890
22.60192
22.63892
22.72896
22.81621
22.81760
22.81900
22.82668
22.85460
22.89997
22.86158
22.82179
22.85879
22.81760
22.77572
22.81621
22.74013
22.73036
22.64031
22.68917
22.60053
22.55795
22.51747
22.46791
22.47349
22.47210
22.38624
22.34087
22.34087
22.29550
22.26060
22.21104
22.17405
22.12659
22.12240
22.12659
22.08540
22.08959
22.04841
22.04283
22.04283
22.08820
22.08540
22.07703
22.04003
22.00234
22.04422
22.07842
22.04143
22.04562
21.99955
22.04562
22.04003
22.04562
21.99676
21.99955
22.04562
22.04283
21.99955
22.00095
22.04283
22.04422
22.03864
22.04143
22.08261
22.04701
22.12100
22.16707
22.21384
22.30876
22.34506
22.38624
22.42673
22.51467
22.60192
22.59913
22.64869
22.69197
22.77433
22.81900
22.86577
22.86716
22.86018
22.90276
22.94743
22.94883
22.95162
22.95162
22.90416
22.94743
22.90276
22.90136
22.86856
22.90136
22.85460
22.86437
22.81900
22.77014
22.81342
22.77712
22.72896
22.64590
22.68638
22.64729
22.59774
22.60192
22.51747
22.51607
22.46372
22.43231
22.42812
22.33948
22.30667
22.29550
22.25362
22.21942
22.17265
22.12938
22.08540
22.08401
22.04003
22.08959
22.08401
22.04143
22.04562
22.04283
22.04143
22.04841
21.99676
21.99257
21.96116
22.00095
21.99676
21.99676
21.95976
21.96116
21.99955
21.95278
21.95558
21.99536
21.95697
21.95976
21.95837
21.99955
21.95418
21.95697
22.00513
22.00374
22.04422
22.04283
22.08820
22.04562
22.12938
22.12659
22.21384
22.30527
22.34087
22.38205
22.42673
22.55516
22.64311
22.68499
22.68359
22.77433
22.82040
22.82040
22.86716
22.89857
22.94883
22.94604
22.94743
22.94743
22.90276
22.94185
22.90695
22.90136
22.86018
22.81760
22.82040
22.77712
22.78270
22.68219
22.68359
22.65148
22.59634
22.60192
22.56074
22.51886
22.51607
22.47628
22.43091
22.39322
22.34785
22.34506
22.25921
22.25921
22.20965
22.21104
22.17265
22.12100
22.12519
22.04283
21.99955
21.95558
21.95558
21.91160
21.91719
21.91300
21.87112
21.82435
21.83133
21.82435
21.85995
21.82435
21.78177
21.78038
21.83133
21.81737
21.77898
21.78038
21.77898
21.78457
21.73710
21.74269
21.74129
21.69452
21.78038
21.70011
21.69452
21.69732
21.65195
21.69313
21.60867
21.61425
21.57168
21.61007
21.70290
21.69732
21.73850
21.78736
21.78596
21.91579
21.99257
22.04422
22.12798
22.12519
22.12798
22.21104
22.25921
22.30527
22.34366
22.34366
22.43091
22.51328
22.51607
22.55097
22.60053
22.68080
22.68499
22.72477
22.72477
22.73175
22.73315
22.72896
22.73454
22.69057
22.64450
22.60472
22.56074
22.56353
22.51328
22.43091
22.38066
22.34366
22.29550
22.26060
22.17963
22.16567
22.08959
22.04562
22.00234
22.00374
21.95976
21.91858
21.90462
21.87531
21.86553
21.86833
21.82296
21.78317
21.73850
21.78875
21.78736
21.73850
21.70430
21.73850
21.73710
21.73571
21.74408
21.70011
21.69313
21.74827
21.69871
21.69732
21.70290
21.69173
21.69452
21.69592
21.69871
21.65195
21.70011
21.78596
21.78736
21.86553
21.87251
21.91719
22.04003
22.13217
22.13357
22.21244
22.25502
22.25502
22.33948
22.34646
22.42673
22.43650
22.47210
22.42952
22.47489
22.47768
22.46930
22.47349
22.42812
22.43231
22.42254
22.39043
22.35064
22.35064
22.30109
22.30109
22.26060
22.21244
22.16707
22.17405
22.16707
22.08959
22.12798
22.03724
22.04422
22.04283
21.99955
22.00095
21.95837
21.95418
21.91579
21.91858
21.91858
21.91858
21.86693
21.86972
21.82296
21.86553
21.82016
21.82435
21.78177
21.77898
21.78457
21.82016
21.73850
21.78457
21.74129
21.82994
21.82156
21.86972
21.91439
21.90881
22.08401
22.16986
22.16986
22.26060
22.30527
22.33948
22.42393
22.47210
22.51886
22.60332
22.60192
22.64729
22.68219
22.73594
22.77572
22.73454
22.74013
22.73036
22.73454
22.72756
22.64171
22.64729
22.64171
22.65148
22.59913
22.56353
22.51049
22.47210
22.47768
22.42812
22.38345
22.38485
22.34506
22.30248
22.30109
22.17265
22.17265
22.17545
22.08820
22.12659
22.04981
21.99676
22.00374
22.00095
21.91021
21.95697
21.91439
21.91579
21.87391
21.82435
21.86833
21.82575
21.82994
21.82575
21.78317
21.82854
21.83133
21.78596
21.78736
21.78875
21.77898
21.79015
21.78177
21.78038
21.78177
21.82714
21.82296
21.78736
21.78038
21.78317
21.83133
21.78736
21.82296
21.83273
21.83133
21.91300
21.95976
21.99955
22.08540
22.17545
22.12659
22.26060
22.30388
22.38205
22.47349
22.47210
22.56633
22.60192
22.68499
22.69685
22.69057
22.73315
22.82040
22.85599
22.82389
22.77991
22.81760
22.82179
22.78131
22.82528
22.77014
22.78131
22.73594
22.69057
22.68778
22.65567
22.60332
22.55655
22.60751
22.52165
22.47210
22.47628
22.42812
22.38345
22.35483
22.25223
22.25362
22.17265
22.17265
22.09099
22.08122
22.08540
22.04422
22.00513
21.95558
21.99955
21.95558
21.91579
21.91439
21.87251
21.91300
21.92277
21.82714
21.82156
21.78038
21.86972
21.82435
21.82854
21.78317
21.79155
21.82575
21.78457
21.78177
21.74129
21.73989
21.78596
21.74408
21.73710
21.82575
21.78317
21.91160
21.99955
22.08820
22.17963
22.17405
22.21244
22.31016
22.38903
22.43091
22.51328
22.56074
22.61170
22.65288
22.68499
22.73594
22.72896
22.78410
22.82040
22.81760
22.86018
22.82319
22.86856
22.81621
22.86297
22.86716
22.77433
22.77991
22.77293
22.73175
22.68359
22.65427
22.68917
22.64590
22.64729
22.60332
22.60053
22.51747
22.52026
22.52026
22.47489
22.38624
22.38903
22.34366
22.25502
22.25921
22.17405
22.17545
22.08401
22.04981
22.04003
22.08122
22.04701
22.00513
21.95976
21.95697
21.95697
21.96116
21.91160
21.86414
21.87531
21.91439
21.87391
21.86833
21.82296
21.79155
21.78736
21.79155
21.78596
21.73571
21.74408
21.83133
21.86833
21.91439
21.95697
21.95976
22.08261
22.17265
22.22221
22.26339
22.30807
22.30248
22.38903
22.39322
22.42952
22.51467
22.52165
22.51328
22.55655
22.56214
22.56493
22.56074
22.55795
22.52026
22.51886
22.52026
22.42673
22.43231
22.43091
22.38903
22.43371
22.29550
22.30527
22.30527
22.30109
22.25781
22.16986
22.13217
22.08401
22.08261
22.04981
22.08680
22.05190
21.96256
21.96116
21.96535
21.96116
21.91160
21.86972
21.82854
21.78457
21.82156
21.78736
21.73850
21.74269
21.69592
21.74129
21.69592
21.70011
21.66172
21.65893
21.69732
21.64915
21.65613
21.66032
21.61007
21.65753
21.61844
21.66311
21.61286
21.61425
21.65753
21.65893
21.65334
21.61146
21.65474
21.78596
21.74129
21.82854
21.91160
21.95976
22.08959
22.09238
22.12519
22.12798
22.21663
22.21523
22.30248
22.38903
22.43650
22.51188
22.51747
22.60611
22.64869
22.69336
22.77572
22.73454
22.77991
22.77433
22.77154
22.77293
22.77712
22.73175
22.68917
22.65009
22.68917
22.60053
22.55935
22.47070
22.51607
22.43371
22.33948
22.25921
22.25502
22.25502
22.17545
22.13357
22.05748
21.99815
22.00513
21.92486
21.91439
21.87391
21.86693
21.78736
21.79155
21.78736
21.74687
21.78317
21.70011
21.69592
21.70430
21.70569
21.69173
21.61286
21.57586
21.57586
21.62123
21.53189
21.53189
21.48303
21.48024
21.53189
21.52910
21.56749
21.62123
21.70150
21.74548
21.79294
21.86693
21.91998
22.04701
22.08122
22.17963
22.26200
22.21523
22.22082
22.26060
22.30807
22.26339
22.30248
22.26339
22.21663
22.21384
22.20965
22.17265
22.09099
22.08959
22.04422
21.99815
21.99536
21.99955
21.95558
21.96395
21.91439
21.86972
21.87391
21.82714
21.82714
21.78317
21.74687
21.78457
21.69592
21.69871
21.66032
21.65893
21.65893
21.61007
21.57447
21.53189
21.48722
21.48443
21.44464
21.39369
21.35460
21.30923
21.31481
21.26246
21.23035
21.18359
21.13961
21.18080
21.18498
21.14101
21.09634
21.10053
21.10053
21.09634
21.05376
21.00979
21.05516
21.05236
21.09355
21.04957
21.05516
21.01258
21.05516
21.04678
21.05516
21.01258
21.00560
21.00560
21.01258
21.05516
21.00281
21.01118
21.05376
21.09634
21.14520
21.13961
21.13403
21.17661
21.22198
21.18080
21.22058
21.22477
21.26386
21.22756
21.26525
21.26805
21.26246
21.31481
21.27084
21.22617
21.27084
21.27223
21.31062
21.27084
21.26805
21.31481
21.31900
21.34901
21.35460
21.35460
21.34762
21.39787
21.40067
21.40346
21.40346
21.40067
21.40206
21.49001
21.48163
21.48163
21.48582
21.48024
21.52351
21.52910
21.48024
21.57168
21.57586
21.65195
21.73710
21.82575
21.87391
21.95697
22.08401
22.17824
22.25362
22.34646
22.39043
22.43510
22.51049
22.60053
22.69336
22.73454
22.73454
22.78131
22.82179
22.86437
22.90834
22.86158
22.89857
22.85739
22.86297
22.86856
22.86437
22.82319
22.85599
22.82389
22.81900
22.73454
22.77852
22.73175
22.73454
22.69476
22.64869
22.65148
22.64729
22.60332
22.61449
22.51747
22.52026
22.47349
22.42812
22.38624
22.38205
22.34506
22.34366
22.25781
22.21244
22.21942
22.17265
22.16986
22.13217
22.16428
22.09238
22.04422
22.04143
22.04562
22.04981
22.08401
22.08820
22.08540
22.03864
22.04143
22.08959
22.08261
22.04701
22.04562
21.99536
22.09099
22.04143
22.04701
22.00234
21.99536
22.04841
22.04283
22.04283
21.99536
21.99955
22.04422
22.00374
22.00653
22.00374
21.95976
22.00234
22.04283
22.04143
22.04841
22.04283
22.12938
22.08540
22.04841
21.96116
21.91579
22.00374
21.95697
22.00234
22.04422
22.13217
22.13217
22.16986
22.20825
22.29829
22.38485
22.39043
22.47628
22.56353
22.64450
22.73315
22.73873
22.82040
22.85320
22.90136
22.94883
22.94604
22.98861
23.03678
23.02700
22.99420
22.95162
22.95162
22.95511
22.89997
22.89997
22.86297
22.86437
22.85879
22.82319
22.82040
22.73175
22.78270
22.77572
22.73594
22.69476
22.60332
22.59913
22.60053
22.55795
22.55795
22.47070
22.43371
22.38205
22.39183
22.34506
22.25502
22.30527
22.21663
22.21244
22.21523
22.13217
22.12798
22.12938
22.08261
22.08959
22.03585
22.04143
22.04283
22.04562
22.04841
22.07982
22.08680
22.08122
22.04422
21.99815
22.08540
22.04283
22.04003
22.04701
22.04981
22.04422
22.04701
22.04701
22.04003
22.04981
22.03724
22.09099
22.08122
22.08820
22.04701
22.08959
22.08122
22.08540
22.08680
22.08540
22.04143
22.08401
22.04003
22.08401
22.08401
22.04143
22.04422
22.04701
21.99676
22.00653
21.99536
21.95418
21.95418
21.95697
21.95976
22.08680
22.12798
22.21663
22.26479
22.33808
22.38345
22.47768
22.51188
22.60332
22.69476
22.72756
22.77712
22.86437
22.89438
22.95162
22.98861
22.99420
23.03957
23.03538
23.12263
23.03119
23.07586
23.08005
23.03538
23.07586
22.99420
23.03538
22.99001
22.94185
22.98722
22.86995
22.85879
22.85879
22.81760
22.86158
22.77572
22.73594
22.73175
22.64729
22.63892
22.60053
22.55795
22.51607
22.52305
22.47210
22.42812
22.38624
22.39043
22.38345
22.34087
22.30109
22.30527
22.25781
22.25921
22.25502
22.17405
22.16986
22.17824
22.17126
22.12240
22.08959
22.08122
22.08680
22.08122
22.08820
22.04003
22.03864
22.00234
21.99397
21.96256
21.99536
21.99815
21.99676
21.95697
21.91160
22.00653
21.95976
21.91719
21.96116
21.95837
21.95837
21.95976
21.92137
21.91021
21.91300
21.90741
21.91160
21.91719
21.91858
21.87112
21.91300
21.91300
21.90881
21.95837
21.90881
21.95976
21.91579
21.91579
21.86972
21.86833
21.91579
21.91021
21.91579
21.95976
21.99955
22.13077
22.17126
22.16567
22.25921
22.34925
22.38764
22.47210
22.51886
22.55795
22.68499
22.68638
22.78131
22.81062
22.85460
22.90695
22.94464
22.94045
23.03398
23.11984
23.11844
23.11705
23.15962
23.16800
23.16242
23.20848
23.16102
23.16242
23.24967
23.25246
23.29224
23.29643
23.29085
23.29783
23.29364
23.29643
23.24687
23.24687
23.20709
23.20011
23.16381
23.11984
23.12123
23.07028
23.07726
23.07866
23.02840
22.98722
22.99001
23.04096
22.99001
22.90695
22.90136
22.90834
22.86297
22.81481
22.77852
22.77572
22.72617
22.73175
22.68778
22.64729
22.60192
22.55237
22.51607
22.51049
22.42393
22.38066
22.38764
22.34227
22.29829
22.21942
22.21523
22.16567
22.13077
22.08401
22.05120
22.03445
22.03724
21.94580
21.94999
21.99815
21.94720
21.95558
21.91160
21.91160
21.96116
21.91579
21.91021
21.91858
21.86833
21.95278
21.91160
21.86833
21.87251
21.82156
21.87112
21.86972
21.86414
21.90741
21.91858
21.99955
22.03864
22.08261
22.12798
22.17405
22.17824
22.21663
22.24943
22.34506
22.38903
22.43091
22.47070
22.51886
22.56074
22.55516
22.60192
22.64590
22.59913
22.59774
22.64869
22.55376
22.60192
22.55795
22.55376
22.59774
22.51747
22.51328
22.51049
22.51328
22.47908
22.42673
22.38205
22.38485
22.34227
22.30248
22.17265
22.07982
22.04981
21.91439
21.86693
21.91439
21.82016
21.82296
21.74269
21.73710
21.69452
21.69732
21.65334
21.61007
21.56888
21.60867
21.56749
21.56190
21.56749
21.61286
21.69034
21.69034
21.78457
21.82994
21.86414
21.95697
21.95837
21.95278
21.99397
22.04143
22.12798
22.16567
22.21104
22.26200
22.29829
22.30248
22.38624
22.42673
22.51607
22.55935
22.55935
22.60611
22.60472
22.64729
22.64450
22.59494
22.65427
22.60053
22.60332
22.55655
22.50630
22.55795
22.51747
22.47349
22.43231
22.33948
22.34925
22.25781
22.21244
22.17265
22.07842
22.04562
21.99815
21.95278
21.91160
21.95278
21.91160
21.82435
21.82435
21.78736
21.78736
21.78038
21.73571
21.70150
21.69871
21.69452
21.70011
21.65195
21.61565
21.61286
21.65893
21.60727
21.61286
21.56470
21.56470
21.65474
21.65055
21.74129
21.74548
21.77898
21.91300
21.95837
22.04283
22.04283
22.08540
22.12938
22.17265
22.17265
22.25641
22.33948
22.34925
22.38624
22.38485
22.38903
22.42673
22.38345
22.39043
22.38205
22.38345
22.34227
22.29690
22.30667
22.30667
22.25641
22.21523
22.16428
22.16847
22.13217
22.12938
22.04422
22.12798
22.04283
22.00234
21.95976
21.91300
21.95976
21.86972
21.86972
21.82994
21.82156
21.77898
21.73850
21.69871
21.65474
21.65753
21.65893
21.60867
21.51793
21.52072
21.48163
21.53049
21.53329
21.47605
21.47884
21.44185
21.43766
21.47465
21.43208
21.43766
21.43487
21.57447
21.65334
21.65474
21.74129
21.82156
21.92277
21.95697
21.99955
22.08261
22.12100
22.16986
22.21104
22.25641
22.30248
22.38066
22.38764
22.42952
22.47349
22.47349
22.47489
22.42952
22.46930
22.47070
22.47070
22.43091
22.39183
22.34087
22.33948
22.34785
22.30667
22.25921
22.21104
22.21523
22.17684
22.13077
22.07842
22.04562
22.00234
22.00095
21.96116
21.96116
21.95139
21.91300
21.87112
21.87391
21.86693
21.86693
21.82575
21.82714
21.78736
21.82435
21.81877
21.78596
21.78736
21.73850
21.77898
21.74129
21.69871
21.69313
21.70150
21.69452
21.70011
21.65753
21.64776
21.66311
21.65474
21.65753
21.61425
21.61425
21.61146
21.69452
21.69871
21.73850
21.77898
21.87112
21.91021
22.00374
22.08959
22.12659
22.21384
22.25502
22.26060
22.34785
22.42952
22.51467
22.47349
22.56074
22.60053
22.64590
22.69685
22.63892
22.69546
22.69685
22.69057
22.69057
22.65009
22.64729
22.65009
22.60890
22.60192
22.56353
22.56214
22.51188
22.46930
22.42952
22.38624
22.33808
22.30527
22.30807
22.26060
22.17545
22.13077
22.08122
22.08820
22.08401
22.04283
22.00653
21.99536
21.95837
21.95976
21.95837
21.91858
21.87391
21.82994
21.82435
21.82156
21.82854
21.82714
21.73850
21.69592
21.74269
21.73571
21.74548
21.70290
21.64776
21.70011
21.74129
21.69592
21.69732
21.69592
21.73710
21.74687
21.74548
21.74408
21.73710
21.78596
21.78596
21.82575
21.78317
21.78596
21.78875
21.82156
21.82994
21.83273
21.78736
21.86414
21.82994
21.83412
21.87112
21.91579
22.04701
22.13077
22.21663
22.21942
22.30667
22.34506
22.39741
22.47489
22.51747
22.56214
22.60053
22.64729
22.69476
22.73036
22.78131
22.77991
22.86856
22.81621
22.86158
22.86437
22.81900
22.82179
22.77712
22.77852
22.81760
22.77433
22.72896
22.73594
22.68219
22.65009
22.56982
22.56074
22.51747
22.48606
22.46930
22.42952
22.43231
22.38066
22.34227
22.35204
22.25223
22.21942
22.22221
22.17405
22.16847
22.04841
22.04562
21.94999
21.95976
21.96395
21.95139
21.95418
21.91439
21.91439
21.87531
21.86833
21.91858
21.83133
21.86693
21.83552
21.83133
21.82435
21.82994
21.83692
21.78875
21.78317
21.79015
21.82575
21.79504
21.78038
21.82714
21.82994
21.78317
21.73989
21.74967
21.82296
21.82994
21.82994
21.82435
21.78038
21.91719
21.95697
22.00513
22.04841
22.08401
22.17545
22.22082
22.30248
22.34506
22.39462
22.47070
22.47070
22.56214
22.60472
22.69546
22.68917
22.74152
22.78410
22.81760
22.86995
22.85739
22.85879
22.87275
22.90695
22.86995
22.86437
22.82040
22.82179
22.77852
22.73315
22.68638
22.69197
22.65567
22.60751
22.60472
22.51747
22.51747
22.43371
22.48187
22.39322
22.34925
22.34227
22.30527
22.29969
22.25781
22.16707
22.13357
22.12938
22.09099
22.12798
22.04562
22.00374
22.00234
22.00513
21.96256
21.96395
21.95558
21.91300
21.91579
21.86833
21.91021
21.86972
21.83692
21.82156
21.78038
21.82994
21.82156
21.78596
21.78875
21.74548
21.82575
21.78177
21.74687
21.74129
21.70290
21.78177
21.79294
21.74408
21.73989
21.74408
21.78457
21.78596
21.79015
21.83552
21.83133
21.95976
21.95976
22.00095
22.04283
22.08820
22.17405
22.22082
22.26479
22.26619
22.35064
22.34506
22.38345
22.43371
22.43859
22.46930
22.47210
22.52026
22.52165
22.51467
22.52305
22.43720
22.47210
22.43999
22.47070
22.38624
22.35064
22.29690
22.34506
22.30807
22.29969
22.21384
22.17545
22.17545
22.12379
22.09099
22.04701
22.03864
21.99815
21.95976
21.96395
21.96116
21.95976
21.95837
21.96116
22.04562
22.03724
22.08401
22.13217
22.17265
22.17405
22.16986
22.17545
22.21802
22.25502
22.25781
22.26758
22.30667
22.34925
22.39322
22.34925
22.30248
22.38764
22.38903
22.38485
22.42812
22.34646
22.34227
22.34785
22.38903
22.34366
22.30388
22.26339
22.21244
22.21523
22.17405
22.08540
22.04283
22.04701
21.95697
21.91719
21.87670
21.82296
21.82714
21.78596
21.74129
21.78177
21.74129
21.74548
21.70430
21.66032
21.65753
21.65753
21.65474
21.61146
21.61425
21.65753
21.69871
21.70011
21.74129
21.74269
21.82575
21.78875
21.82994
21.82994
21.87391
21.95976
21.95697
21.99955
22.09099
22.08122
22.18173
22.21384
22.26339
22.25641
22.35344
22.25921
22.25781
22.30527
22.26060
22.21384
22.17126
22.17545
22.13496
22.12240
22.08680
22.04143
22.00234
21.95558
21.95697
21.91858
21.86833
21.82296
21.82714
21.78596
21.74548
21.78177
21.69732
21.73710
21.70150
21.65893
21.70150
21.65195
21.66032
21.56609
21.56888
21.60867
21.65474
21.66591
21.65893
21.70290
21.82994
21.79015
21.86693
21.91858
21.96116
22.04981
22.08680
22.12659
22.21802
22.21523
22.25641
22.25362
22.30248
22.30527
22.30109
22.25641
22.21523
22.21244
22.18173
22.16428
22.13217
22.08401
22.00513
22.00653
21.95976
21.95558
21.94860
21.91858
21.82994
21.82714
21.86972
21.82854
21.78596
21.74548
21.73989
21.74408
21.70150
21.66032
21.69871
21.66311
21.70011
21.65753
21.73989
21.74408
21.78875
21.87112
21.91021
21.95139
22.04562
22.08401
22.17684
22.21104
22.26619
22.30109
22.34925
22.34646
22.38903
22.43510
22.42812
22.43371
22.38764
22.38764
22.38485
22.38903
22.30807
22.30109
22.25502
22.25921
22.21663
22.16847
22.12519
22.08540
22.04562
21.99955
22.00513
21.99955
21.95558
21.94999
21.87810
21.87810
21.87112
21.87251
21.82854
21.82435
21.82435
21.83133
21.83133
21.78736
21.79294
21.78457
21.82854
21.82435
21.87949
21.87670
21.91021
22.04701
22.08959
22.16847
22.21802
22.30807
22.26200
22.34925
22.38624
22.43510
22.46651
22.42952
22.51747
22.47349
22.52165
22.51607
22.47349
22.47628
22.42952
22.47489
22.39043
22.34925
22.34366
22.29829
22.26060
22.26060
22.16567
22.16847
22.12938
22.08540
22.08680
22.00095
22.00513
21.95976
21.92277
21.86833
21.90602
21.87531
21.82714
21.82575
21.79155
21.82156
21.82296
21.82296
21.82854
21.87531
21.95558
22.00374
22.04283
22.08680
22.12938
22.17126
22.21384
22.30109
22.25921
22.34366
22.34785
22.39043
22.38764
22.39043
22.43231
22.38903
22.42393
22.38624
22.43091
22.42952
22.34646
22.34227
22.29969
22.30667
22.30109
22.26060
22.17545
22.17265
22.13077
22.13217
22.04143
22.04143
22.00653
21.99536
21.95837
21.96116
21.96256
21.91719
21.86553
21.82854
21.87112
21.82575
21.78177
21.78596
21.73571
21.82016
21.82994
21.82435
21.83133
21.86414
21.95418
21.95976
21.99815
22.04283
22.08401
22.08680
22.16847
22.21663
22.25781
22.30388
22.30388
22.29969
22.34366
22.39462
22.39043
22.38485
22.38764
22.43231
22.47210
22.47210
22.43091
22.43650
22.42673
22.42533
22.42673
22.34785
22.33948
22.29411
22.26200
22.21104
22.17545
22.17824
22.13077
22.07982
22.08820
21.99676
22.00234
21.95278
21.91719
21.91021
21.87531
21.87112
21.82016
21.78038
21.78596
21.78317
21.78177
21.73989
21.74129
21.69313
21.73850
21.74129
21.73431
21.78875
21.78736
21.82854
21.91300
21.90741
21.95697
21.99676
22.08680
22.13077
22.17265
22.21942
22.21942
22.21663
22.25921
22.29829
22.30248
22.29690
22.29969
22.34227
22.34227
22.34506
22.34366
22.34646
22.38764
22.42952
22.38764
22.43371
22.39043
22.42673
22.47768
22.47210
22.47489
22.42673
22.38903
22.38624
22.34366
22.37926
22.29969
22.30248
22.30109
22.21942
22.20965
22.12798
22.12798
22.08122
22.08401
22.00374
22.04422
21.95697
21.95837
21.91300
21.87251
21.87391
21.82016
21.83273
21.82296
21.74827
21.78317
21.78736
21.74687
21.73710
21.78736
21.82156
21.82296
21.87112
21.91160
21.95837
21.99815
22.08261
22.13217
22.16986
22.21663
22.21104
22.25362
22.30388
22.25781
22.29411
22.30388
22.30109
22.33668
22.39043
22.42533
22.38205
22.43510
22.42812
22.43371
22.47210
22.38903
22.38903
22.34646
22.30527
22.30109
22.25362
22.26060
22.16847
22.08680
22.04003
22.03864
21.99815
21.95697
21.86833
21.82575
21.82854
21.78038
21.73710
21.69313
21.70011
21.70430
21.64915
21.69592
21.73850
21.78038
21.91021
21.96116
21.99815
22.04422
22.08401
22.16428
22.25921
22.29131
22.38345
22.43091
22.47210
22.51467
22.56633
22.64450
22.68499
22.73594
22.76456
22.82040
22.86437
22.89718
22.90416
22.94324
22.89020
22.90974
22.90695
22.86297
22.85879
22.81760
22.77433
22.77991
22.68499
22.64450
22.60472
22.55376
22.55655
22.47070
22.42952
22.42393
22.38903
22.34646
22.25781
22.26200
22.21523
22.20965
22.12938
22.03305
22.07982
21.99257
21.95139
21.91858
21.91300
21.91300
21.82435
21.86553
21.87810
21.91579
21.99536
22.04701
22.12379
22.16567
22.17265
22.16707
22.21663
22.29969
22.30667
22.34366
22.38345
22.42393
22.43650
22.42533
22.43091
22.39183
22.38764
22.38205
22.34087
22.33668
22.30109
22.26060
22.30109
22.25083
22.21663
22.12240
22.08401
22.08122
22.04003
22.04701
21.99676
21.94999
21.91439
21.82854
21.82575
21.78317
21.78875
21.69732
21.66032
21.65753
21.56749
21.51793
21.48163
21.43906
21.44324
21.39508
21.39927
21.35181
21.30923
21.30364
21.30504
21.26665
21.26386
21.26805
21.31202
21.35460
21.43906
21.47465
21.52770
21.56190
21.65195
21.69313
21.82435
21.82575
21.95418
22.04003
22.13077
22.16149
22.17545
22.21244
22.26339
22.29969
22.38345
22.38205
22.39043
22.38066
22.37787
22.34646
22.34366
22.30248
22.21384
22.21802
22.12100
22.12798
22.03585
21.99397
21.96256
21.90741
21.86833
21.82575
21.82575
21.74269
21.69034
21.61146
21.61146
21.56749
21.52072
21.47745
21.47745
21.44464
21.43906
21.39369
21.35181
21.31202
21.30225
21.21919
21.22756
21.22058
21.22198
21.31760
21.35460
21.39229
21.43906
21.52631
21.60867
21.61286
21.69732
21.74408
21.86833
21.91719
21.95278
21.99815
22.04422
22.07703
22.08540
22.12798
22.12240
22.08680
22.12798
22.08540
22.04003
21.99536
21.95837
21.90741
21.90741
21.82714
21.78596
21.77898
21.69452
21.69592
21.65334
21.60309
21.57168
21.52351
21.53189
21.52631
21.48163
21.48303
21.39787
21.45022
21.39648
21.40067
21.29946
21.30923
21.35320
21.31342
21.26386
21.26107
21.26246
21.31062
21.35599
21.39787
21.48163
21.52072
21.64776
21.70011
21.78736
21.91858
21.95139
22.04283
22.12240
22.22082
22.30248
22.39183
22.34506
22.47768
22.55376
22.59913
22.60053
22.65009
22.69476
22.68219
22.73315
22.68359
22.64450
22.64869
22.59634
22.60472
22.64590
22.60751
22.55795
22.55376
22.52165
22.47210
22.38345
22.39043
22.29829
22.35204
22.25502
22.21663
22.13077
22.13496
22.12519
22.04841
22.04422
21.99955
21.99815
21.95139
21.95976
21.91021
21.91300
21.90881
21.81737
21.78317
21.82994
21.78596
21.82435
21.83273
21.82296
21.95278
21.91021
21.87391
21.86414
21.86553
21.91300
21.87251
21.87112
21.86833
21.87112
21.87251
21.87112
21.86972
21.82435
21.86553
21.91021
21.91439
21.85995
21.86833
21.91300
21.91858
21.91021
21.90741
21.95976
21.91579
21.99815
21.95697
21.95418
21.91160
21.91160
21.95976
21.95418
21.95697
21.91160
21.91858
21.95697
21.96256
21.91998
21.91579
21.86553
21.90881
21.91579
22.00932
22.04143
22.17545
22.17126
22.26060
22.25641
22.34227
22.43371
22.46651
22.51607
22.59913
22.69057
22.73036
22.77293
22.77712
22.86577
22.86158
22.94883
22.90136
22.90834
22.95371
22.90416
22.90416
22.86158
22.82179
22.81760
22.81481
22.77293
22.72617
22.69057
22.64450
22.60751
22.55795
22.47768
22.47768
22.38205
22.33808
22.38903
22.25362
22.21384
22.21384
22.17545
22.17126
22.12798
22.08261
22.04422
22.04841
21.99676
22.00793
21.99955
22.00653
21.95837
21.96116
21.99676
21.95558
21.95418
21.95976
21.91300
21.96116
21.91719
21.91579
21.91300
21.91998
21.91858
21.91439
21.91021
21.87949
21.86972
21.91579
21.91858
21.91021
21.87251
21.91998
21.96116
21.95558
21.91439
21.95139
21.86833
21.95697
21.91719
21.87112
21.87251
21.87810
21.95837
22.00932
21.99955
22.12659
22.12519
22.17824
22.22082
22.29690
22.34506
22.43650
22.43720
22.47349
22.56493
22.65148
22.69057
22.69546
22.73594
22.78131
22.78270
22.81900
22.78270
22.78131
22.82389
22.77293
22.77433
22.69336
22.64450
22.59634
22.56214
22.52305
22.43371
22.43371
22.39183
22.34227
22.30388
22.17126
22.17126
22.08401
22.08680
22.04283
22.09378
22.04143
22.04143
22.04283
22.00932
22.00374
21.99955
22.00374
21.95976
21.95558
21.95418
21.95558
21.95976
21.95697
21.95976
21.95418
21.95697
21.95558
21.95697
21.96256
22.00095
21.95697
21.99955
21.99536
22.00653
22.04003
22.00374
21.99117
22.04981
22.00513
22.04981
22.04422
22.00374
22.04701
21.95697
22.00374
21.95278
21.95837
22.00513
22.04841
22.08540
22.17824
22.21802
22.26060
22.30109
22.30667
22.39322
22.38485
22.46930
22.56353
22.60332
22.60751
22.68638
22.73175
22.77712
22.69197
22.73594
22.73315
22.73594
22.69057
22.60890
22.59913
22.55516
22.52026
22.51886
22.42952
22.42952
22.38764
22.39043
22.34646
22.30807
22.25641
22.25781
22.20965
22.21942
22.08680
22.09099
22.08261
22.09099
22.08680
22.04701
22.04422
22.04841
22.00374
21.96116
22.00653
21.95278
21.91579
21.91579
21.92277
21.96116
21.91858
21.91719
21.91439
21.86972
21.91858
21.91998
21.91858
21.95837
21.91300
21.96256
21.95976
21.95558
21.96256
22.00513
22.04981
22.09099
22.12519
22.17824
22.21663
22.25641
22.26339
22.30667
22.38903
22.43371
22.47349
22.47768
22.55795
22.64729
22.69685
22.68917
22.73454
22.73734
22.77712
22.77712
22.73454
22.73036
22.73454
22.69197
22.69336
22.60611
22.60611
22.56214
22.51467
22.47768
22.38903
22.39183
22.34227
22.25781
22.21663
22.12659
22.12938
22.08401
22.04981
22.04283
22.05609
22.03864
22.00653
22.00374
21.99815
22.00653
21.91719
21.91300
21.91858
21.91439
21.91998
21.91300
21.86833
21.91160
21.86693
21.87949
21.87251
21.86553
21.82435
21.82714
21.83552
21.82435
21.82854
21.83133
21.83133
21.82854
21.83412
21.82435
21.86833
21.91160
22.01072
22.04701
22.08540
22.13217
22.25641
22.25362
22.30807
22.38764
22.43650
22.51747
22.48047
22.51886
22.60611
22.60611
22.65148
22.64729
22.64869
22.65009
22.64450
22.69336
22.59913
22.60890
22.60472
22.55516
22.56633
22.51747
22.47768
22.42812
22.38903
22.38485
22.29690
22.29829
22.26060
22.26200
22.21942
22.17824
22.13915
22.12100
22.09099
22.04701
22.09238
22.04841
22.00095
22.00513
21.96116
21.96116
21.96395
21.99676
21.91439
21.91300
22.00095
21.95837
21.96116
21.95976
21.96395
22.00234
22.00513
21.99955
21.96674
21.99815
22.04422
22.04701
22.04841
22.08540
22.09378
22.04562
22.08820
22.08401
22.08820
22.17265
22.08959
22.16986
22.30109
22.34785
22.43720
22.43510
22.47768
22.52165
22.60472
22.64729
22.68917
22.69197
22.77433
22.81621
22.86297
22.82389
22.81900
22.85879
22.85739
22.82040
22.78410
22.73036
22.73315
22.69197
22.65148
22.59913
22.55935
22.52026
22.47628
22.42812
22.39043
22.34366
22.31156
22.30388
22.25781
22.17684
22.08401
22.12659
22.08122
22.04283
22.08680
22.09099
22.08680
22.09238
22.04562
22.08401
22.08959
22.04701
22.04283
22.04562
22.00095
22.04003
22.00653
22.00234
22.00234
22.04562
22.04562
22.13217
22.16847
22.21802
22.17405
22.21663
22.25921
22.34506
22.38764
22.38485
22.43650
22.47489
22.47489
22.51607
22.47070
22.42952
22.43510
22.42673
22.43231
22.38624
22.34366
22.30248
22.34646
22.30248
22.22082
22.21104
22.22221
22.17405
22.13496
22.04283
22.00095
21.96116
21.91300
21.91439
21.95697
21.86972
21.86972
21.86833
21.78317
21.83273
21.82854
21.83133
21.91719
21.95558
22.00234
22.04841
22.08959
22.12798
22.21663
22.21244
22.26339
22.30388
22.39183
22.43091
22.42952
22.47070
22.56493
22.60611
22.69057
22.60332
22.69336
22.68499
22.73454
22.69476
22.68499
22.60472
22.60192
22.55795
22.56074
22.46930
22.43231
22.38764
22.34227
22.30527
22.21802
22.12519
22.09238
22.08540
22.04283
22.04701
22.00793
21.95837
21.91579
21.86414
21.86833
21.83273
21.78457
21.82854
21.78317
21.73710
21.73989
21.69732
21.69313
21.69313
21.70290
21.69871
21.65613
21.61565
21.65613
21.70709
21.74269
21.78457
21.82994
21.91300
21.95558
21.99397
22.00095
22.04283
22.08680
22.13775
22.12519
22.17126
22.21244
22.21244
22.17684
22.17265
22.16847
22.08680
22.08680
22.04283
22.04003
21.95278
21.91579
21.91858
21.91021
21.87531
21.78596
21.78596
21.73710
21.78038
21.74129
21.69732
21.65474
21.61425
21.61286
21.57168
21.57028
21.56609
21.47605
21.52072
21.52770
21.48303
21.56330
21.56330
21.70569
21.69871
21.78875
21.81877
21.82435
21.96256
21.99955
22.04143
22.08959
22.12379
22.13496
22.12659
22.17405
22.21104
22.21244
22.16847
22.16707
22.17405
22.13077
22.13077
22.08680
22.04003
22.00234
21.95558
21.95558
22.00513
22.00513
21.95697
21.91439
21.91160
21.95697
21.91858
21.87391
21.86693
21.82435
21.86833
21.82575
21.82854
21.78038
21.81877
21.82854
21.82854
21.78596
21.82994
21.78317
21.82854
21.81877
21.78596
21.79015
21.78457
21.79015
21.78875
21.73989
21.78596
21.78736
21.82994
21.87391
21.86414
21.95558
22.00234
22.08820
22.16567
22.21384
22.30109
22.33948
22.39322
22.51607
22.52305
22.64869
22.73315
22.73594
22.77433
22.86297
22.86716
22.90276
22.90276
22.94324
22.89997
22.94604
22.95371
22.86577
22.86437
22.86018
22.81621
22.77852
22.73175
22.68359
22.68359
22.64171
22.64450
22.55516
22.51467
22.47349
22.47210
22.38624
22.34646
22.30248
22.25921
22.17265
22.17265
22.08680
22.04422
21.99955
21.95278
21.95278
21.99955
21.94999
21.95697
21.91021
21.91858
21.86833
21.87251
21.86553
21.82994
21.78317
21.82296
21.78038
21.78596
21.78457
21.73850
21.78596
21.74408
21.74129
21.69452
21.69732
21.74408
21.74269
21.73431
21.78736
21.87251
21.95697
22.00234
22.08401
22.13217
22.17684
22.21104
22.21663
22.34925
22.43231
22.43510
22.51467
22.51607
22.56074
22.64450
22.69197
22.73594
22.68359
22.73036
22.72617
22.73315
22.73175
22.68638
22.69197
22.69197
22.68219
22.60611
22.56074
22.55516
22.51328
22.46791
22.42952
22.38764
22.34925
22.34506
22.34366
22.21384
22.21384
22.17265
22.17265
22.13217
22.04143
22.04422
22.00095
21.91439
21.91439
21.91858
21.91579
21.86833
21.86833
21.78177
21.82296
21.78038
21.78457
21.73710
21.69313
21.78736
21.69592
21.69452
21.70150
21.69871
21.74269
21.74548
21.74129
21.74269
21.68894
21.74269
21.78038
21.73989
21.70290
21.70150
21.79155
21.73710
21.69871
21.69592
21.69732
21.69871
21.73152
21.78177
21.82854
21.86693
21.95697
22.04283
22.09099
22.12519
22.21244
22.21384
22.30527
22.34646
22.47210
22.47070
22.51886
22.60332
22.63892
22.64311
22.73315
22.77433
22.76875
22.81900
22.85460
22.86437
22.77293
22.81621
22.81202
22.77572
22.72617
22.69476
22.60611
22.64729
22.59634
22.51467
22.47489
22.43231
22.38764
22.38205
22.34087
22.21244
22.21663
22.16847
22.13077
22.08401
22.00513
21.99397
21.95139
21.94999
21.91300
21.91439
21.91719
21.86135
21.82156
21.82854
21.87251
21.86693
21.78736
21.78177
21.73850
21.77898
21.73850
21.78457
21.74129
21.73571
21.77898
21.69871
21.73571
21.74129
21.69592
21.73571
21.73989
21.69592
21.65893
21.65334
21.65334
21.61007
21.60867
21.60588
21.60727
21.65753
21.65334
21.69732
21.69871
21.69173
21.78457
21.82296
21.86414
21.91300
21.95697
22.04143
22.08261
22.16986
22.21104
22.26060
22.29969
22.29969
22.34227
22.42673
22.47210
22.51188
22.55655
22.60332
22.65288
22.69197
22.68359
22.64590
22.68917
22.68917
22.69057
22.68080
22.65288
22.65148
22.64450
22.59774
22.60890
22.55237
22.51747
22.47768
22.46930
22.42952
22.34646
22.30248
22.25641
22.25641
22.16986
22.12379
22.12798
22.08401
22.04003
22.08820
22.04841
21.99257
22.00095
21.90881
21.95976
21.92137
21.91439
21.91300
21.87391
21.91719
21.90741
21.91160
21.86414
21.87251
21.91300
21.91719
21.86274
21.81877
21.78875
21.78596
21.74408
21.74129
21.70290
21.65613
21.65334
21.65474
21.60867
21.61425
21.61286
21.65474
21.69732
21.74269
21.74269
21.82854
21.95139
22.04422
22.08820
22.17545
22.21104
22.25502
22.29969
22.30109
22.33948
22.38903
22.38624
22.42673
22.47628
22.52026
22.52026
22.47768
22.51747
22.52026
22.51607
22.42952
22.42812
22.38764
22.43650
22.38764
22.34506
22.30667
22.25921
22.25921
22.21663
22.21384
22.08959
22.08540
22.04562
21.95697
21.91439
21.91300
21.87391
21.82296
21.82016
21.82435
21.86833
21.82435
21.78596
21.74408
21.69871
21.69732
21.69871
21.60867
21.60867
21.57168
21.56888
21.57447
21.55911
21.48443
21.47465
21.43487
21.48582
21.44045
21.39648
21.35181
21.39648
21.35041
21.34622
21.30364
21.30923
21.39927
21.39787
21.44045
21.47884
21.52770
21.56609
21.66032
21.73571
21.78875
21.87112
21.95837
22.04841
22.07982
22.16847
22.17265
22.21104
22.25641
22.25641
22.30248
22.29829
22.25641
22.25223
22.25641
22.25502
22.26060
22.21244
22.16567
22.17265
22.17126
22.12798
22.04422
21.99257
22.04422
21.95976
21.95697
21.99676
21.95976
21.91719
21.90881
21.86553
21.91021
21.87251
21.82296
21.78317
21.78038
21.78596
21.82296
21.78875
21.77759
21.73850
21.82854
21.78177
21.78177
21.73850
21.73291
21.78177
21.78596
21.79294
21.77898
21.78177
21.78317
21.82296
21.81877
21.78736
21.78875
21.82575
21.83273
21.82994
21.91439
21.90741
22.04981
22.08261
22.21663
22.21802
22.25362
22.30527
22.38205
22.43510
22.46372
22.51747
22.56353
22.59774
22.69197
22.72477
22.77154
22.77293
22.77852
22.76875
22.82389
22.82040
22.73594
22.73315
22.73036
22.69057
22.73594
22.60332
22.64729
22.59774
22.60472
22.55795
22.47070
22.48047
22.47908
22.39043
22.33808
22.25921
22.29829
22.26200
22.21663
22.21523
22.12798
22.08122
22.04422
21.99676
22.00513
22.00374
21.96256
21.91439
21.91579
21.91439
21.96116
21.96395
21.91021
21.91439
21.91439
21.91021
21.95976
21.91160
21.91858
21.91998
21.96116
21.91998
21.95837
21.91579
22.00793
22.04283
22.13217
22.16986
22.21384
22.30807
22.26060
22.30876
22.34925
22.43091
22.47768
22.51188
22.55795
22.64729
22.64171
22.74013
22.73315
22.82389
22.86437
22.86437
22.90555
22.90136
22.90974
22.95371
22.95371
22.90416
22.81900
22.86297
22.77572
22.77293
22.74013
22.64729
22.64590
22.60332
22.56074
22.52445
22.47210
22.47349
22.43371
22.43231
22.39183
22.30248
22.30388
22.25362
22.22082
22.21104
22.17126
22.13357
22.08540
22.04422
22.08122
22.04841
22.04422
21.99955
21.99815
22.00374
21.95418
21.95418
21.91300
21.91858
21.86693
21.91719
21.91439
21.82575
21.87251
21.78596
21.86833
21.83133
21.86693
21.82854
21.82435
21.82994
21.82854
21.82714
21.82575
21.86833
21.96256
21.95697
22.04981
22.04422
22.12659
22.13217
22.17963
22.16986
22.21942
22.30248
22.34646
22.34925
22.43371
22.47768
22.55935
22.51747
22.60192
22.64311
22.69057
22.73594
22.69336
22.77712
22.77572
22.82319
22.82389
22.77852
22.77293
22.77712
22.77572
22.77712
22.69336
22.68778
22.69476
22.64590
22.65288
22.56353
22.56633
22.51467
22.52445
22.51467
22.43720
22.38764
22.34366
22.34227
22.30248
22.22221
22.17265
22.17405
22.12938
22.08122
22.08959
22.04422
22.08820
22.00513
22.00513
22.00653
21.99676
21.95418
21.95837
21.91439
21.96256
21.96116
21.95976
21.91300
21.92137
21.91579
21.90881
21.91719
21.91579
21.87391
21.86833
21.86972
21.83273
21.81877
21.79155
21.82575
21.82296
21.87112
21.91439
21.96256
22.05120
22.04283
22.08820
22.17126
22.17684
22.21384
22.26339
22.26339
22.30388
22.34785
22.34646
22.34506
22.39043
22.43091
22.47908
22.43231
22.51747
22.56074
22.51747
22.60192
22.51467
22.51607
22.51607
22.51328
22.51188
22.43231
22.43720
22.43231
22.43720
22.33808
22.30667
22.25781
22.21384
22.21802
22.17545
22.13496
22.04701
22.04422
21.99676
22.04701
22.00932
21.99815
22.00653
21.96256
21.95697
21.96814
22.00653
21.95697
21.95697
22.00653
22.00234
22.00374
21.96395
21.95837
21.96256
21.95418
21.91719
21.92137
21.86972
21.91439
21.91579
21.91719
21.90881
21.91719
21.95697
22.04422
22.05120
22.08401
22.12379
22.12798
22.13775
22.22221
22.25641
22.30527
22.38903
22.39462
22.47070
22.47210
22.47070
22.52165
22.48187
22.47489
22.52165
22.47628
22.47349
22.46930
22.43231
22.43091
22.43231
22.38624
22.29829
22.30667
22.26200
22.21104
22.21663
22.13636
22.17684
22.08680
22.04981
22.04841
22.05330
22.04422
22.00095
22.00374
21.91579
21.95558
21.91300
21.91439
21.91300
21.91439
21.92137
21.91579
21.87251
21.87251
21.86972
21.87251
21.86972
21.83552
21.82714
21.82994
21.86833
21.83273
21.82994
21.87670
21.87251
21.95976
21.95976
21.95697
22.04422
22.04143
22.12659
22.17684
22.25921
22.25781
22.34227
22.34925
22.43371
22.51188
22.47210
22.56074
22.51467
22.55935
22.51886
22.52584
22.51607
22.47070
22.42952
22.43999
22.38764
22.38764
22.34646
22.30876
22.25641
22.21802
22.17265
22.08401
22.08820
22.08540
22.00513
21.98978
21.99676
22.00234
21.95697
21.91160
21.91300
21.91719
21.87949
21.86693
21.87531
21.87112
21.86833
21.82714
21.87391
21.87251
21.82994
21.87670
21.87531
21.86693
21.87112
21.86972
22.00234
22.00234
22.08401
22.13077
22.16847
22.21384
22.25223
22.30527
22.34087
22.34087
22.39043
22.43371
22.51886
22.51607
22.56353
22.60472
22.60611
22.64869
22.65009
22.64171
22.64450
22.64450
22.59774
22.65148
22.64031
22.60053
22.56074
22.60611
22.51467
22.51747
22.47628
22.47070
22.42812
22.43510
22.38624
22.34087
22.29829
22.26060
22.25502
22.25502
22.12240
22.12659
22.12938
22.09099
22.09099
22.04562
21.96535
21.95976
21.91719
21.91719
21.95278
21.96256
21.91300
21.91579
21.86693
21.86972
21.87531
21.87810
21.87531
21.82435
21.86833
21.82714
21.82994
21.83273
21.79155
21.87112
21.83273
21.83133
21.82156
21.78177
21.82854
21.82714
21.82435
21.83133
21.91160
21.99955
22.00095
22.08680
22.09518
22.16986
22.17684
22.26200
22.25921
22.30667
22.33948
22.38903
22.47349
22.52305
22.55795
22.64729
22.60332
22.65009
22.64869
22.72756
22.73315
22.64729
22.68917
22.73594
22.69197
22.68917
22.65288
22.64869
22.64311
22.60890
22.59913
22.51607
22.52165
22.52445
22.43231
22.43091
22.33529
22.34366
22.29829
22.30667
22.25641
22.17824
22.12379
22.13077
22.08959
22.09238
22.00095
22.00234
21.96395
21.91579
21.87251
21.91021
21.91719
21.82575
21.83412
21.82016
21.86833
21.78736
21.79504
21.74129
21.78177
21.78596
21.78736
21.74269
21.73710
21.70150
21.73571
21.74269
21.74408
21.73850
21.74408
21.74269
21.74827
21.73571
21.69592
21.70290
21.74687
21.70150
21.73989
21.82575
21.86693
21.91021
21.95558
21.95697
22.04562
22.08959
22.12798
22.22221
22.29271
22.34925
22.43371
22.43231
22.51607
22.56214
22.60472
22.64311
22.65009
22.69197
22.73315
22.77991
22.81900
22.77852
22.82319
22.81900
22.81481
22.77572
22.73175
22.73454
22.73594
22.69546
22.69057
22.60472
22.64031
22.60192
22.60472
22.60053
22.51328
22.51886
22.47070
22.47768
22.42952
22.38205
22.34366
22.34366
22.29411
22.25781
22.17265
22.16847
22.16567
22.12659
22.08540
22.08401
22.03724
22.03724
22.04283
21.95837
22.04143
21.99676
21.99815
21.96256
21.95697
21.95976
21.95837
21.91439
21.91719
21.87112
21.95418
21.91160
21.91021
21.86553
21.83412
21.87251
21.87112
21.86693
21.82854
21.87670
21.90602
21.91439
21.95697
21.99815
21.99955
22.08261
22.12798
22.21104
22.26200
22.29829
22.34646
22.38764
22.46651
22.47768
22.56214
22.59913
22.59913
22.64450
22.64729
22.68778
22.73734
22.72617
22.73175
22.72477
22.73315
22.69336
22.73454
22.69057
22.68917
22.68359
22.56214
22.56493
22.55935
22.55237
22.46791
22.43231
22.43720
22.38485
22.33948
22.34925
22.25641
22.21244
22.21523
22.17265
22.12798
22.08820
22.03585
21.99955
21.95418
21.91160
21.95558
21.91021
21.86693
21.82994
21.77759
21.82575
21.82854
21.77619
21.74548
21.73989
21.78875
21.73291
21.74129
21.69871
21.73850
21.74129
21.73850
21.73571
21.78736
21.82714
21.91300
21.91439
21.96116
22.00374
22.04143
22.17265
22.21244
22.25781
22.30109
22.38485
22.38345
22.46930
22.51467
22.60751
22.64171
22.59913
22.64869
22.73594
22.77852
22.77154
22.72896
22.77293
22.76875
22.73175
22.73594
22.68359
22.64869
22.64171
22.60751
22.59913
22.55795
22.50909
22.47070
22.47489
22.42952
22.34506
22.30109
22.26060
22.26060
22.20965
22.12379
22.12798
22.08540
22.04143
22.04003
22.04422
21.99676
21.95558
22.00234
21.95697
21.95697
21.96395
21.91719
21.91719
21.87251
21.86553
21.86693
21.83133
21.82854
21.78177
21.82435
21.82994
21.78317
21.73710
21.74408
21.78038
21.77898
21.74269
21.74269
21.74129
21.74548
21.73571
21.74269
21.78596
21.82156
21.95558
21.99955
22.04841
22.08820
22.12659
22.17265
22.21663
22.30527
22.34646
22.42533
22.38903
22.51886
22.51188
22.60053
22.68638
22.64729
22.68219
22.73175
22.77014
22.81760
22.76875
22.81760
22.77572
22.85739
22.81760
22.77293
22.72756
22.73454
22.69057
22.69197
22.59774
22.56074
22.55237
22.51049
22.51049
22.38205
22.39322
22.33948
22.30109
22.25781
22.16847
22.16847
22.12798
22.07842
22.04701
22.04562
21.99676
21.95697
21.91160
21.91858
21.91439
21.86972
21.86414
21.78596
21.77759
21.77479
21.78038
21.73850
21.73710
21.69871
21.73710
21.69452
21.69313
21.65334
21.65195
21.64915
21.65753
21.65055
21.64915
21.64776
21.70011
21.69452
21.77759
21.78736
21.86553
21.99955
22.04422
22.08261
22.17265
22.20267
22.25502
22.30388
22.38903
22.38485
22.42533
22.42673
22.51886
22.55795
22.60332
22.65009
22.64171
22.64171
22.68499
22.73594
22.73036
22.64171
22.64869
22.64590
22.64171
22.65009
22.60053
22.60332
22.56074
22.55935
22.56353
22.43510
22.38903
22.42533
22.35064
22.30109
22.21384
22.21104
22.16428
22.08680
22.08540
22.04003
22.00234
21.95139
21.95837
21.86553
21.95278
21.91719
21.83273
21.78875
21.78317
21.79294
21.78177
21.78317
21.74408
21.73850
21.78736
21.74827
21.69732
21.70150
21.69732
21.73989
21.74408
21.78736
21.86693
21.90881
22.04562
22.07703
22.21942
22.25641
22.30527
22.34366
22.33668
22.42812
22.38485
22.47489
22.52165
22.55795
22.64450
22.64590
22.68499
22.68499
22.72477
22.73036
22.77991
22.76875
22.77852
22.73175
22.77712
22.74013
22.69057
22.65009
22.64729
22.60611
22.56214
22.51747
22.43371
22.46930
22.38485
22.34366
22.29411
22.17265
22.16567
22.13357
22.08122
22.04422
22.08401
22.04283
22.00234
22.00234
21.95976
21.91160
21.86972
21.86833
21.82714
21.78457
21.82575
21.78177
21.73989
21.69871
21.69871
21.74827
21.77619
21.87112
21.96395
22.03864
22.17126
22.25362
22.34087
22.34087
22.42533
22.42812
22.51607
22.56074
22.59913
22.59913
22.64311
22.64171
22.68499
22.77852
22.73454
22.77712
22.81342
22.82319
22.86018
22.86437
22.81900
22.77014
22.81900
22.77991
22.77293
22.73036
22.68638
22.68499
22.64869
22.60332
22.52026
22.47908
22.43091
22.34366
22.25781
22.21523
22.12938
22.08540
22.08261
22.00374
22.04841
21.95139
21.91021
21.86972
21.86972
21.86833
21.82575
21.82156
21.78177
21.78317
21.82296
21.83133
21.78736
21.74129
21.78457
21.77898
21.78177
21.78875
21.73989
21.73989
21.78038
21.78317
21.82575
21.82435
21.86972
22.00095
22.08261
22.12798
22.16567
22.20825
22.26060
22.33808
22.34646
22.43091
22.51747
22.47768
22.55376
22.56214
22.69197
22.68219
22.68778
22.68917
22.68778
22.72896
22.73175
22.69197
22.69476
22.68778
22.68499
22.65148
22.55935
22.55935
22.55795
22.47070
22.47628
22.38624
22.30109
22.25781
22.17545
22.13357
22.08680
22.04143
21.96256
21.91160
21.86693
21.86414
21.82994
21.79015
21.74408
21.74408
21.77898
21.73710
21.70011
21.69592
21.69592
21.69871
21.69732
21.64776
21.66032
21.65753
21.65055
21.61286
21.61146
21.60867
21.56749
21.61565
21.60588
21.56888
21.57028
21.53049
21.52212
21.52631
21.52910
21.49280
21.48163
21.52491
21.51933
21.56888
21.66032
21.69732
21.82854
21.86553
21.95139
21.99815
22.05120
22.12379
22.21663
22.26200
22.29550
22.34925
22.34646
22.42952
22.47768
22.51467
22.60192
22.56074
22.55935
22.64590
22.64869
22.65009
22.63752
22.65009
22.60053
22.60751
22.60751
22.51188
22.47768
22.47628
22.43371
22.42673
22.34646
22.29690
22.21802
22.26619
22.17545
22.08680
22.04283
21.95976
21.95278
21.92137
21.91998
21.87112
21.82714
21.78596
21.73571
21.78038
21.78457
21.73989
21.73850
21.65195
21.70150
21.64915
21.70290
21.65334
21.65753
21.66032
21.65753
21.65195
21.65893
21.66032
21.69452
21.70290
21.70011
21.70150
21.70430
21.69732
21.70709
21.70290
21.69313
21.70290
21.69871
21.69452
21.74408
21.83273
21.82994
21.86972
21.91300
22.00513
22.04701
22.08122
22.17405
22.22221
22.29969
22.35064
22.38903
22.38624
22.43859
22.51607
22.51467
22.65148
22.65148
22.77433
22.77572
22.86297
22.89997
22.94883
22.94883
22.95651
22.95162
22.99420
22.90695
22.90695
22.86577
22.82040
22.77293
22.73734
22.69336
22.69057
22.64729
22.55516
22.51467
22.43091
22.39601
22.34646
22.30248
22.21523
22.22221
22.16847
22.17405
22.12379
22.00095
22.04562
21.96116
21.91998
21.87670
21.87112
21.83133
21.83273
21.73850
21.69871
21.74687
21.65334
21.65893
21.56470
21.57586
21.61146
21.56888
21.61705
21.65195
21.70290
21.82854
21.87391
21.95139
22.00653
21.99815
22.08820
22.17684
22.26200
22.26339
22.26200
22.25781
22.26339
22.34925
22.38624
22.43091
22.38903
22.43371
22.47628
22.47628
22.52165
22.51886
22.51467
22.51886
22.51607
22.52026
22.51607
22.51328
22.51467
22.47628
22.47628
22.43371
22.38903
22.38345
22.30667
22.25362
22.17545
22.08680
22.04841
22.00513
22.00095
21.95697
21.95139
21.87112
21.83273
21.74408
21.78317
21.69313
21.70569
21.70011
21.61984
21.65893
21.61705
21.65753
21.65334
21.70150
21.87112
21.90881
22.00095
22.00513
22.00374
22.13357
22.20825
22.26619
22.34506
22.43371
22.39183
22.47349
22.51886
22.56633
22.61030
22.60332
22.60053
22.68778
22.73734
22.72896
22.73315
22.78968
22.77572
22.77852
22.77572
22.68778
22.69057
22.64590
22.64729
22.64729
22.56353
22.52026
22.51747
22.52165
22.43091
22.30527
22.34785
22.29969
22.21244
22.13217
22.08540
22.04841
22.00513
21.91579
21.86414
21.91300
21.86833
21.83273
21.78457
21.74967
21.78038
21.74129
21.69871
21.70290
21.65893
21.73850
21.65334
21.66032
21.65334
21.61146
21.69592
21.66172
21.61425
21.57447
21.61146
21.66032
21.69592
21.74408
21.73989
21.82575
21.87531
21.95418
21.95976
22.00653
22.04283
22.16986
22.21244
22.25502
22.26619
22.34366
22.34646
22.42812
22.47349
22.47489
22.55935
22.56353
22.55516
22.60611
22.65148
22.64729
22.60472
22.61030
22.64869
22.60890
22.60472
22.51328
22.51747
22.48187
22.43231
22.39043
22.37926
22.35064
22.26200
22.21802
22.13077
22.08261
22.04283
22.00374
21.95976
21.87810
21.91579
21.86553
21.83133
21.83133
21.78317
21.78596
21.78596
21.74548
21.73571
21.70430
21.74269
21.79015
21.73710
21.75106
21.70150
21.74548
21.73710
21.74129
21.74687
21.69871
21.73710
21.69871
21.70290
21.69592
21.66032
21.65334
21.70150
21.66032
21.65613
21.65893
21.69592
21.70011
21.65474
21.66032
21.66032
21.74408
21.78596
21.82854
21.91719
21.95976
22.00653
22.08401
22.12519
22.12519
22.17405
22.17265
22.25502
22.30527
22.34227
22.38624
22.42812
22.48326
22.55376
22.60751
22.60332
22.60890
22.60332
22.64450
22.69197
22.68917
22.68638
22.68638
22.64729
22.60611
22.60611
22.55935
22.51607
22.42952
22.42812
22.38903
22.30388
22.22221
22.16986
22.17684
22.17405
22.07842
22.05190
22.00374
21.96116
21.95697
21.95558
21.91579
21.86833
21.83133
21.82854
21.86414
21.82994
21.87810
21.78317
21.83692
21.82575
21.79015
21.78596
21.79155
21.78457
21.77759
21.78317
21.74129
21.74129
21.69732
21.78038
21.74129
21.74129
21.74408
21.74408
21.79015
21.78875
21.73989
21.78177
21.74408
21.78038
21.73571
21.74408
21.73989
21.69592
21.73850
21.74408
21.69871
21.78596
21.78038
21.87251
21.91160
21.91858
21.91579
21.95976
22.04422
22.12798
22.22361
22.21384
22.25781
22.30527
22.34506
22.39322
22.43091
22.43650
22.48187
22.51467
22.56074
22.56633
22.60611
22.60472
22.61030
22.64590
22.60751
22.60751
22.51188
22.51886
22.51886
22.47628
22.43510
22.34227
22.30248
22.26758
22.17405
22.16986
22.04981
22.08261
22.04562
21.95837
21.91998
21.95837
21.91300
21.87251
21.87670
21.82854
21.83412
21.78317
21.74129
21.74269
21.74687
21.74408
21.78177
21.78317
21.73850
21.73989
21.78457
21.74129
21.69313
21.70011
21.73989
21.74687
21.78457
21.83133
21.86553
21.87251
21.91439
22.00234
22.00653
22.04283
22.04283
22.13357
22.17126
22.20825
22.30109
22.34366
22.34506
22.43231
22.38066
22.47489
22.52584
22.51467
22.51188
22.64171
22.68778
22.69336
22.69057
22.68917
22.73454
22.69197
22.68778
22.69336
22.69336
22.64311
22.64590
22.65427
22.55795
22.56214
22.47349
22.43510
22.34646
22.30807
22.21523
22.17684
22.13077
22.05120
22.12379
22.04422
22.00374
21.95837
21.95976
21.95697
21.91021
21.86972
21.87251
21.78317
21.86833
21.86972
21.78317
21.82296
21.78596
21.86553
21.82994
21.82854
21.82435
21.82994
21.82435
21.91021
21.91579
21.99676
21.99955
22.08122
22.17545
22.17265
22.26339
22.30527
22.34227
22.38903
22.34646
22.38764
22.43371
22.43720
22.43371
22.47628
22.52026
22.56074
22.55097
22.60332
22.60192
22.65427
22.65009
22.59355
22.55935
22.51328
22.51328
22.52026
22.47768
22.47489
22.42673
22.38205
22.30248
22.26200
22.21523
22.17265
22.12798
22.04562
22.08820
22.04143
21.99676
21.95558
21.86972
21.91300
21.87670
21.82296
21.78317
21.78596
21.78317
21.73850
21.70430
21.73850
21.69452
21.69871
21.69173
21.65195
21.65334
21.60727
21.65334
21.65613
21.70290
21.69871
21.74129
21.86972
21.91439
21.95418
21.95697
22.04841
22.13077
22.21663
22.21523
22.30109
22.34646
22.34087
22.39043
22.42952
22.47349
22.47210
22.47908
22.56633
22.56493
22.60751
22.65567
22.60192
22.59634
22.64869
22.63892
22.60332
22.56074
22.51886
22.51607
22.47070
22.46930
22.34785
22.34087
22.30388
22.20965
22.17405
22.08261
22.08122
22.00095
22.00095
21.95697
21.95976
21.91160
21.86693
21.86414
21.82296
21.87531
21.81877
21.83133
21.81877
21.77898
21.82994
21.82714
21.83412
21.78596
21.78317
21.82994
21.82714
21.82296
21.78875
21.82435
21.86414
21.83412
21.82854
21.82156
21.82575
21.82575
21.86414
21.86833
21.82156
21.77898
21.83273
21.81877
21.87112
21.91719
22.00234
22.04562
22.08820
22.08401
22.16707
22.25641
22.20965
22.34506
22.38205
22.43371
22.50909
22.47070
22.56214
22.58936
22.68638
22.68499
22.68638
22.72896
22.81900
22.85879
22.86297
22.81481
22.85879
22.86158
22.82040
22.86437
22.73315
22.72896
22.68080
22.64590
22.60611
22.55376
22.51188
22.52165
22.47768
22.38345
22.34925
22.29411
22.20965
22.17265
22.17126
22.03724
21.99815
21.99676
21.96116
21.86833
21.91579
21.86414
21.86553
21.87531
21.83133
21.86414
21.82575
21.81877
21.78457
21.78457
21.79155
21.77898
21.73710
21.74548
21.70011
21.78596
21.73989
21.74129
21.69592
21.73431
21.73989
21.73710
21.74408
21.69732
21.73571
21.78596
21.78317
21.73571
21.70011
21.74548
21.69871
21.74129
21.73989
21.74129
21.78317
21.86414
21.91160
21.95837
21.99536
22.04422
22.17265
22.25362
22.29411
22.39183
22.43091
22.46651
22.51049
22.50351
22.60192
22.64311
22.69197
22.73036
22.77433
22.86297
22.93906
22.94883
22.94743
22.98722
22.99978
22.98861
22.94883
22.94883
22.94464
22.94604
22.94743
22.86297
22.90834
22.85739
22.81342
22.77712
22.72617
22.64171
22.64869
22.55516
22.51467
22.43371
22.38345
22.34366
22.26060
22.21663
22.16847
22.12798
22.08122
22.04841
22.04701
22.04003
22.04562
21.99676
21.94860
21.96116
21.99955
21.99536
21.95139
21.91719
21.90881
21.96116
21.95418
21.95697
21.91021
21.91439
21.95976
21.95558
21.91160
21.91439
21.91579
21.95697
21.91579
21.96116
21.95278
21.91300
21.96256
21.96116
21.95837
21.96116
21.91021
21.99955
22.00095
22.00234
21.95697
21.95418
22.00095
21.99676
21.99676
22.08401
22.12938
22.17126
22.12519
22.21244
22.25781
22.29550
22.34087
22.39043
22.47210
22.51188
22.55935
22.60751
22.64031
22.68917
22.73454
22.73036
22.77293
22.81900
22.86716
22.91393
22.89857
22.86297
22.90695
22.90416
22.85739
22.90555
22.81621
22.77712
22.73734
22.77572
22.68778
22.55516
22.52165
22.47070
22.43650
22.38345
22.30248
22.21523
22.20965
22.16847
22.08540
22.04003
21.99676
22.04701
21.95418
21.94720
22.00513
21.99815
21.95697
21.90741
21.91439
21.95697
21.91439
21.91439
21.87531
21.87112
21.86833
21.87112
21.87112
21.82296
21.79015
21.82575
21.78875
21.73431
21.74129
21.69592
21.78457
21.78596
21.78736
21.73710
21.74269
21.78596
21.78038
21.73571
21.78317
21.78736
21.86833
21.95418
21.99955
22.04003
22.08820
22.07982
22.12379
22.17405
22.21663
22.29829
22.29969
22.34087
22.42952
22.47070
22.51886
22.55376
22.60332
22.64590
22.65009
22.68638
22.68778
22.73175
22.68499
22.72896
22.73036
22.68359
22.64171
22.64171
22.59634
22.51886
22.38624
22.38066
22.29969
22.21663
22.12798
22.04143
22.00095
21.91719
21.91300
21.82016
21.82854
21.82994
21.77898
21.78317
21.78596
21.78038
21.78457
21.78596
21.78457
21.74408
21.82575
21.78038
21.78596
21.69452
21.73571
21.73850
21.73710
21.69173
21.64915
21.69871
21.70290
21.73431
21.77898
21.86414
21.87112
21.95558
21.95418
22.04562
22.08401
22.16847
22.16288
22.30527
22.34646
22.34366
22.38903
22.34366
22.34366
22.42254
22.43510
22.47768
22.47489
22.51607
22.51049
22.55795
22.51607
22.51886
22.55376
22.51607
22.52445
22.52026
22.43231
22.39183
22.34646
22.25362
22.21663
22.08540
22.08680
22.04003
21.95976
21.87112
21.91160
21.91160
21.87391
21.82854
21.82994
21.86833
21.82854
21.83273
21.79015
21.78596
21.82714
21.79294
21.78875
21.78596
21.74408
21.78596
21.78596
21.73710
21.73850
21.78736
21.87112
21.91439
22.00234
22.04701
22.08401
22.08680
22.12379
22.21942
22.25502
22.29829
22.33948
22.39462
22.42812
22.47489
22.51747
22.47768
22.47768
22.51467
22.47070
22.47908
22.38764
22.38205
22.35204
22.30248
22.30248
22.21942
22.12519
22.08401
22.08401
21.99397
22.00513
22.00095
21.95976
21.86972
21.87112
21.91579
21.86553
21.82435
21.82714
21.82994
21.82714
21.83133
21.78177
21.78596
21.82435
21.91160
21.96256
22.00374
21.99815
22.00234
22.08680
22.13077
22.17126
22.21942
22.25921
22.25641
22.30248
22.34646
22.34785
22.42673
22.39183
22.47768
22.51328
22.47210
22.51747
22.55795
22.55795
22.59913
22.59774
22.56353
22.52165
22.47628
22.41835
22.39043
22.38345
22.30109
22.26339
22.21104
22.17265
22.16847
22.08261
22.08261
22.08959
22.08401
22.04003
22.04283
22.08680
22.04003
21.95558
21.95418
21.96535
21.96116
21.91160
21.86553
21.87531
21.91300
21.87251
21.87391
21.82296
21.82016
21.82575
21.86972
21.95278
22.04422
22.05120
22.17265
22.22082
22.26060
22.29969
22.34087
22.34646
22.38624
22.52165
22.56353
22.60472
22.60332
22.64729
22.64869
22.73175
22.73454
22.73315
