22.23268
22.28041
22.28462
22.28321
22.23408
22.28321
22.28462
22.28181
22.28041
22.28462
22.23689
22.28321
22.28041
22.28181
22.32462
22.28602
22.28602
22.28041
22.23268
22.23408
22.32884
22.50641
22.68328
22.86437
23.08897
23.22162
23.40692
23.40692
23.58239
23.76418
23.94947
24.17126
24.17126
24.34673
24.48500
24.66749
24.75102
24.80015
24.88929
24.97702
25.01913
25.02194
24.93561
24.84507
24.74961
24.61626
24.44149
24.39165
24.16425
23.99299
23.76698
23.58379
23.45184
23.27497
23.08757
22.95351
22.86296
22.82577
22.73522
22.63836
22.55203
22.55344
22.55344
22.50781
22.50360
22.46149
22.42148
22.46149
22.37235
22.37235
22.37656
22.32603
22.36954
22.37516
22.37376
22.32884
22.32603
22.33235
22.32322
22.32182
22.23127
22.32884
22.37095
22.55203
22.77663
23.00545
23.22584
23.22584
23.40692
23.53957
23.76558
23.99018
23.99439
24.21619
24.34533
24.52782
24.71522
24.70539
24.84156
24.89209
24.98264
25.06335
25.02194
25.02334
25.01913
24.88788
24.75523
24.57555
24.52922
24.30041
24.12494
23.89613
23.63152
23.54098
23.36130
23.22443
23.04756
22.85875
22.86437
22.73382
22.63836
22.55203
22.55203
22.50781
22.45868
22.41727
22.37376
22.36954
22.41868
22.33235
22.32743
22.32603
22.32743
22.32603
22.32462
22.32884
22.32603
22.37235
22.32603
22.37095
22.28321
22.32884
22.36954
22.32603
22.32743
22.32603
22.28321
22.32462
22.28462
22.23408
22.18986
22.37797
22.55344
22.68609
22.91631
23.04475
23.17951
23.31919
23.40552
23.63012
23.81611
24.03580
24.16846
24.26040
24.44149
24.62187
24.80155
24.93140
24.97842
25.07037
25.16161
25.24795
25.25216
25.24795
25.20162
25.16161
25.11108
25.02475
24.93280
24.84647
24.65907
24.48500
24.26040
24.12634
23.85331
23.63012
23.45184
23.22443
23.18653
23.04265
22.91631
22.82296
22.77383
22.72750
22.64608
22.59695
22.54923
22.55203
22.50220
22.45868
22.46289
22.41517
22.41517
22.42148
22.41517
22.41517
22.37235
22.37376
22.41868
22.42148
22.37376
22.32322
22.37235
22.37516
22.37095
22.37516
22.32743
22.36954
22.37235
22.32603
22.32884
22.28321
22.41096
22.54782
22.64468
22.86296
22.99702
23.18092
23.31076
23.40271
23.63433
23.80980
23.99299
24.26040
24.30532
24.48781
24.66328
24.75803
24.88507
25.02615
25.11810
25.24654
25.24514
25.29637
25.33849
25.29637
25.20724
25.10968
24.98123
24.89069
24.75242
24.57555
24.35095
24.12775
23.98667
23.81120
23.63012
23.36551
23.22724
23.13529
23.04896
22.91069
22.86577
22.82577
22.72610
22.73242
22.63977
22.68328
22.59976
22.59555
22.55063
22.55203
22.55203
22.55203
22.50641
22.55063
22.51203
22.54782
22.51062
22.46149
22.45868
22.42008
22.46149
22.46009
22.46430
22.45868
22.46149
22.46430
22.46149
22.46711
22.45868
22.41517
22.46430
22.45868
22.45588
22.46991
22.36954
22.41376
22.28041
22.28041
22.32743
22.36674
22.54642
22.64468
22.68609
22.77944
22.86718
23.04756
23.22443
23.30655
23.45184
23.54098
23.63012
23.72627
23.76698
23.94386
24.07932
24.16846
24.30392
24.39867
24.52501
24.66609
24.80295
24.93421
24.97983
25.11810
25.15530
25.24935
25.24795
25.29497
25.28936
25.25216
25.15530
25.10968
25.11669
25.11389
25.06756
24.98123
24.88367
24.88648
24.80576
24.75242
24.57555
24.48641
24.43587
24.34814
24.26040
24.12073
24.04001
23.89753
23.80839
23.67644
23.44903
23.31357
23.23285
23.13529
22.99983
22.91350
22.77523
22.68890
22.68890
22.63977
22.68328
22.72891
22.82155
22.86577
22.95491
23.04756
23.13529
23.22584
23.23005
23.35638
23.39990
23.54098
23.67153
23.76558
23.86033
23.89894
24.07792
24.12775
24.21268
24.30252
24.34954
24.39867
24.44008
24.48220
24.48922
24.48500
24.48360
24.44500
24.48781
24.43587
24.35095
24.34954
24.30252
24.26321
24.21268
24.12213
24.07932
23.98667
23.94386
23.85612
23.76698
23.67363
23.49606
23.49465
23.31497
23.18232
23.00264
22.86718
22.82436
22.67346
22.64117
22.60116
22.55063
22.50922
22.51203
22.50781
22.59695
22.64749
22.68750
22.82015
22.95982
23.08897
23.22584
23.31357
23.40411
23.49465
23.63152
23.76558
23.85893
24.03159
24.08072
24.17407
24.25619
24.30953
24.39587
24.34533
24.35516
24.34814
24.34814
24.30392
24.26321
24.21127
24.16986
24.07792
24.03721
23.90034
23.80839
23.72206
23.63152
23.49044
23.36270
23.22303
23.08757
22.99983
22.86577
22.77663
22.68750
22.55063
22.55344
22.42148
22.36954
22.32603
22.23970
22.19127
22.14635
22.14635
22.14635
22.19408
22.19267
22.27900
22.50641
22.64468
22.82015
22.91069
23.09037
23.17951
23.31638
23.45044
23.54098
23.67153
23.80839
23.94386
24.03580
24.12494
24.22040
24.25760
24.30392
24.30532
24.30532
24.30532
24.25900
24.20846
24.17126
24.16846
24.07792
23.99580
23.89894
23.75996
23.72487
23.62731
23.44623
23.31638
23.18232
23.04615
22.95772
22.86718
22.73242
22.64258
22.51062
22.46149
22.41517
22.28321
22.23549
22.10002
22.09722
22.10353
22.05581
22.00948
21.96947
21.96807
22.01089
21.92034
21.92455
21.88595
21.83261
21.87332
22.00808
22.10494
22.28181
22.36954
22.55063
22.72891
22.86998
22.99983
23.04265
23.18513
23.35779
23.53396
23.63012
23.72487
23.76698
23.89753
24.03440
24.16846
24.21268
24.25619
24.34954
24.34533
24.34673
24.30392
24.25479
24.25900
24.17126
24.12494
24.07651
23.94105
23.85753
23.76839
23.67153
23.58520
23.36551
23.23145
23.05037
22.90508
22.77383
22.69030
22.55203
22.42008
22.28181
22.28041
22.24250
22.14635
22.10002
22.05300
22.01229
22.01229
21.96526
21.87332
21.87332
21.83542
21.87472
21.82699
21.78628
21.74487
21.74066
21.78839
21.83401
22.01369
22.18986
22.23268
22.46289
22.55344
22.72750
22.86437
22.99983
23.22864
23.40552
23.58379
23.76418
23.85893
23.99158
24.12213
24.30673
24.39165
24.47939
24.48500
24.62327
24.66328
24.70820
24.71241
24.62468
24.62047
24.53133
24.48641
24.34533
24.30252
24.21408
24.16986
24.16705
24.17407
24.08213
23.98667
23.94245
23.85472
23.81120
23.67644
23.54098
23.45184
23.31217
23.22303
23.09739
22.95491
22.81734
22.68890
22.64258
22.55063
22.46430
22.32603
22.23829
22.14354
22.18846
22.14775
22.23829
22.32603
22.55203
22.64608
22.82296
22.95351
23.04265
23.18372
23.22443
23.36130
23.54800
23.67363
23.80839
23.86033
23.94666
24.03440
24.21408
24.26321
24.25760
24.30041
24.30532
24.30532
24.30392
24.21127
24.17407
24.16986
24.12354
24.03721
24.03440
23.99018
23.94526
23.90034
23.81120
23.76277
23.67363
23.58099
23.49746
23.36130
23.27146
23.13950
23.09458
22.95491
22.91069
22.82296
22.72750
22.64117
22.50501
22.37095
22.37095
22.28321
22.15056
22.09862
21.96667
21.97228
21.92034
21.87753
21.83542
21.82980
21.82980
21.92034
22.01089
22.19127
22.32462
22.46009
22.55344
22.68188
22.86858
23.00123
23.08897
23.27005
23.45044
23.53677
23.71645
23.76839
23.90034
24.03440
24.16986
24.25900
24.21619
24.30813
24.34954
24.39446
24.44008
24.34673
24.30953
24.30673
24.25760
24.21127
24.16986
24.08774
24.07792
24.03299
23.94666
23.90034
23.76418
23.72347
23.63433
23.53817
23.40552
23.31357
23.18372
22.99983
22.82155
22.77804
22.64258
22.50220
22.41868
22.28883
22.28181
22.19408
22.10353
22.00948
21.96667
21.92175
21.87753
21.82840
21.78207
21.69855
21.74207
21.69715
21.65714
21.65293
21.60801
21.64731
21.60380
21.65293
21.74628
21.87472
22.00948
22.15056
22.28321
22.46149
22.59695
22.73382
22.91771
23.04756
23.26725
23.45324
23.50027
23.58660
23.71645
23.85472
23.99018
24.08213
24.07792
24.21127
24.25479
24.26181
24.26040
24.21268
24.21127
24.16986
24.12775
23.99018
24.03019
23.94526
23.90385
23.81401
23.76558
23.71785
23.67644
23.59011
23.49185
23.31357
23.27005
23.09037
23.00545
22.86858
22.72750
22.73242
22.59695
22.46570
22.36814
22.32322
22.23829
22.14916
22.05721
21.96526
21.96526
21.92736
21.87612
21.78348
21.78979
21.79120
21.78839
21.74207
21.82980
21.96807
22.14775
22.23549
22.36954
22.50641
22.69030
22.86577
22.95631
23.09599
23.27497
23.40692
23.54519
23.63573
23.76277
23.89753
24.03861
24.07792
24.16705
24.21268
24.26181
24.26040
24.21408
24.21408
24.16846
24.17126
24.12213
24.03721
23.99158
23.94386
23.81401
23.71926
23.58520
23.45605
23.35989
23.26865
23.09318
22.91350
22.86437
22.73242
22.59415
22.46289
22.41868
22.32603
22.19127
22.10494
22.01229
21.96667
21.92736
21.87472
21.82699
21.79260
21.78628
21.73926
21.74487
21.69574
21.65293
21.69855
21.69715
21.65293
21.65152
21.65152
21.65012
21.61222
21.60380
21.69855
21.79260
21.96667
22.10002
22.28602
22.42148
22.55344
22.73242
22.77663
22.96123
23.13810
23.31357
23.49465
23.54519
23.71645
23.86033
23.99439
24.12494
24.16144
24.26461
24.34954
24.43728
24.39165
24.44289
24.48781
24.43587
24.39727
24.30953
24.21619
24.25619
24.12494
24.12915
23.99299
23.90385
23.81120
23.67644
23.58520
23.40552
23.26865
23.22724
23.09178
22.86437
22.77804
22.64258
22.55344
22.46430
22.37376
22.28462
22.14635
22.15056
22.06002
22.01089
21.96526
21.92315
21.92596
21.87612
21.82980
21.87753
21.83120
21.78839
21.78839
21.73926
21.74628
21.83682
21.87753
22.05300
22.23689
22.46711
22.60538
22.68609
22.82436
23.00123
23.17951
23.36130
23.49606
23.67925
23.81261
23.90245
24.03440
24.12494
24.21127
24.30041
24.35516
24.35095
24.39587
24.39727
24.30041
24.21408
24.17267
24.12494
24.07651
24.03580
23.94526
23.85051
23.80839
23.62871
23.49465
23.36270
23.18232
23.13529
23.00404
22.82155
22.77523
22.64258
22.55484
22.41517
22.28321
22.19548
22.14494
22.09862
22.01369
21.97228
21.96386
21.87472
21.88174
21.82840
21.78488
21.78488
21.79260
21.78488
21.82840
21.92596
22.09862
22.32603
22.37235
22.60257
22.72891
22.90929
23.05037
23.13529
23.26865
23.49606
23.63012
23.76839
23.81401
23.90385
24.07651
24.07792
24.16846
24.16565
24.16705
24.21759
24.21127
24.12073
24.12775
24.07932
23.99158
23.89894
23.76418
23.72487
23.58239
23.44903
23.27356
23.13249
23.00264
22.91490
22.73101
22.64258
22.46430
22.41517
22.28181
22.19548
22.14494
22.05861
21.96947
21.96667
21.87612
21.92175
21.87332
21.82980
21.83401
21.83120
21.91754
22.06002
22.19688
22.28321
22.46289
22.73242
22.90929
23.05037
23.09318
23.26444
23.44903
23.58871
23.76277
23.81401
23.99439
24.03019
24.12775
24.21759
24.30252
24.26040
24.26181
24.26040
24.16986
24.16565
24.13126
23.98878
23.94386
23.81611
23.76979
23.63012
23.45184
23.27497
23.08897
23.04756
22.91210
22.77523
22.64117
22.50501
22.45868
22.32743
22.28462
22.14635
22.05300
22.01229
21.97228
21.92315
21.87612
21.83401
21.83120
21.83822
21.83261
21.78348
21.74347
21.78628
21.74207
21.78839
21.96105
22.10002
22.24110
22.41236
22.63977
22.82436
22.95982
23.04475
23.23285
23.35989
23.54238
23.67363
23.76418
23.89753
23.98667
24.13126
24.25760
24.30252
24.44500
24.48220
24.53133
24.52501
24.53133
24.48781
24.34814
24.31234
24.21268
24.17126
24.12213
23.94386
23.86033
23.72066
23.58660
23.40973
23.22584
23.04896
22.86437
22.77944
22.59976
22.50501
22.37656
22.23689
22.14214
22.10634
22.05861
22.00667
21.96667
21.92315
21.87612
21.92315
21.87612
21.82699
21.83401
21.83401
21.83120
21.79120
21.78839
21.79120
21.74908
21.69293
21.69574
21.69574
21.69715
21.83542
22.00808
22.14635
22.23970
22.32462
22.32322
22.50641
22.63977
22.82436
22.99983
23.09178
23.18372
23.35989
23.53957
23.67504
23.75646
23.85612
23.99018
24.12213
24.21408
24.30041
24.30673
24.39306
24.43868
24.44500
24.39587
24.34814
24.30813
24.25760
24.25479
24.17126
24.07511
23.99439
23.94526
23.85472
23.81611
23.72487
23.63012
23.49465
23.35779
23.27497
23.08897
22.95631
22.82577
22.68609
22.59695
22.50922
22.41096
22.32743
22.23689
22.18986
22.19127
22.14494
22.14775
22.23689
22.28602
22.46289
22.55624
22.64117
22.73101
22.82436
23.00123
23.14091
23.27005
23.40271
23.49606
23.53957
23.67784
23.76418
23.90034
23.99158
24.02878
24.13126
24.21759
24.26040
24.30673
24.25760
24.26040
24.21268
24.17548
24.21127
24.12494
24.08213
24.03299
23.99299
23.94386
23.90034
23.85331
23.80839
23.76839
23.71645
23.58520
23.49044
23.40271
23.27637
23.23005
23.09318
22.95351
22.86718
22.73242
22.68469
22.60397
22.50501
22.41868
22.28462
22.22847
22.19548
22.09862
22.01089
21.91754
21.87332
21.88314
21.87753
22.01229
22.14214
22.23408
22.46851
22.59415
22.73663
22.77663
22.91350
23.04475
23.22724
23.36551
23.49465
23.63012
23.67012
23.81120
23.89894
24.03861
24.12634
24.16986
24.26321
24.25760
24.30392
24.30813
24.25900
24.30532
24.30673
24.26040
24.21408
24.16986
24.12775
24.12354
24.04142
24.03019
23.94947
23.90245
23.85191
23.76558
23.71785
23.63433
23.53817
23.49465
23.39990
23.27146
23.17951
23.09037
22.95631
22.82436
22.68750
22.68469
22.50781
22.41517
22.28462
22.19267
22.19127
22.10353
22.05300
22.01229
21.91613
21.92596
21.82980
21.83120
21.78488
21.74347
21.73926
21.79120
21.83542
21.96667
22.14916
22.23268
22.37656
22.50220
22.59976
22.64468
22.77663
22.90789
23.00545
23.17951
23.31638
23.31357
23.45044
23.63152
23.76277
23.85753
23.84910
23.94666
24.07792
24.08774
24.12354
24.08072
24.12213
24.08353
24.08072
24.08072
24.03580
23.98527
23.99580
23.98667
23.94386
23.80839
23.81752
23.72066
23.63012
23.54379
23.49465
23.40692
23.31357
23.22584
23.13670
23.09458
22.95351
22.82436
22.72610
22.55344
22.59134
22.41868
22.32743
22.15056
22.05721
22.05581
22.00667
21.96667
22.01229
22.14494
22.19408
22.37235
22.46430
22.59555
22.68609
22.77383
22.90648
23.00404
23.13389
23.27356
23.31357
23.44763
23.53817
23.68065
23.76137
23.76698
23.80839
23.90385
23.89894
23.89894
23.85612
23.81120
23.76418
23.72347
23.67363
23.63152
23.58099
23.49887
23.45044
23.36551
23.27356
23.17811
23.09599
23.04265
22.96123
22.95631
22.86998
22.82717
22.68609
22.50641
22.55063
22.37235
22.28041
22.18986
22.10213
22.05440
22.01510
22.10213
22.14635
22.28462
22.32322
22.51203
22.59555
22.77523
22.86998
22.95631
23.05037
23.13529
23.27146
23.44623
23.49746
23.63433
23.80559
23.85753
23.94666
23.90245
23.94666
23.94526
23.94807
23.94666
23.90034
23.90385
23.81752
23.80839
23.76698
23.71926
23.67784
23.62591
23.54098
23.49887
23.35638
23.31638
23.22162
23.17811
23.09037
22.95351
22.96123
22.86577
22.77383
22.73522
22.59695
22.59836
22.46149
22.33094
22.18986
22.14775
22.09722
22.00948
21.87753
21.87753
21.82980
21.88034
21.96947
22.05581
22.23408
22.45868
22.50641
22.64468
22.77804
22.90789
23.09178
23.18372
23.35779
23.48904
23.63573
23.71926
23.76277
23.90385
23.98667
24.07932
24.03440
24.07370
24.12775
24.12073
24.08213
24.03299
24.03019
23.99580
23.94105
23.90034
23.81401
23.76277
23.67363
23.63292
23.49185
23.36270
23.22443
23.13529
23.04896
22.95070
22.86998
22.86998
22.77523
22.69030
22.55063
22.50641
22.42008
22.32462
22.23689
22.15056
22.05581
22.02001
22.00667
22.05581
22.23408
22.37095
22.46149
22.63977
22.73101
22.91631
23.09037
23.18864
23.31076
23.49887
23.58871
23.67784
23.67363
23.76979
23.85612
23.94245
23.94807
23.94386
23.94666
23.94386
23.98667
23.89753
23.90034
23.90034
23.85612
23.85612
23.76558
23.72768
23.67363
23.67363
23.66872
23.58871
23.53536
23.54379
23.49465
23.40552
23.31919
23.26865
23.17811
23.09178
22.91210
22.86577
22.77804
22.68750
22.54642
22.41868
22.32322
22.23689
22.14214
22.05721
21.96667
22.10213
22.10494
22.31901
22.46149
22.54782
22.68609
22.72891
22.91069
23.04896
23.22443
23.32059
23.40692
23.49325
23.58379
23.72066
23.76558
23.85191
23.90034
23.94245
23.99580
23.98878
23.94386
23.94386
23.90034
23.85472
23.81401
23.76839
23.72066
23.68065
23.57958
23.54098
23.49465
23.44763
23.41113
23.31217
23.18092
23.00264
22.95351
22.82577
22.68609
22.59976
22.46570
22.41236
22.28462
22.09722
22.00948
21.96807
21.91332
21.96947
22.05861
22.18986
22.37516
22.45588
22.59836
22.64258
22.82015
22.95631
23.04265
23.22724
23.36130
23.45324
23.58660
23.58660
23.71926
23.76558
23.81120
23.85331
23.85612
23.89753
23.93965
23.85472
23.80839
23.86033
23.81120
23.71926
23.63714
23.63012
23.62731
23.54098
23.54098
23.40411
23.35989
23.31357
23.22022
23.13529
23.00264
22.86718
22.81734
22.68890
22.55203
22.46149
22.33094
22.23549
22.10494
21.92175
21.88034
21.78488
21.74487
21.64872
21.56239
21.56098
21.61081
21.69715
21.87472
22.01510
22.19127
22.32603
22.37235
22.55344
22.64258
22.87139
23.04615
23.13529
23.27356
23.35638
23.50027
23.58239
23.71926
23.81120
23.94526
23.98667
24.03721
24.03580
24.08072
24.07651
24.03299
23.94526
23.98878
23.90525
23.89753
23.76558
23.76418
23.72768
23.67363
23.63012
23.58099
23.54659
23.40832
23.36270
23.22584
23.04756
22.87139
22.72610
22.59695
22.46289
22.36814
22.23689
22.19267
22.05721
21.91894
21.87893
21.73926
21.65152
21.56098
21.51747
21.47465
21.38341
21.37639
21.33077
21.33919
21.33638
21.29567
21.29286
21.20513
21.25286
21.33638
21.47746
21.69574
21.74347
21.87612
22.10213
22.18495
22.38077
22.50641
22.68890
22.90648
23.05177
23.22584
23.27497
23.40271
23.59011
23.67504
23.81120
23.89753
24.03580
24.03580
24.12213
24.17407
24.11933
24.12494
24.07932
24.03721
23.99018
24.02878
23.99158
23.85331
23.86033
23.80559
23.81120
23.72066
23.63012
23.53957
23.45184
23.40552
23.27146
23.09458
23.00264
22.86718
22.77523
22.68609
22.55063
22.41236
22.28462
22.19127
22.05861
21.96105
21.88034
21.78628
21.70206
21.65012
21.60660
21.56098
21.47886
21.46974
21.38481
21.38621
21.38060
21.33498
21.29286
21.25005
21.23250
21.25145
21.19811
21.15740
21.20653
21.24724
21.39113
21.51887
21.65152
21.78628
21.96667
22.06142
22.23689
22.28321
22.46149
22.72891
22.87139
22.99983
23.13670
23.27356
23.40692
23.59011
23.76558
23.81261
23.94386
23.94947
24.08213
24.07932
24.08353
24.07651
24.12494
24.07932
24.07932
24.08213
24.07651
23.99299
23.94105
23.94666
23.90385
23.85331
23.76839
23.71926
23.66872
23.63152
23.63152
23.53677
23.49325
23.45324
23.40552
23.36551
23.26725
23.18092
23.09178
22.99843
22.86718
22.81875
22.72891
22.59976
22.50501
22.42148
22.32743
22.19548
22.10213
22.10213
22.01510
21.96807
21.88174
21.74207
21.74347
21.65293
21.65152
21.60801
21.56098
21.56379
21.52027
21.65152
21.74628
21.87753
21.96526
22.14916
22.32322
22.46430
22.59695
22.73242
22.77804
22.99983
23.18232
23.31357
23.40552
23.49746
23.54238
23.67363
23.80839
23.85612
23.85753
23.85472
23.90245
23.90245
23.85331
23.85753
23.77119
23.72066
23.72487
23.67363
23.58660
23.49325
23.44623
23.40973
23.35989
23.27356
23.22864
23.08897
23.00404
22.86577
22.82155
22.73522
22.54642
22.46289
22.28602
22.28181
22.19548
22.10353
22.01229
21.92315
21.87332
21.87753
21.74487
21.69434
21.65152
21.65012
21.65293
21.69715
21.83401
22.01510
22.05159
22.32884
22.46851
22.59695
22.68750
22.72891
22.91210
23.04615
23.22443
23.36551
23.40271
23.49606
23.63433
23.72206
23.81120
23.80839
23.80980
23.81401
23.80980
23.76979
23.76839
23.67363
23.63292
23.58520
23.58660
23.54238
23.44763
23.40973
23.31919
23.18092
23.18372
22.95982
22.86437
22.73242
22.60257
22.50360
22.41727
22.28181
22.14775
22.10002
22.01089
21.96526
21.87612
21.78839
21.69855
21.65433
21.65574
21.55747
21.51887
21.47114
21.42412
21.51887
21.65152
21.78839
21.96947
22.01510
22.23689
22.37376
22.50781
22.63977
22.73242
22.91210
23.04265
23.23005
23.40552
23.44903
23.58660
23.67644
23.80559
23.90245
23.94526
23.99158
23.99580
24.03580
23.99299
24.03580
23.94526
23.90034
23.89473
23.85472
23.80980
23.72206
23.62871
23.54098
23.45044
23.40271
23.22303
23.13810
23.00123
22.87139
22.72469
22.64117
22.46149
22.32603
22.19127
22.10002
22.05861
21.92596
21.87753
21.73645
21.69715
21.65012
21.65012
21.60941
21.55958
21.51887
21.56239
21.55958
21.47465
21.47114
21.42833
21.43394
21.47114
21.42833
21.46833
21.51466
21.69855
21.83261
22.00808
22.19267
22.32884
22.45588
22.59695
22.73242
22.90929
23.04615
23.13389
23.31638
23.49887
23.57958
23.72206
23.81261
23.90245
23.99158
24.07932
24.12915
24.07932
24.12354
24.12915
24.12494
24.12634
23.99299
23.98527
23.90385
23.84910
23.76558
23.67012
23.58379
23.45184
23.31217
23.13529
23.00404
22.86156
22.68890
22.55344
22.37095
22.37235
22.19408
22.05581
21.91894
21.83963
21.83401
21.74066
21.69574
21.65012
21.61081
21.65012
21.60801
21.51466
21.51747
21.47325
21.47114
21.46833
21.42973
21.47605
21.42552
21.47746
21.56239
21.64731
21.87893
22.00948
22.14916
22.33094
22.50360
22.64258
22.77804
22.86296
23.04615
23.22162
23.36270
23.54659
23.53957
23.67644
23.80980
23.89473
23.94947
23.94807
23.94526
23.95228
23.94245
23.94947
23.85753
23.80980
23.76418
23.76839
23.72066
23.67012
23.63573
23.58660
23.53817
23.49606
23.40552
23.31919
23.27146
23.17670
23.05177
23.04475
22.86718
22.77102
22.68328
22.59836
22.59836
22.50641
22.41868
22.32884
22.23689
22.23127
22.19408
22.09862
22.05581
22.01720
22.01089
22.05440
22.10002
22.19267
22.28181
22.50641
22.50641
22.69030
22.77102
22.91631
23.09318
23.13670
23.22443
23.36691
23.49887
23.58660
23.58660
23.72627
23.84910
23.90385
23.85191
23.90806
23.90245
23.85612
23.80839
23.72206
23.72066
23.67925
23.63012
23.58660
23.49185
23.40832
23.27005
23.18653
23.04265
22.86858
22.77242
22.68750
22.54782
22.46149
22.32322
22.32743
22.14494
22.05721
21.96386
21.87612
21.87612
21.79120
21.74207
21.65152
21.65012
21.65574
21.60660
21.61081
21.65152
21.83261
21.87472
22.00948
22.14214
22.28462
22.55344
22.59695
22.77804
22.86437
23.05037
23.08897
23.18232
23.31778
23.45184
23.58660
23.62731
23.67925
23.76558
23.85472
23.90034
23.80839
23.85612
23.85191
23.85893
23.85331
23.81120
23.76839
23.77119
23.71645
23.67644
23.53957
23.54098
23.49746
23.40692
23.31778
23.22443
23.18092
23.09178
22.99983
22.86437
22.77804
22.77523
22.59695
22.45868
22.37656
22.32743
22.23829
22.19267
22.05721
22.00808
21.96947
21.92455
21.87472
21.83542
21.78067
21.74066
21.73926
21.65293
21.65152
21.60941
21.65293
21.60941
21.74207
21.87893
22.05581
22.23689
22.32743
22.50220
22.59695
22.72610
22.90929
23.04615
23.13950
23.31076
23.40411
23.49044
23.58871
23.67784
23.85331
23.94807
23.94245
23.99018
23.99299
23.98106
23.99299
23.94245
23.89753
23.89894
23.80699
23.76698
23.67504
23.63152
23.53817
23.44903
23.36130
23.18372
23.05177
22.99843
22.77944
22.64608
22.54782
22.41517
22.37235
22.23408
22.15056
22.09862
22.00948
21.92315
21.87612
21.83120
21.79120
21.78207
21.69715
21.70206
21.65574
21.65293
21.60520
21.65574
21.60660
21.56379
21.56660
21.56239
21.52027
21.46974
21.47114
21.51887
21.60801
21.65433
21.83682
22.00808
22.23549
22.41727
22.46009
22.59555
22.73242
22.95491
23.17951
23.23005
23.40411
23.49325
23.63292
23.76698
23.81120
23.95228
24.03299
24.08072
24.12634
24.12775
24.12354
24.07792
24.03440
23.99018
23.94807
23.94386
23.85612
23.71926
23.67363
23.59151
23.45184
23.31638
23.13670
22.95772
22.91631
22.76962
22.59134
22.51203
22.37095
22.32322
22.19127
22.09722
22.05861
21.96667
21.92034
21.83682
21.83120
21.79120
21.74347
21.74207
21.74347
21.64872
21.74066
21.83542
21.83120
22.01510
22.14916
22.36674
22.50781
22.64258
22.77383
22.91210
23.13529
23.27005
23.31357
23.49606
23.63573
23.71926
23.81401
23.89894
24.03440
24.08774
24.08493
24.12073
24.12775
24.12494
24.08493
24.03299
23.98878
24.03580
23.94386
23.90245
23.76137
23.63012
23.58660
23.45184
23.36691
23.17670
23.05037
22.90789
22.77804
22.64117
22.55063
22.42148
22.32884
22.23549
22.10213
22.05581
21.97088
21.91754
21.82840
21.79401
21.78488
21.74347
21.74207
21.74066
21.83120
22.01229
22.19408
22.32322
22.41376
22.59555
22.77804
22.91069
23.08897
23.13670
23.31638
23.40411
23.54800
23.71926
23.72627
23.85331
23.90385
24.03861
24.03440
24.08353
24.07932
24.03721
24.03019
23.99018
23.99439
23.94245
23.90034
23.80278
23.76558
23.67644
23.58660
23.49465
23.40411
23.36270
23.31357
23.22584
23.09599
22.95631
22.82436
22.72891
22.59695
22.50641
22.37516
22.23549
22.23127
22.10002
22.06142
21.96246
21.92175
21.88034
21.87472
21.92315
22.05581
22.18986
22.28321
22.41517
22.59836
22.73101
22.90648
22.96123
23.09318
23.22584
23.41113
23.49185
23.58660
23.72066
23.80839
23.90525
23.94386
24.03580
24.07932
24.07932
24.08353
24.08072
24.08072
24.07932
24.03580
23.99018
23.94105
23.94526
23.85753
23.76839
23.68206
23.63152
23.53536
23.45324
23.31357
23.18092
23.09739
22.99702
22.86577
22.77663
22.59415
22.41727
22.37235
22.23689
22.14494
22.05861
21.96526
21.92315
21.83401
21.82980
21.83682
21.92596
21.92034
22.10002
22.32884
22.50781
22.68328
22.68890
22.82296
23.04265
23.18864
23.35989
23.40271
23.58520
23.67504
23.76979
23.89753
23.94666
24.03019
24.08213
24.08493
24.07932
24.12775
24.07932
23.99018
23.99299
23.98667
23.94666
23.94666
23.84910
23.76558
23.67644
23.58660
23.59011
23.40692
23.27777
23.17670
23.05177
22.99422
22.82155
22.68188
22.50641
22.37235
22.32884
22.24250
22.10213
22.01510
21.92034
21.88174
21.87612
21.78839
21.74066
21.78628
21.83401
21.96526
22.15337
22.28321
22.46430
22.55203
22.73101
22.86577
23.00264
23.13389
23.27005
23.35989
23.49746
23.63292
23.76418
23.76698
23.85191
23.94526
23.98527
24.04142
24.07932
23.98878
24.03159
23.99158
23.99158
23.99158
23.85472
23.80839
23.76137
23.72206
23.63012
23.48904
23.40271
23.31497
23.18513
23.09037
22.91210
22.73242
22.59695
22.46009
22.37235
22.28462
22.10213
21.97509
21.91894
21.83682
21.79120
21.78839
21.69715
21.65012
21.65574
21.69855
21.83120
21.96807
22.10774
22.23408
22.41868
22.55063
22.68469
22.82015
22.95351
23.14091
23.30796
23.45465
23.58520
23.63012
23.67784
23.80839
23.85753
23.98386
23.99299
23.99018
23.99018
23.99299
23.98878
23.99299
23.93824
23.90245
23.85331
23.76698
23.76979
23.62731
23.49746
23.45324
23.35989
23.27356
23.09178
22.91069
22.77804
22.64608
22.59695
22.51062
22.37516
22.23970
22.05300
22.06002
21.96947
21.87753
21.79120
21.74207
21.69715
21.73926
21.69995
21.65293
21.65012
21.65574
21.78348
21.96947
22.10213
22.28321
22.33094
22.54923
22.69311
22.82155
23.00545
23.13810
23.13389
23.32059
23.44763
23.58660
23.67012
23.67644
23.81261
23.89894
23.94386
23.99158
24.03721
24.03019
24.03861
24.03299
23.94947
23.94666
23.89613
23.80980
23.76558
23.67644
23.63292
23.58099
23.40552
23.36411
23.26725
23.18232
23.09178
22.95351
22.82155
22.72891
22.73101
22.55344
22.41376
22.23689
22.14635
22.14916
22.05861
22.05861
22.05440
22.19267
22.28041
22.46149
22.59976
22.68328
22.81875
22.86998
23.00264
23.13529
23.23285
23.35989
23.40832
23.50027
23.63012
23.76558
23.89613
23.90385
24.07932
24.16846
24.21268
24.30392
24.21759
24.26181
24.30041
24.25760
24.30673
24.25619
24.21408
24.17267
24.12213
24.08493
23.99018
23.94245
23.90385
23.85753
23.76558
23.67644
23.59011
23.49325
23.45465
23.36270
23.22584
23.14231
23.04265
22.86577
22.77944
22.73382
22.64117
22.51062
22.41376
22.32322
22.28462
22.19127
22.05581
21.97088
21.88034
21.87472
21.78628
21.82840
21.87612
22.05721
22.23689
22.37376
22.54782
22.64117
22.78225
22.82436
23.00123
23.13670
23.26725
23.40131
23.45605
23.49185
23.63152
23.76277
23.94105
23.94245
24.07932
24.21127
24.26181
24.26321
24.21408
24.22040
24.26321
24.25760
24.25760
24.17267
24.21408
24.16986
24.16846
24.21408
24.12775
24.12634
24.12354
24.08493
24.07370
24.03440
24.03019
24.08072
24.08213
24.07511
23.99018
23.98667
24.03019
24.03440
23.99299
23.94386
23.94386
23.94386
23.94666
23.94105
23.90034
23.85612
23.80699
23.85753
23.81120
23.81120
23.72347
23.71926
23.67644
23.63433
23.53817
23.49465
23.45184
23.40552
23.31638
23.27146
23.22443
23.09178
23.04896
22.91069
22.86577
22.73242
22.55063
22.42148
22.28462
22.19408
22.10002
22.01369
21.96947
21.96667
22.05440
22.14494
22.19127
22.28462
22.32603
22.46851
22.46149
22.59976
22.73382
22.86718
23.05177
23.12336
23.22443
23.36130
23.45184
23.49746
23.54098
23.63433
23.67504
23.67153
23.63012
23.62731
23.63292
23.62871
23.58660
23.53957
23.44903
23.45465
23.44903
23.40692
23.27005
23.27356
23.13529
23.04475
23.00404
22.90789
22.86577
22.77523
22.72750
22.55063
22.50641
22.41236
22.28602
22.19548
22.10213
22.01229
22.00808
21.91754
21.96947
22.05721
22.19127
22.23970
22.37235
22.50501
22.59836
22.73382
22.76962
22.86577
23.00264
23.13389
23.27146
23.32199
23.45044
23.49044
23.63152
23.67784
23.71785
23.80980
23.80839
23.80839
23.76979
23.81401
23.76839
23.76418
23.77119
23.67644
23.63012
23.63152
23.62731
23.53957
23.45324
23.45184
23.35638
23.31357
23.22724
23.08757
23.05458
23.00264
22.91069
22.82436
22.73803
22.73242
22.59555
22.46289
22.33235
22.18986
22.14775
22.06002
21.92034
21.96667
22.14494
22.19127
22.37376
22.46289
22.59695
22.72891
22.82155
22.91350
23.04124
23.18372
23.18092
23.30936
23.40552
23.53957
23.63152
23.67784
23.67363
23.71364
23.76418
23.72206
23.67363
23.67644
23.67644
23.67363
23.63012
23.58660
23.58379
23.58520
23.49746
23.49325
23.41113
23.35638
23.31497
23.27005
23.17811
23.09318
23.04265
22.95491
22.95772
22.86577
22.82155
22.77523
22.68750
22.59695
22.50781
22.41376
22.32603
22.19127
22.05861
21.96526
22.01089
22.02001
22.14635
22.28041
22.42429
22.63977
22.64117
22.77523
22.91350
22.99843
23.13529
23.27637
23.31497
23.44903
23.53957
23.58099
23.72066
23.76418
23.85753
23.94947
23.94807
23.99158
23.94666
23.94666
23.94666
23.94386
23.90385
23.94105
23.85753
23.85191
23.80839
23.80699
23.76558
23.72347
23.71645
23.62731
23.58660
23.53536
23.54519
23.49465
23.40973
23.40832
23.36130
23.27356
23.27497
23.08616
22.95982
22.95631
22.82015
22.73663
22.64117
22.54923
22.46149
22.32884
22.19267
22.10353
21.96667
21.92596
21.87121
21.92455
22.05581
22.19127
22.28462
22.41517
22.50781
22.68328
22.86156
22.91350
23.04265
23.22724
23.26725
23.35498
23.45605
23.58379
23.67363
23.67784
23.76277
23.80559
23.80980
23.85191
23.80980
23.81261
23.76698
23.76558
23.72347
23.67363
23.63573
23.58099
23.59151
23.54098
23.45044
23.45324
23.44763
23.40692
23.40552
23.26725
23.22724
23.17951
23.09178
22.99983
22.95772
22.86858
22.81734
22.73242
22.63977
22.55203
22.41517
22.32603
22.19267
22.00948
21.92315
21.78488
21.79120
21.82699
21.96246
22.19267
22.36954
22.41236
22.55203
22.64258
22.82436
22.99983
23.04896
23.17670
23.31638
23.36270
23.49325
23.54098
23.63152
23.76698
23.76277
23.76418
23.76418
23.76418
23.72206
23.67153
23.67644
23.67363
23.63012
23.58520
23.53957
23.50027
23.53817
23.49887
23.44903
23.40131
23.36832
23.31778
23.27146
23.22584
23.13810
23.09037
22.99843
22.95772
22.86437
22.81734
22.69171
22.59415
22.46711
22.28181
22.14775
21.96667
21.88034
21.78839
21.69293
21.83542
21.96526
22.05721
22.23408
22.32603
22.51343
22.59836
22.64749
22.77102
22.91210
23.09178
23.17951
23.22584
23.36270
23.49465
23.63292
23.72487
23.85472
23.94807
23.99158
23.94386
23.99018
23.99158
24.17126
24.52922
25.02054
25.47184
25.60450
25.92245
26.41306
27.23075
27.85823
28.08143
28.26251
28.03651
27.89824
27.94316
27.99088
28.17337
28.16635
27.99229
27.63082
27.36200
26.73312
26.00738
25.38271
24.88788
24.70961
24.34954
24.07932
23.89894
23.76839
23.71926
23.67153
23.59011
23.49185
23.49465
23.49746
23.49465
23.49746
23.40832
23.40271
23.41113
23.39709
23.40832
23.40692
23.35638
23.36411
23.31638
23.31497
23.22724
23.22724
23.18372
23.13108
23.00404
22.95351
22.82436
22.73382
22.68609
22.59555
22.55624
22.49869
22.41517
22.36954
22.32603
22.23829
22.19267
22.14494
22.09862
22.14635
22.28321
22.41517
22.55484
22.59976
22.68188
22.77523
22.86296
23.00545
23.00264
23.18092
23.18092
23.31919
23.26304
23.31638
23.31919
23.27005
23.31919
23.40411
23.45465
23.49746
23.49465
23.45605
23.40411
23.36270
23.27005
23.18092
23.09458
23.04756
22.99983
23.00123
22.99843
23.09178
23.22864
23.26444
23.36270
23.40552
23.49325
23.58660
23.62731
23.81120
23.85612
23.99018
24.12915
24.16846
24.25760
24.22320
24.12634
24.12775
24.12354
24.07932
23.98878
23.98667
23.90385
23.89894
23.81120
23.72206
23.62591
23.49325
23.45044
23.31217
23.09458
22.91210
22.68609
22.55063
22.36954
22.19127
22.10774
22.10213
22.14494
22.28462
22.41868
22.59555
22.77804
22.77523
22.91350
23.09037
23.22584
23.36551
23.35638
23.40552
23.35779
23.31497
23.27356
23.22162
23.18092
23.09037
23.04756
22.95772
22.86577
22.76962
22.68890
22.50501
22.41236
22.28602
22.19127
22.14494
22.05721
21.96667
21.96667
21.87753
21.87753
21.92877
22.00667
22.14916
22.28462
22.50009
22.64117
22.73242
22.82155
22.96123
23.08897
23.26725
23.40552
23.40271
23.59011
23.58520
23.58379
23.58379
23.58239
23.54379
23.44903
23.40552
23.40271
23.35638
23.36551
23.22162
23.18092
23.04615
23.00123
22.96123
22.86718
22.73522
22.64468
22.55203
22.41727
22.33094
22.14775
22.06002
21.92175
21.78839
21.74487
21.60941
21.51325
21.51747
21.47114
21.65152
21.78839
21.96526
22.05861
22.23689
22.41517
22.55063
22.73101
22.73382
22.90508
23.13670
23.22864
23.31497
23.40552
23.45044
23.40552
23.44903
23.40692
23.36130
23.31919
23.27005
23.18232
23.13529
23.14372
23.04615
22.91631
22.86437
22.82436
22.73382
22.68609
22.64468
22.50922
22.33094
22.28041
22.10494
22.01089
21.78979
21.69574
21.65293
21.52168
21.47325
21.43113
21.34059
21.33919
21.29286
21.34059
21.29286
21.38832
21.42692
21.60380
21.82980
21.96667
22.15056
22.23549
22.32603
22.54923
22.73522
22.82015
22.95631
23.04756
23.09458
23.13529
23.22864
23.27005
23.31778
23.22724
23.27356
23.22724
23.18232
23.17811
23.09458
23.09318
23.04615
22.95210
22.86577
22.86437
22.73242
22.59555
22.46430
22.37095
22.32884
22.14494
22.01089
21.96947
21.87893
21.83261
21.74487
21.60660
21.47465
21.47465
21.38341
21.33778
21.24584
21.20373
21.19811
21.15951
21.16091
21.15459
21.20092
21.29006
21.47465
21.59958
21.79120
21.95965
22.05721
22.23970
22.36954
22.55344
22.72891
22.77523
23.00264
23.09318
23.22724
23.31357
23.36691
23.40552
23.45746
23.49044
23.45184
23.44903
23.40552
23.36270
23.31638
23.26865
23.22724
23.13670
23.04756
22.95772
22.86296
22.77523
22.68609
22.60116
22.46289
22.36814
22.27900
22.19548
22.09581
21.91894
21.78488
21.74768
21.69293
21.56379
21.52027
21.42973
21.37779
21.38200
21.38832
21.29146
21.24865
21.24865
21.29708
21.38341
21.47465
21.65433
21.74487
21.96667
22.10213
22.28321
22.37095
22.46570
22.68469
22.86858
22.99422
23.13670
23.18372
23.27146
23.36411
23.44903
23.53817
23.54519
23.53957
23.54379
23.53817
23.49325
23.54098
23.45184
23.36551
23.31076
23.27146
23.22443
23.13389
23.04615
22.95631
22.82155
22.82015
22.77242
22.64889
22.50501
22.37376
22.28462
22.14494
22.01229
21.92315
21.82980
21.74207
21.74207
21.65433
21.56519
21.55607
21.51887
21.56660
21.46693
21.42833
21.38200
21.38200
21.42833
21.43254
21.51606
21.61081
21.74207
21.92034
22.10634
22.32603
22.41517
22.51062
22.64258
22.73101
22.90929
23.04615
23.18092
23.22724
23.31638
23.39990
23.49185
23.54519
23.54238
23.53536
23.54519
23.49887
23.49465
23.40131
23.41254
23.31217
23.31357
23.27356
23.22584
23.13249
23.09458
23.04756
22.95351
22.95631
22.86437
22.77102
22.64117
22.54923
22.55344
22.46149
22.32743
22.23408
22.19127
22.18846
22.14494
22.10634
22.06142
22.01089
22.01089
22.01369
22.05300
22.10002
22.23970
22.28321
22.46149
22.60116
22.77663
22.86718
22.95351
23.04756
23.13249
23.22443
23.31497
23.36270
23.40271
23.49185
23.49606
23.54098
23.45184
23.45044
23.44623
23.40832
23.41254
23.31217
23.27005
23.22584
23.18232
23.08897
23.08757
23.00545
22.95491
22.95631
22.90929
22.91210
22.86858
22.77523
22.72750
22.64749
22.64749
22.63977
22.59555
22.50501
22.46430
22.45868
22.41517
22.37656
22.37235
22.32743
22.37235
22.37095
22.37235
22.41517
22.45588
22.55063
22.64468
22.77663
22.86577
22.95210
23.04896
23.14231
23.18092
23.26865
23.35989
23.32340
23.36411
23.44903
23.45044
23.45044
23.40131
23.40973
23.35989
23.31357
23.31638
23.22443
23.17811
23.13389
23.08616
23.04475
22.95982
22.95491
22.91350
22.91350
22.82296
22.86577
22.86998
22.77663
22.72891
22.68750
22.64258
22.64749
22.63977
22.59415
22.55063
22.59976
22.63977
22.64117
22.72891
22.82015
22.86577
22.95772
23.08757
23.13529
23.22584
23.18092
23.31638
23.40131
23.49185
23.54379
23.54379
23.58379
23.58660
23.59011
23.58099
23.53957
23.49465
23.49325
23.49606
23.50238
23.40552
23.39990
23.36130
23.27005
23.27005
23.18653
23.18092
23.08897
23.05177
22.99562
22.91210
22.95982
22.86718
22.82436
22.77944
22.81875
22.72891
22.73522
22.68750
22.59415
22.55203
22.59976
22.50220
22.46149
22.41517
22.36954
22.42008
22.41868
22.50641
22.60257
22.73242
22.73242
22.86998
22.95351
23.04475
23.09037
23.17811
23.27146
23.35989
23.45044
23.49746
23.58099
23.58520
23.63012
23.63152
23.58379
23.58660
23.58660
23.58239
23.58520
23.49325
23.49887
23.45324
23.44623
23.36270
23.26865
23.31497
23.22864
23.18092
23.09458
22.95351
22.91210
22.82296
22.77242
22.73382
22.72891
22.73522
22.68750
22.59695
22.51062
22.45868
22.46570
22.37797
22.32182
22.18986
22.18635
22.19127
22.19548
22.28181
22.37516
22.55203
22.59415
22.68188
22.82577
22.91210
23.04756
23.13529
23.22724
23.40973
23.49325
23.54519
23.62871
23.67644
23.72487
23.76698
23.72206
23.67644
23.67504
23.67504
23.67644
23.62871
23.54098
23.54098
23.54379
23.49325
23.36551
23.36130
23.27146
23.26725
23.17811
23.09318
23.04615
22.95982
22.91210
22.82436
22.82577
22.81875
22.73382
22.64608
22.55344
22.51483
22.41236
22.37095
22.28041
22.19267
22.14916
22.14494
22.05300
22.00808
22.06002
22.19267
22.23408
22.37656
22.50781
22.63977
22.77944
22.82155
22.91490
23.04265
23.18092
23.27637
23.36130
23.49606
23.58239
23.67925
23.63152
23.67644
23.67644
23.67153
23.67012
23.63573
23.62871
23.58520
23.53957
23.49325
23.45746
23.45044
23.35989
23.36691
23.27356
23.18232
23.13389
23.04896
22.95982
22.90789
22.81875
22.82296
22.72750
22.64608
22.50220
22.46149
22.42148
22.28462
22.14354
22.05721
22.00948
21.92034
21.87753
21.82980
21.79120
21.78979
21.78488
21.74487
21.78628
21.87612
22.06142
22.18986
22.32322
22.46430
22.55063
22.77242
22.86156
22.95491
23.13670
23.26725
23.36551
23.49185
23.54238
23.67363
23.71926
23.76698
23.76558
23.76418
23.81120
23.76558
23.72066
23.63433
23.63152
23.58871
23.53817
23.44903
23.36551
23.35638
23.31357
23.18653
23.09037
23.04756
22.96263
22.90929
22.82015
22.82577
22.73101
22.64608
22.55203
22.46009
22.37235
22.28321
22.23408
22.14916
22.00387
21.96667
21.92455
21.87753
21.83120
21.83963
21.83120
21.87472
21.88174
22.01369
22.14354
22.33375
22.46430
22.54501
22.68609
22.82436
23.04896
23.18092
23.23005
23.35989
23.49606
23.54379
23.67644
23.67153
23.76558
23.80699
23.81261
23.81401
23.80699
23.76558
23.76418
23.67925
23.63012
23.57818
23.54379
23.49185
23.35989
23.31497
23.27356
23.22724
23.17811
23.04896
22.95772
22.86296
22.77804
22.63836
22.59134
22.46149
22.46009
22.32322
22.23689
22.23549
22.14635
22.14775
22.05861
22.00527
22.02001
21.92034
21.92034
21.87893
21.92315
21.96667
22.10002
22.19127
22.32182
22.46149
22.64468
22.77523
22.86577
22.95772
23.13249
23.23005
23.36551
23.35989
23.49465
23.58520
23.62731
23.72347
23.71785
23.76418
23.76558
23.72066
23.71926
23.67644
23.67363
23.67153
23.53957
23.54098
23.49465
23.44482
23.40692
23.31357
23.26725
23.23005
23.22864
23.13529
23.04896
23.00685
22.94930
22.91210
22.82717
22.77523
22.73101
22.68328
22.59274
22.51062
22.50501
22.41517
22.37095
22.37235
22.28181
22.32743
22.28321
22.28462
22.33094
22.32884
22.50781
22.60257
22.73663
22.77523
22.91210
23.04475
23.13810
23.26444
23.26584
23.40832
23.48623
23.63433
23.67504
23.76418
23.76558
23.75996
23.81120
23.81401
23.80699
23.76558
23.72206
23.72066
23.63573
23.67363
23.62731
23.54098
23.44903
23.40832
23.35989
23.31357
23.18372
23.13670
23.08897
23.04475
22.95631
22.95491
22.82296
22.73101
22.72891
22.64258
22.59555
22.46009
22.37516
22.37516
22.28462
22.23408
22.14494
22.09862
22.06002
22.00948
22.05159
22.14635
22.28181
22.32182
22.46149
22.68469
22.77383
22.86718
22.95351
23.09318
23.13810
23.26865
23.36270
23.45465
23.58520
23.58871
23.68065
23.76418
23.76839
23.81401
23.76698
23.76839
23.71504
23.67504
23.67644
23.58379
23.54098
23.49325
23.40552
23.40832
23.27005
23.22724
23.17811
23.13108
23.09458
22.95772
22.90929
22.78085
22.77383
22.68609
22.64608
22.54782
22.46149
22.46149
22.36954
22.32884
22.23689
22.19127
22.14775
22.14214
22.14214
22.05581
22.01861
22.05300
22.10002
22.19127
22.32884
22.45868
22.55344
22.68328
22.82155
22.91210
23.04756
23.04615
23.17670
23.22443
23.36411
23.54098
23.53817
23.67644
23.67644
23.67363
23.71926
23.72206
23.71926
23.63292
23.58660
23.53677
23.49606
23.49606
23.40692
23.31497
23.22864
23.18232
23.13389
22.95351
22.91350
22.82155
22.77804
22.64258
22.59134
22.46289
22.32884
22.23549
22.18986
22.09722
22.01510
21.96667
21.87612
21.83120
21.88034
21.87893
21.96947
22.01229
22.09862
22.28181
22.41727
22.51062
22.63836
22.73101
22.86858
22.99843
23.18092
23.31357
23.40552
23.44903
23.53817
23.58871
23.67504
23.67504
23.72347
23.72347
23.67504
23.63012
23.67363
23.53957
23.49325
23.49465
23.40271
23.36270
23.27356
23.18092
23.09037
23.00545
22.95772
22.90508
22.82155
22.73522
22.64117
22.59415
22.55344
22.46570
22.37235
22.23549
22.14354
22.10002
22.01369
21.92315
21.87612
21.78488
21.83261
21.82840
21.87893
21.96667
22.06002
22.19127
22.32603
22.46289
22.59555
22.58853
22.77663
22.86998
23.04475
23.18092
23.27497
23.31357
23.45324
23.59011
23.67363
23.76698
23.80839
23.85612
23.89753
23.94666
23.99018
23.94526
23.94666
23.90525
23.89753
23.85472
23.77119
23.71926
23.72206
23.67504
23.58520
23.49185
23.45184
23.40271
23.27005
23.27637
23.13249
23.04896
23.00123
22.90789
22.86998
22.82857
22.63977
22.51062
22.37656
22.32462
22.28462
22.14775
22.05861
21.96667
21.92034
21.87612
21.82980
21.74066
21.78979
21.83401
21.96386
22.10002
22.23970
22.41517
22.46149
22.63977
22.73242
22.86296
23.09318
23.13389
23.26725
23.40832
23.49606
23.58379
23.67784
23.67504
23.85753
23.90034
23.98878
23.99580
23.98667
24.03159
23.99158
23.99018
23.99018
23.90034
23.85191
23.81120
23.71926
23.76558
23.63433
23.57958
23.58379
23.49465
23.48764
23.40411
23.35989
23.27005
23.13529
23.08897
22.95491
22.86998
22.72750
22.64117
22.55063
22.50501
22.42148
22.33094
22.23689
22.19408
22.15056
22.05861
21.96667
21.87612
21.83120
21.83261
21.87753
21.96667
22.05581
22.10002
22.32884
22.46430
22.55063
22.64117
22.63977
22.82015
22.99843
23.09037
23.27005
23.31919
23.40692
23.45044
23.59011
23.63012
23.67153
23.67504
23.63152
23.62871
23.63012
23.54098
23.54098
23.44903
23.40692
23.35779
23.36130
23.26865
23.22303
23.17951
23.09599
23.04475
22.91069
22.77383
22.68890
22.55484
22.41096
22.36954
22.28321
22.19688
22.10213
21.96667
21.96526
21.88314
21.79260
21.69574
21.65152
21.65012
21.65152
21.64731
21.73926
21.92455
22.00387
22.14494
22.32884
22.46711
22.55063
22.63977
22.77944
22.91210
23.05037
23.17670
23.22864
23.32199
23.44623
23.49325
23.63714
23.58379
23.63573
23.67925
23.62731
23.63152
23.58379
23.53957
23.45184
23.44763
23.36270
23.31638
23.26725
23.22864
23.17811
23.09178
23.00264
22.91490
22.81875
22.73242
22.59555
22.55203
22.46149
22.32884
22.19548
22.09581
22.06002
21.96667
21.87332
21.78628
21.74347
21.78488
21.69715
21.69434
21.74768
21.78488
21.91754
22.05581
22.24110
22.37516
22.50360
22.59415
22.73242
22.86577
22.99983
23.13529
23.18232
23.31357
23.40552
23.49746
23.58660
23.58520
23.63012
23.63012
23.62731
23.67925
23.54238
23.54238
23.49465
23.45324
23.40271
23.31357
23.27005
23.18653
23.13670
23.08757
23.00264
22.91210
22.86718
22.72750
22.64258
22.55484
22.41517
22.32603
22.19408
22.10353
22.04879
21.92315
21.87612
21.78488
21.74347
21.78839
21.69574
21.69293
21.73926
21.83542
21.91894
22.05159
22.19408
22.32743
22.46009
22.59555
22.73382
22.86718
22.95210
23.09178
23.13670
23.22584
23.40832
23.49465
23.58379
23.54379
23.63012
23.63292
23.63012
23.67363
23.58520
23.58660
23.49465
23.49325
23.40692
23.31076
23.31919
23.22724
23.17670
23.09458
22.99983
22.95631
22.87139
22.77944
22.68328
22.63977
22.55624
22.37235
22.28462
22.15056
22.01089
22.01720
21.92034
21.74066
21.74347
21.74347
21.64872
21.65012
21.60660
21.60801
21.78979
21.78488
21.96386
22.10774
22.23689
22.37095
22.41868
22.55344
22.68609
22.86577
23.04896
23.13529
23.26725
23.36270
23.44903
23.44763
23.54519
23.59011
23.62591
23.67363
23.58520
23.57818
23.53817
23.54238
23.45324
23.35638
23.36130
23.27637
23.22584
23.13389
23.00264
22.95351
22.86156
22.77663
22.68750
22.63977
22.54642
22.46711
22.32743
22.23689
22.14494
22.06002
21.92175
21.87893
21.78488
21.74207
21.69574
21.69293
21.78839
21.87753
22.09722
22.19688
22.37516
22.46149
22.59134
22.73242
22.73382
22.86718
22.99983
23.18232
23.26725
23.35638
23.45465
23.58520
23.67153
23.72347
23.76137
23.80839
23.89753
23.90525
23.85472
23.90034
23.85612
23.85051
23.80559
23.72347
23.72066
23.67012
23.59011
23.58660
23.44903
23.40131
23.36130
23.27637
23.17530
23.05177
23.04475
22.90648
22.86577
22.77944
22.68188
22.68328
22.50501
22.36674
22.23408
22.19127
22.10353
22.05440
21.92596
21.87612
21.92034
21.92315
22.00948
22.14494
22.23970
22.42148
22.50360
22.59976
22.68890
22.77102
22.95351
22.99983
23.18092
23.26725
23.40552
23.45605
23.49325
23.58099
23.67363
23.76698
23.76137
23.72206
23.76558
23.80418
23.81261
23.71926
23.76277
23.72206
23.67644
23.62731
23.58520
23.54098
23.49325
23.44763
23.40692
23.31919
23.23145
23.17951
23.09458
23.05177
22.90789
22.77242
22.77523
22.68609
22.54923
22.50922
22.32462
22.32603
22.14494
22.05581
22.01229
21.92315
21.87893
21.83542
21.78628
21.78979
21.83401
21.92315
21.97088
22.09722
22.24250
22.32182
22.41236
22.55203
22.64258
22.81524
22.95491
23.00264
23.17530
23.22724
23.32199
23.40131
23.44903
23.53677
23.63012
23.68065
23.72206
23.71926
23.68206
23.72206
23.62731
23.58871
23.58379
23.53677
23.54379
23.45184
23.40271
23.31638
23.26725
23.18232
23.05037
22.99702
22.95210
22.95772
22.82717
22.77663
22.63836
22.59976
22.41868
22.32462
22.23689
22.19127
22.10353
22.00948
21.92034
21.92034
21.82840
21.82840
21.79120
21.79120
21.87753
22.00948
22.10213
22.19548
22.32884
22.50501
22.59976
22.68890
22.77523
22.91069
23.09318
23.18092
23.27356
23.36130
23.40411
23.45184
23.54519
23.53817
23.63292
23.59011
23.53817
23.53957
23.54659
23.49465
23.49746
23.40832
23.31357
23.31497
23.27356
23.22443
23.09318
23.04615
23.04475
22.95982
22.86437
22.90789
22.86718
22.82577
22.77383
22.68890
22.64117
22.55063
22.55063
22.46289
22.37235
22.32462
22.28041
22.28602
22.23408
22.28602
22.37376
22.50501
22.50641
22.64258
22.72891
22.86718
22.95491
22.95631
23.08616
23.18232
23.27356
23.35638
23.40832
23.53817
23.58099
23.58660
23.63012
23.67012
23.72347
23.72206
23.67012
23.63292
23.63152
23.58239
23.53817
23.49325
23.44903
23.45044
23.40411
23.35498
23.27356
23.17951
23.09037
23.00404
22.90929
22.81734
22.72891
22.64117
22.59836
22.50360
22.50781
22.41868
22.32743
22.28181
22.23689
22.28181
22.37235
22.40815
22.50922
22.58993
22.73101
22.86156
22.95772
23.04756
23.13529
23.22162
23.31357
23.45465
23.50027
23.58379
23.63012
23.67925
23.72206
23.80699
23.81120
23.81261
23.80839
23.80980
23.76698
23.71645
23.67644
23.63573
23.58660
23.53536
23.49325
23.36270
23.22022
23.18372
23.13950
23.09318
22.95631
22.86577
22.77944
22.73101
22.64117
22.55484
22.46149
22.28041
22.19688
22.05581
22.05440
22.06282
22.05861
22.14635
22.19127
22.37235
22.46149
22.64117
22.68609
22.86718
23.04475
23.13529
23.31638
23.35989
23.49185
23.58379
23.67644
23.80839
23.85331
23.94807
23.99299
24.03019
23.99018
23.99299
23.94245
23.90385
23.85612
23.85612
23.81401
23.76558
23.71785
23.67363
23.62871
23.62731
23.58379
23.49746
23.45184
23.39990
23.36551
23.31638
23.22443
23.18513
23.05177
23.04475
22.86437
22.77944
22.64117
22.50501
22.42148
22.23829
22.18846
22.09862
22.10494
22.14494
22.23970
22.37235
22.55484
22.68609
22.68750
22.82998
22.95210
23.08616
23.17951
23.27356
23.40271
23.45184
23.58379
23.67504
23.76418
23.81401
23.80980
23.85051
23.85753
23.90034
23.85191
23.76839
23.72066
23.71926
23.72066
23.72206
23.67363
23.58099
23.59011
23.54238
23.49325
23.40552
23.36270
23.27146
23.26865
23.18232
23.09318
23.03984
22.95772
22.91490
22.81875
22.78365
22.64258
22.55203
22.42289
22.28041
22.23829
22.06002
21.96526
21.92315
21.97088
22.05581
22.23127
22.32884
22.41868
22.50360
22.68469
22.77944
22.86016
22.91210
23.05037
23.13670
23.26865
23.31778
23.40552
23.45184
23.49746
23.58379
23.67363
23.63433
23.67363
23.58379
23.58660
23.53957
23.54238
23.49606
23.45044
23.44623
23.40131
23.36270
23.36130
23.27146
23.18513
23.08897
23.05037
22.96123
22.90929
22.82436
22.68750
22.59695
22.51483
22.45868
22.28321
22.19267
22.10002
21.96667
21.92455
21.87612
21.88034
21.96526
21.95965
22.19267
22.33094
22.46149
22.55484
22.64258
22.73242
22.86437
22.99702
23.09739
23.13670
23.22162
23.35989
23.40692
23.53817
23.54519
23.58379
23.62731
23.67644
23.67153
23.67153
23.58520
23.54379
23.53817
23.50027
23.45044
23.40131
23.36551
23.36411
23.31497
23.27356
23.17811
23.17951
23.09458
23.00264
22.95491
22.87139
22.77944
22.68328
22.59976
22.59695
22.54923
22.41868
22.28321
22.19127
22.10213
22.05159
21.92315
21.92175
21.91894
21.96246
22.06142
22.19408
22.33235
22.45588
22.50641
22.59555
22.73663
22.86858
22.95631
22.99983
23.14091
23.22443
23.36551
23.45465
23.49465
23.53256
23.63292
23.67504
23.72206
23.72347
23.62731
23.67363
23.63292
23.58660
23.53677
23.49325
23.45324
23.40271
23.36270
23.36551
23.22443
23.22443
23.18092
23.08897
23.09178
22.91490
22.82436
22.68328
22.55344
22.55063
22.45868
22.37516
22.23549
22.10002
22.10213
22.01229
21.92455
21.83120
21.78839
21.74487
21.87753
22.00948
22.10494
22.28602
22.32322
22.50360
22.64608
22.77523
22.91069
23.00264
23.09318
23.22443
23.31919
23.40832
23.45324
23.49606
23.58660
23.63152
23.63152
23.67363
23.62731
23.54659
23.54098
23.53817
23.49465
23.40131
23.36130
23.39850
23.31638
23.31778
23.22303
23.18092
23.18864
23.13529
23.09037
23.00825
22.86577
22.72469
22.64258
22.55624
22.46009
22.37095
22.28321
22.10634
22.09862
21.96807
21.92175
21.83120
21.83120
21.88034
22.01229
22.09862
22.19408
22.23689
22.32743
22.46289
22.59695
22.73522
22.86296
22.91069
23.09458
23.22584
23.35638
23.45324
23.49185
23.53957
23.58660
23.62450
23.63152
23.67925
23.53677
23.59011
23.49465
23.49325
23.45044
23.36411
23.31357
23.27146
23.18092
23.08897
23.04756
22.95070
22.86437
22.82155
22.73101
22.73522
22.72891
22.63977
22.64608
22.55203
22.51062
22.41517
22.23689
22.19548
22.05300
22.10494
22.10353
22.23127
22.32743
22.46149
22.55484
22.68750
22.77383
22.86858
22.99983
23.00545
23.13529
23.27356
23.35989
23.45184
23.49606
23.62871
23.72487
23.80980
23.90034
23.85612
23.85472
23.90385
23.94105
23.90034
23.85331
23.80839
23.81120
23.76558
23.76839
23.71926
23.67363
23.67784
23.62731
23.58520
23.54519
23.45044
23.40832
23.31778
23.22864
23.18513
23.09458
23.04265
22.95351
22.91631
22.90508
22.82155
22.68890
22.59415
22.46149
22.46711
22.32884
22.22987
22.23689
22.23829
22.36954
22.46149
22.55063
22.68328
22.77944
22.86577
22.95631
23.09178
23.17670
23.31778
23.31919
23.44623
23.58871
23.72487
23.84910
23.85893
23.98878
24.08072
24.12494
24.16986
24.12915
24.16565
24.16565
24.12494
24.12213
24.08493
24.07932
24.03159
23.99299
23.94245
23.94386
23.90385
23.85893
23.81261
23.76698
23.72206
23.67363
23.67012
23.63012
23.63012
23.54098
23.49465
23.44763
23.36270
23.27146
23.17530
23.09318
23.04615
22.95351
22.91069
22.86577
22.77242
22.69030
22.50781
22.36954
22.42008
22.28602
22.18846
22.23408
22.32743
22.41517
22.55063
22.64258
22.73382
22.86437
22.91490
23.04756
23.13108
23.23145
23.31497
23.31497
23.40692
23.53817
23.53677
23.58660
23.58520
23.58379
23.59292
23.54098
23.48904
23.45324
23.40552
23.36551
23.31778
23.26584
23.22724
23.09458
23.04265
22.95351
22.86998
22.82155
22.72891
22.68469
22.51062
22.37516
22.36954
22.23689
22.10494
22.01089
21.87753
21.92736
21.87612
21.92315
22.01510
22.09722
22.23829
22.33235
22.41376
22.50220
22.59695
22.73101
22.81734
22.90789
23.09178
23.18092
23.22724
23.31919
23.40692
23.44763
23.49746
23.54519
23.54098
23.59011
23.58660
23.58239
23.50027
23.53957
23.48904
23.49606
23.44763
23.36130
23.36411
23.31217
23.27146
23.27637
23.18232
23.18372
23.08897
23.09458
23.09178
22.95210
22.95631
22.86718
22.77663
22.73101
22.69451
22.63836
22.55203
22.47132
22.36814
22.32603
22.33094
22.23408
22.18846
22.23970
22.32322
22.36954
22.46430
22.59555
22.68188
22.77944
22.86437
23.00123
23.04615
23.18232
23.31638
23.35989
23.49746
23.63292
23.67363
23.72206
23.76558
23.72206
23.76558
23.76698
23.72347
23.72066
23.67784
23.67363
23.67504
23.58871
23.53396
23.54519
23.49185
23.49606
23.35989
23.40832
23.35989
23.31778
23.26865
23.21882
23.22584
23.22162
23.18513
23.13670
23.04896
23.04475
22.95982
22.90929
22.81875
22.82436
22.82015
22.73242
22.68469
22.59415
22.55484
22.49869
22.40955
22.33094
22.19127
22.14775
22.14635
22.14494
22.19267
22.28041
22.46289
22.50781
22.59415
22.73803
22.77804
23.00264
23.00545
23.13950
23.27497
23.40131
23.45184
23.49325
23.58099
23.58099
23.58660
23.54238
23.58871
23.54098
23.54098
23.49606
23.44903
23.40271
23.40411
23.36270
23.31217
23.22724
23.23005
23.17811
23.18232
23.13810
23.09037
22.99702
23.00264
22.90648
22.86718
22.81524
22.81524
22.72891
22.68469
22.64258
22.55063
22.54923
22.42429
22.32322
22.23970
22.28602
22.28181
22.37516
22.46009
22.55063
22.68469
22.73382
22.82717
22.95210
23.04896
23.13389
23.17811
23.31919
23.35638
23.49606
23.44131
23.49325
23.49185
23.54519
23.54098
23.45044
23.45324
23.40552
23.40832
23.40131
23.32199
23.31357
23.31919
23.31357
23.27146
23.17951
23.13529
23.13389
23.04756
23.04265
22.95982
23.00264
22.91631
22.90929
22.82155
22.77523
22.77663
22.68890
22.59274
22.50641
22.46149
22.46289
22.37516
22.33235
22.23408
22.19408
22.10002
22.05721
21.96947
21.96386
22.01089
22.05300
22.14916
22.23970
22.32322
22.46149
22.55063
22.63696
22.72891
22.82155
22.99983
23.09739
23.17951
23.27146
23.40411
23.45184
23.40552
23.44903
23.49746
23.49185
23.44903
23.40832
23.40552
23.36270
23.35638
23.27497
23.26865
23.22864
23.22303
23.13529
23.09458
23.03984
23.00123
22.99983
22.95491
22.91490
22.86296
22.82155
22.73522
22.63977
22.59555
22.55484
22.50220
22.37516
22.32322
22.28181
22.19408
22.09862
22.05581
21.92455
21.87753
21.83401
21.78207
21.78628
21.88034
22.01229
22.10353
22.19267
22.32182
22.42008
22.54642
22.64117
22.68750
22.82155
22.86577
23.04896
23.17811
23.22724
23.31638
23.40692
23.40552
23.45465
23.40411
23.45044
23.40692
23.36270
23.35779
23.31076
23.27637
23.27146
23.17951
23.13529
23.13249
23.09318
23.04896
23.00264
23.00545
22.90929
22.91069
22.86718
22.82436
22.77523
22.68469
22.59976
22.55203
22.50501
22.42148
22.41517
22.32884
22.23549
22.19548
22.09722
22.05721
21.97228
21.87121
21.88455
21.79120
21.78628
21.74768
21.74347
21.83120
21.97228
22.05581
22.18986
22.32743
22.46289
22.54923
22.59415
22.68609
22.82436
23.00123
23.13529
23.17811
23.26865
23.31638
23.35989
23.40832
23.40552
23.40552
23.45044
23.36270
23.31638
23.31357
23.27356
23.22443
23.13529
23.09458
23.13389
23.05458
23.04265
22.95210
22.95982
22.86437
22.82155
22.77804
22.68328
22.59976
22.59836
22.50360
22.41517
22.37656
22.28462
22.28321
22.19127
22.10213
22.06002
21.96667
21.97228
21.88034
21.87753
21.92175
21.91613
21.96807
22.10213
22.18846
22.41868
22.55344
22.59836
22.64117
22.77804
22.91069
23.00545
23.09178
23.18232
23.27146
23.35498
23.40832
23.45184
23.49185
23.50378
23.49185
23.48904
23.45184
23.40552
23.40692
23.32059
23.26584
23.27005
23.17951
23.13389
23.09458
23.04265
23.04756
23.00404
22.95491
23.00404
22.90789
22.86718
22.77944
22.68609
22.64258
22.64258
22.55203
22.46851
22.41727
22.36814
22.28743
22.23268
22.15056
22.06002
21.95965
21.92596
21.82980
21.83120
21.83682
21.96947
22.05581
22.23408
22.28883
22.46570
22.59976
22.64258
22.77242
22.82717
22.95491
23.14091
23.27005
23.35779
23.40552
23.49746
23.54379
23.62731
23.67504
23.68206
23.67363
23.63433
23.62871
23.58660
23.59011
23.58099
23.49465
23.49606
23.40973
23.45465
23.40411
23.31638
23.31638
23.31076
23.27005
23.23145
23.13529
23.04615
22.95772
22.90648
22.82155
22.82717
22.77383
22.63977
22.64608
22.54923
22.50781
22.37376
22.23829
22.23408
22.10494
22.05581
22.01229
21.97369
21.96807
22.00948
22.18986
22.32743
22.45728
22.50501
22.59836
22.77523
22.86718
23.00264
22.99983
23.13529
23.27497
23.35779
23.45465
23.53817
23.58379
23.59011
23.62591
23.63292
23.67644
23.62871
23.54238
23.54098
23.49465
23.49887
23.44903
23.35638
23.35638
23.35638
23.31778
23.26865
23.17951
23.14231
23.09178
23.04265
22.95982
22.91069
22.86437
22.77523
22.73663
22.64258
22.59836
22.50781
22.37235
22.37095
22.23689
22.18986
22.10213
22.05581
22.05300
22.10213
22.23408
22.36954
22.50781
22.59274
22.68609
22.82436
22.95631
23.04756
23.13529
23.22724
23.36411
23.44763
23.53957
23.58871
23.67504
23.71926
23.77260
23.76137
23.76698
23.80559
23.72066
23.68065
23.67504
23.67644
23.67363
23.58660
23.54379
23.49325
23.49606
23.45184
23.40832
23.41113
23.36130
23.31919
23.27005
23.18232
23.12898
23.04475
22.99702
22.96123
22.91350
22.82015
22.73382
22.73242
22.64117
22.55203
22.46149
22.32603
22.33235
22.19127
22.06002
21.96667
21.92315
21.92455
21.96526
22.10002
22.23970
22.41096
22.46289
22.59836
22.73101
22.82015
22.91490
22.99843
23.13529
23.22864
23.35779
23.44763
23.49746
23.58379
23.63573
23.67012
23.71785
23.67784
23.67363
23.63152
23.58379
23.53817
23.54519
23.53817
23.45324
23.40552
23.40552
23.36130
23.35779
23.31778
23.27005
23.22443
23.18513
23.13389
23.00123
22.96123
22.91069
22.82436
22.73522
22.68328
22.59555
22.50781
22.36954
22.33235
22.28041
22.18846
22.01229
21.96386
21.92034
21.92596
21.87332
21.92455
22.01229
22.14494
22.28462
22.46570
22.59415
22.64117
22.73242
22.86296
23.00685
23.13670
23.22443
23.32059
23.36130
23.45465
23.53817
23.58379
23.67784
23.62731
23.63152
23.58379
23.63152
23.58379
23.49185
23.49887
23.44903
23.40832
23.40552
23.36130
23.31778
23.31357
23.27356
23.27356
23.13529
23.09178
23.00545
22.95070
22.86577
22.86577
22.82155
22.73101
22.59836
22.55203
22.46570
22.41376
22.28883
22.14494
22.14775
22.10213
22.01229
21.92034
21.88034
21.78979
21.91894
21.96947
22.10494
22.23127
22.37516
22.50922
22.59415
22.68469
22.82577
22.86998
23.08616
23.18232
23.31919
23.44623
23.45184
23.49325
23.54238
23.63714
23.63152
23.67363
23.58379
23.58099
23.54098
23.58660
23.49887
23.44763
23.40552
23.35989
23.26865
23.32199
23.18232
23.17811
23.09037
23.04756
22.95631
22.95772
22.82577
22.68609
22.63977
22.59836
22.55063
22.41727
22.32743
22.23549
22.15056
22.10213
22.00527
21.96807
21.92175
21.96105
22.05721
22.18986
22.28181
22.41376
22.51062
22.63977
22.77804
22.86718
23.04756
23.04475
23.13950
23.27005
23.35989
23.45465
23.49465
23.54098
23.58871
23.62871
23.63012
23.67644
23.58239
23.59292
23.54659
23.49465
23.54098
23.45324
23.40552
23.31778
23.27146
23.27005
23.18232
23.13810
23.04265
22.95491
23.00123
22.86718
22.77383
22.68890
22.54782
22.50009
22.41727
22.28462
22.18635
22.10213
22.06142
22.05581
21.96947
21.97088
22.01089
22.10213
22.14775
22.28181
22.36674
22.46430
22.55624
22.63696
22.73522
22.86718
23.00264
23.09318
23.17811
23.27777
23.40131
23.49606
23.58099
23.58660
23.62731
23.76277
23.76839
23.76418
23.76418
23.72347
23.75786
23.72347
23.71926
23.62731
23.63573
23.58660
23.57958
23.54659
23.45324
23.40692
23.36691
23.31217
23.27356
23.18232
23.17530
23.13810
23.04475
22.99983
22.91350
22.82155
22.73382
22.64468
22.54923
22.54221
22.41517
22.37095
22.28321
22.23408
22.19408
22.14494
22.05300
22.05861
22.01229
22.05300
22.15056
22.24250
22.32462
22.46430
22.55344
22.63275
22.77804
22.91210
23.00123
23.08897
23.18372
23.26725
23.35989
23.49887
23.45044
23.49606
23.58660
23.58239
23.58099
23.54098
23.53817
23.54098
23.49606
23.49465
23.40552
23.36270
23.31357
23.27146
23.18232
23.17811
23.09458
23.04475
22.95070
22.95772
22.96123
22.90929
22.81875
22.77242
22.68609
22.68469
22.59836
22.50781
22.37376
22.33094
22.23127
22.19267
22.10494
22.05861
21.96667
22.05300
22.10774
22.18635
22.28041
22.41868
22.50501
22.64608
22.72891
22.82155
22.96263
23.08757
23.23005
23.36270
23.49606
23.54238
23.58099
23.63854
23.67504
23.76839
23.76839
23.71645
23.72206
23.76839
23.67153
23.67504
23.67504
23.58379
23.58871
23.58099
23.53817
23.45324
23.39569
23.40552
23.35989
23.26865
23.18513
23.17811
23.13810
23.04756
22.99983
22.95982
22.82155
22.73242
22.64258
22.55063
22.50501
22.41727
22.32743
22.19127
22.14494
22.10494
22.05300
21.96667
21.92455
21.87472
21.92315
21.92315
22.05440
22.14775
22.23549
22.32603
22.46570
22.59555
22.73101
22.82155
22.95351
23.09599
23.22303
23.31919
23.40271
23.40271
23.50027
23.58520
23.63152
23.62591
23.62871
23.59151
23.58660
23.59011
23.53957
23.49746
23.45044
23.40552
23.36551
23.31357
23.23005
23.22584
23.13810
23.04615
23.05037
22.91210
22.86718
22.82155
22.68750
22.59695
22.54923
22.55624
22.46149
22.37095
22.28321
22.23689
22.18495
22.10774
22.01369
21.96526
22.01229
22.05721
22.14214
22.23689
22.32462
22.46289
22.50501
22.59274
22.73382
22.81875
22.99983
23.09318
23.17670
23.27356
23.35779
23.36691
23.40692
23.44903
23.49465
23.53957
23.49606
23.49606
23.49185
23.45465
23.44903
23.36411
23.36270
23.31497
23.27005
23.22443
23.14231
23.09037
23.04475
23.00685
22.86296
22.82155
22.82436
22.72750
22.63836
22.55344
22.55344
22.50360
22.42148
22.32743
22.23408
22.19408
22.10213
22.05861
21.92175
21.91613
22.01369
22.05721
22.14775
22.28462
22.41517
22.55344
22.64468
22.76962
22.86858
22.95351
23.13810
23.18092
23.31638
23.45184
23.53817
23.58520
23.67363
23.72206
23.76558
23.76698
23.72206
23.72206
23.71926
23.67153
23.67504
23.62871
23.58871
23.58379
23.53817
23.49887
23.40131
23.40552
23.36270
23.26584
23.22584
23.09318
23.04615
23.00404
22.90929
22.81524
22.82577
22.78085
22.68328
22.63977
22.55344
22.45868
22.41517
22.32884
22.19127
22.13933
22.10213
22.06002
22.05581
22.14494
22.23970
22.37235
22.45868
22.55344
22.64258
22.77242
22.86858
22.91069
22.99843
23.09178
23.22303
23.27146
23.36551
23.40552
23.53817
23.63012
23.62731
23.58099
23.63012
23.63012
23.62310
23.58660
23.58660
23.54098
23.54098
23.54519
23.44623
23.45605
23.40552
23.31217
23.31919
23.18092
23.13389
23.09178
23.04615
22.99983
22.86718
22.86296
22.77663
22.73803
22.63556
22.59555
22.59836
22.50501
22.46430
22.37656
22.33094
22.27900
22.19408
22.10002
22.01229
22.01510
22.00948
22.05300
22.14916
22.24110
22.37095
22.46009
22.55624
22.64258
22.68609
22.82015
22.96123
22.99843
23.13670
23.27005
23.31357
23.40411
23.45324
23.53957
23.58660
23.58660
23.62450
23.63573
23.67363
23.62871
23.58520
23.53817
23.58660
23.53957
23.49746
23.40832
23.35989
23.36130
23.27146
23.17951
23.04615
23.00123
22.95772
22.87490
22.77663
22.73242
22.64608
22.55063
22.46149
22.32603
22.28041
22.14916
22.10002
21.96526
21.83401
21.78839
21.73926
21.74768
21.82980
21.92034
22.10915
22.23408
22.32884
22.46289
22.55063
22.68609
22.86437
22.86858
23.05177
23.18092
23.26865
23.36270
23.44763
23.54238
23.62871
23.62591
23.71785
23.72066
23.72206
23.81261
23.76558
23.76839
23.72066
23.72347
23.71926
23.67644
23.63012
23.58520
23.58379
23.54098
23.45184
23.40271
23.40552
23.31497
23.22443
23.18092
23.13389
23.09178
23.05177
22.95351
22.91350
22.81875
22.73101
22.60116
22.45728
22.37235
22.28321
22.18986
22.10213
21.96526
21.92596
21.78488
21.78488
21.74207
21.74347
21.87893
22.00808
22.01229
22.19548
22.28462
22.46289
22.59836
22.63836
22.82155
22.99983
23.13950
23.27356
23.27005
23.40692
23.49044
23.58660
23.67784
23.67925
23.76277
23.85612
23.80699
23.85612
23.81401
23.80980
23.81401
23.71224
23.67504
23.67644
23.67504
23.63433
23.53957
23.44763
23.41113
23.40271
23.36270
23.22303
23.13389
23.13529
23.04124
22.91771
22.86858
22.77102
22.68328
22.54923
22.41868
22.37516
22.19127
22.10494
22.01089
21.92315
21.87753
21.79120
21.74207
21.74347
21.78839
21.96667
22.10494
22.14775
22.32603
22.41868
22.63977
22.73101
22.81875
22.96123
23.08897
23.23005
23.31217
23.36411
23.53957
23.63292
23.67644
23.77119
23.80980
23.85753
23.85331
23.81401
23.80839
23.76698
23.75996
23.72206
23.67644
23.63012
23.58239
23.54238
23.50027
23.44623
23.40411
23.36270
23.36130
23.26725
23.13950
23.09318
22.91350
22.91069
22.73242
22.68609
22.59695
22.46430
22.41517
22.28602
22.18495
22.01510
21.87472
21.78979
21.69574
21.60380
21.60520
21.51887
21.56098
21.65433
21.83261
22.00948
22.19408
22.28321
22.41727
22.55203
22.73522
22.86577
22.91350
23.04265
23.18513
23.26584
23.36551
