127.00000
381.00000
645.00000
909.00000
1164.00000
1430.00000
1682.00000
1946.00000
2210.00000
2462.00000
2726.00000
2990.00000
3254.00000
3517.00000
3783.00000
4038.00000
4305.00000
4559.00000
4823.00000
5078.00000
5345.00000
5599.00000
5865.00000
6119.00000
6374.00000
6637.00000
6888.00000
7151.00000
7405.00000
7670.00000
7929.00000
8183.00000
8449.00000
8704.00000
8972.00000
9225.00000
9490.00000
9753.00000
10006.00000
10274.00000
10530.00000
10795.00000
11050.00000
11318.00000
11574.00000
11843.00000
12108.00000
12363.00000
12632.00000
12887.00000
13155.00000
13408.00000
13675.00000
13939.00000
14193.00000
14454.00000
14705.00000
14965.00000
15216.00000
15476.00000
15725.00000
15983.00000
16232.00000
16483.00000
16738.00000
16993.00000
17247.00000
17504.00000
17758.00000
18015.00000
18264.00000
18523.00000
18778.00000
19028.00000
19289.00000
19546.00000
19801.00000
20058.00000
20314.00000
20575.00000
20832.00000
21092.00000
21350.00000
21610.00000
21869.00000
22122.00000
22387.00000
22640.00000
22906.00000
23161.00000
23427.00000
23682.00000
23947.00000
24200.00000
24462.00000
24722.00000
24974.00000
25238.00000
25490.00000
25753.00000
26008.00000
26271.00000
26523.00000
26788.00000
27042.00000
27305.00000
27557.00000
27822.00000
28075.00000
28338.00000
28588.00000
28851.00000
29102.00000
29361.00000
29611.00000
29873.00000
30132.00000
30390.00000
30647.00000
30905.00000
31162.00000
31419.00000
31671.00000
31930.00000
32179.00000
32439.00000
32688.00000
32949.00000
33192.00000
33454.00000
33715.00000
33980.00000
34244.00000
34508.00000
34772.00000
35035.00000
35300.00000
35562.00000
35823.00000
36084.00000
36336.00000
36598.00000
36850.00000
37111.00000
37370.00000
37621.00000
37882.00000
38133.00000
38391.00000
38640.00000
38896.00000
39144.00000
39400.00000
39654.00000
39909.00000
40166.00000
40425.00000
40685.00000
40945.00000
41205.00000
41466.00000
41727.00000
41991.00000
42252.00000
42517.00000
42780.00000
43044.00000
43300.00000
43570.00000
43827.00000
44095.00000
44353.00000
44620.00000
44877.00000
45143.00000
45398.00000
45667.00000
45922.00000
46190.00000
46446.00000
46711.00000
46966.00000
47234.00000
47491.00000
47757.00000
48014.00000
48283.00000
48547.00000
48811.00000
49068.00000
49335.00000
49592.00000
49861.00000
50126.00000
50390.00000
50655.00000
50912.00000
51182.00000
51437.00000
51704.00000
51958.00000
52224.00000
52478.00000
52745.00000
52998.00000
53265.00000
53519.00000
53785.00000
54038.00000
54307.00000
54562.00000
54826.00000
55080.00000
55340.00000
55590.00000
55849.00000
56099.00000
56359.00000
56618.00000
56877.00000
57134.00000
57394.00000
57652.00000
57915.00000
58176.00000
58441.00000
58704.00000
58971.00000
59234.00000
59500.00000
59763.00000
60030.00000
60288.00000
60560.00000
60817.00000
61089.00000
61345.00000
61618.00000
61876.00000
62149.00000
62407.00000
62679.00000
62936.00000
63209.00000
63467.00000
63740.00000
64000.00000
64273.00000
64532.00000
64805.00000
65064.00000
65334.00000
65592.00000
65862.00000
66119.00000
66390.00000
66649.00000
66921.00000
67180.00000
67448.00000
67704.00000
67968.00000
68223.00000
68489.00000
68744.00000
69008.00000
69262.00000
69528.00000
69782.00000
