0.16760
0.16118
0.15224
0.13953
0.12220
0.09990
0.07281
0.04149
0.00667
-0.03097
-0.07101
-0.11341
-0.15843
-0.20640
-0.25745
-0.31124
-0.36679
-0.42256
-0.47664
-0.52719
-0.57286
-0.61325
-0.64906
-0.68194
-0.71402
-0.74713
-0.78210
-0.81814
-0.85280
-0.88229
-0.90234
-0.90910
-0.89999
-0.87423
-0.83276
-0.77782
-0.71226
-0.63882
-0.55966
-0.47624
-0.38948
-0.30011
-0.20899
-0.11726
-0.02629
0.06248
0.14774
0.22853
0.30425
0.37480
0.44051
0.50209
0.56057
0.61702
0.67231
0.72677
0.77997
0.83054
0.87624
0.91433
0.94203
0.95713
0.95852
0.94649
0.92273
0.89010
0.85202
0.81194
0.77264
0.73578
0.70164
0.66915
0.63624
0.60046
0.55965
0.51252
0.45900
0.40013
0.33773
0.27377
0.20977
0.14645
0.08366
0.02064
-0.04354
-0.10952
-0.17737
-0.24653
-0.31602
-0.38477
-0.45198
-0.51726
-0.58070
-0.64265
-0.70351
-0.76339
-0.82196
-0.87829
-0.93086
-0.97763
-1.01624
-1.04427
-1.05948
-1.06015
-1.04527
-1.01474
-0.96932
-0.91053
-0.84038
-0.76095
-0.67412
-0.58136
-0.48366
-0.38169
-0.27608
-0.16765
-0.05761
0.05243
0.16064
0.26524
0.36471
0.45782
0.54354
0.62081
0.68832
0.74460
0.78819
0.81811
0.83424
0.83756
0.83012
0.81471
0.79421
0.77096
0.74620
0.71985
0.69070
0.65693
0.61682
0.56945
0.51506
0.45501
0.39140
0.32643
0.26175
0.19806
0.13510
0.07184
0.00709
-0.06013
-0.13020
-0.20282
-0.27714
-0.35199
-0.42611
-0.49826
-0.56720
-0.63149
-0.68937
-0.73863
-0.77675
-0.80127
-0.81026
-0.80280
-0.77921
-0.74098
-0.69043
-0.63014
-0.56254
-0.48958
-0.41273
-0.33318
-0.25208
-0.17069
-0.09043
-0.01265
0.06157
0.13162
0.19742
0.25939
0.31815
0.37436
0.42836
0.47994
0.52829
0.57201
0.60933
0.63860
0.65863
0.66910
0.67064
0.66463
0.65277
0.63652
0.61669
0.59330
0.56571
0.53306
0.49459
0.45001
0.39948
0.34358
0.28309
0.21882
0.15148
0.08173
0.01026
-0.06207
-0.13405
-0.20413
-0.27052
-0.33149
-0.38575
-0.43280
-0.47310
-0.50808
-0.53994
-0.57121
-0.60420
-0.64042
-0.68006
-0.72160
-0.76182
-0.79621
-0.81982
-0.82832
-0.81902
-0.79151
-0.74765
-0.69089
-0.62514
-0.55355
-0.47776
-0.39773
-0.31234
-0.22045
-0.12195
-0.01844
0.08688
0.18991
0.28678
0.37483
0.45315
0.52254
0.58474
0.64161
0.69419
0.74234
0.78472
0.81926
0.84388
0.85702
0.85809
0.84746
0.82626
0.79609
0.75868
0.71568
0.66855
0.61851
0.56647
0.51288
0.45764
0.40014
0.33939
0.27443
0.20482
0.13092
0.05400
-0.02401
-0.10100
-0.17522
-0.24561
-0.31197
-0.37473
-0.43474
-0.49291
-0.55007
-0.60686
-0.66377
-0.72110
-0.77877
-0.83604
-0.89118
-0.94124
-0.98223
-1.00964
-1.01928
-1.00826
-0.97561
-0.92252
-0.85196
-0.76788
-0.67428
-0.57450
-0.47090
-0.36494
-0.25763
-0.14999
-0.04331
0.06080
0.16054
0.25425
0.34062
0.41882
0.48848
0.54964
0.60255
0.64765
0.68545
0.71655
0.74154
0.76095
0.77512
0.78411
0.78773
0.78567
0.77774
0.76406
0.74527
0.72250
0.69721
0.67085
0.64449
0.61841
0.59188
0.56326
0.53026
0.49061
0.44269
0.38615
0.32215
0.25316
0.18241
0.11301
0.04722
-0.01406
-0.07124
-0.12568
-0.17899
-0.23239
-0.28638
-0.34073
-0.39476
-0.44779
-0.49949
-0.54996
-0.59953
-0.64832
-0.69578
-0.74048
-0.78020
-0.81236
-0.83472
-0.84598
-0.84620
-0.83685
-0.82032
-0.79919
-0.77544
-0.74985
-0.72191
-0.69017
-0.65293
-0.60897
-0.55806
-0.50106
-0.43951
-0.37516
-0.30938
-0.24286
-0.17562
-0.10721
-0.03709
0.03507
0.10910
0.18425
0.25914
0.33196
0.40070
0.46357
0.51936
0.56771
0.60913
0.64474
0.67590
0.70366
0.72841
0.74969
0.76635
0.77688
0.77993
0.77478
0.76159
0.74142
0.71599
0.68725
0.65696
0.62638
0.59605
0.56585
0.53514
0.50294
0.46812
0.42961
0.38656
0.33845
0.28530
0.22768
0.16675
0.10417
0.04189
-0.01818
-0.07450
-0.12625
-0.17353
-0.21724
-0.25885
-0.29987
-0.34139
-0.38374
-0.42647
-0.46846
-0.50835
-0.54484
-0.57694
-0.60406
-0.62588
-0.64225
-0.65303
-0.65811
-0.65752
-0.65158
-0.64106
-0.62709
-0.61097
-0.59379
-0.57606
-0.55757
-0.53735
-0.51404
-0.48625
-0.45300
-0.41402
-0.36980
-0.32154
-0.27083
-0.21932
-0.16833
-0.11860
-0.07013
-0.02234
0.02556
0.07415
0.12339
0.17235
0.21940
0.26262
0.30044
0.33227
0.35891
0.38244
0.40572
0.43156
0.46182
0.49682
0.53521
0.57424
0.61052
0.64083
0.66272
0.67492
0.67725
0.67033
0.65518
0.63292
0.60459
0.57125
0.53407
0.49447
0.45394
0.41389
0.37515
0.33769
0.30038
0.26121
0.21777
0.16800
0.11092
0.04700
-0.02185
-0.09291
-0.16342
-0.23148
-0.29661
-0.35986
-0.42344
-0.48998
-0.56154
-0.63877
-0.72021
-0.80209
-0.87861
-0.94273
-0.98738
-1.00686
-0.99797
-0.96081
-0.89868
-0.81733
-0.72369
-0.62436
-0.52444
-0.42684
-0.33237
-0.24032
-0.14937
-0.05840
0.03301
0.12449
0.21507
0.30342
0.38817
0.46790
0.54122
0.60679
0.66335
0.70995
0.74605
0.77159
0.78694
0.79273
0.78957
0.77795
0.75819
0.73055
0.69546
0.65364
0.60619
0.55432
0.49910
0.44099
0.37966
0.31401
0.24252
0.16391
0.07779
-0.01489
-0.11182
-0.20968
-0.30489
-0.39436
-0.47608
-0.54936
-0.61470
-0.67339
-0.72693
-0.77637
-0.82187
-0.86233
-0.89538
-0.91767
-0.92544
-0.91518
-0.88431
-0.83179
-0.75829
-0.66625
-0.55953
-0.44299
-0.32198
-0.20174
-0.08684
0.01938
0.11529
0.20118
0.27900
0.35172
0.42235
0.49283
0.56329
0.63174
0.69450
0.74712
0.78558
0.80746
0.81255
0.80295
0.78243
0.75540
0.72572
0.69586
0.66649
0.63663
0.60432
0.56736
0.52413
0.47399
0.41740
0.35573
0.29084
0.22465
0.15877
0.09420
0.03123
-0.03054
-0.09212
-0.15492
-0.22051
-0.29036
-0.36547
-0.44612
-0.53153
-0.61973
-0.70760
-0.79119
-0.86618
-0.92849
-0.97477
-1.00283
-1.01174
-1.00179
-0.97423
-0.93093
-0.87407
-0.80586
-0.72841
-0.64366
-0.55339
-0.45938
-0.36343
-0.26747
-0.17348
-0.08326
0.00179
0.08100
0.15459
0.22358
0.28953
0.35396
0.41782
0.48099
0.54220
0.59920
0.64935
0.69029
0.72053
0.73977
0.74883
0.74927
0.74289
0.73133
0.71581
0.69719
0.67611
0.65321
0.62913
0.60449
0.57963
0.55452
0.52870
0.50145
0.47196
0.43958
0.40377
0.36407
0.31990
0.27051
0.21507
0.15296
0.08419
0.00971
-0.06856
-0.14802
-0.22592
-0.30000
-0.36890
-0.43229
-0.49067
-0.54499
-0.59633
-0.64571
-0.69399
-0.74191
-0.78999
-0.83824
-0.88580
-0.93062
-0.96942
-0.99798
-1.01194
-1.00765
-0.98302
-0.93788
-0.87386
-0.79381
-0.70105
-0.59875
-0.48963
-0.37600
-0.26006
-0.14417
-0.03089
0.07720
0.17787
0.26959
0.35184
0.42507
0.49053
0.54995
0.60510
0.65735
0.70725
0.75432
0.79696
0.83280
0.85921
0.87405
0.87628
0.86638
0.84631
0.81900
0.78759
0.75457
0.72112
0.68697
0.65061
0.60999
0.56331
0.50963
0.44918
0.38315
0.31327
0.24117
0.16799
0.09424
0.01998
-0.05479
-0.12984
-0.20455
-0.27800
-0.34919
-0.41728
-0.48168
-0.54211
-0.59858
-0.65134
-0.70082
-0.74750
-0.79165
-0.83299
-0.87037
-0.90157
-0.92349
-0.93269
-0.92617
-0.90217
-0.86067
-0.80341
-0.73342
-0.65421
-0.56894
-0.47982
-0.38800
-0.29386
-0.19751
-0.09938
-0.00053
0.09737
0.19236
0.28260
0.36673
0.44408
0.51456
0.57842
0.63588
0.68686
0.73079
0.76658
0.79285
0.80816
0.81148
0.80248
0.78185
0.75137
0.71370
0.67198
0.62913
0.58714
0.54652
0.50613
0.46353
0.41573
0.36027
0.29608
0.22400
0.14655
0.06724
-0.01046
-0.08404
-0.15241
-0.21586
-0.27552
-0.33263
-0.38806
-0.44206
-0.49453
-0.54531
-0.59449
-0.64231
-0.68880
-0.73315
-0.77324
-0.80555
-0.82571
-0.82945
-0.81371
-0.77754
-0.72234
-0.65136
-0.56880
-0.47871
-0.38423
-0.28734
-0.18920
-0.09064
0.00727
0.10304
0.19497
0.28141
0.36107
0.43313
0.49700
0.55216
0.59793
0.63360
0.65862
0.67301
0.67746
0.67337
0.66244
0.64623
0.62571
0.60103
0.57160
0.53655
0.49526
0.44782
0.39533
0.33971
0.28332
0.22828
0.17591
0.12626
0.07813
0.02933
-0.02264
-0.07992
-0.14363
-0.21363
-0.28851
-0.36599
-0.44345
-0.51844
-0.58892
-0.65336
-0.71051
-0.75908
-0.79759
-0.82430
-0.83752
-0.83594
-0.81895
-0.78678
-0.74028
-0.68063
-0.60899
-0.52646
-0.43420
-0.33392
-0.22825
-0.12081
-0.01583
0.08267
0.17183
0.25071
0.32044
0.38367
0.44359
0.50269
0.56186
0.62004
0.67452
0.72170
0.75819
0.78169
0.79152
0.78866
0.77539
0.75460
0.72911
0.70108
0.67165
0.64085
0.60772
0.57065
0.52780
0.47751
0.41874
0.35125
0.27576
0.19384
0.10773
0.02002
-0.06674
-0.15036
-0.22927
-0.30259
-0.37012
-0.43208
-0.48898
-0.54141
-0.59006
-0.63581
-0.67977
-0.72315
-0.76685
-0.81088
-0.85368
-0.89187
-0.92055
-0.93426
-0.92833
-0.90036
-0.85104
-0.78424
-0.70597
-0.62274
-0.53976
-0.45963
-0.38197
-0.30414
-0.22267
-0.13494
-0.04032
0.05938
0.16054
0.25892
0.35106
0.43525
0.51172
0.58215
0.64849
0.71188
0.77179
0.82597
0.87094
0.90293
0.91899
0.91780
0.90006
0.86834
0.82657
0.77920
0.73033
0.68304
0.63883
0.59755
0.55747
0.51583
0.46957
0.41610
0.35401
0.28342
0.20590
0.12403
0.04072
-0.04148
-0.12091
-0.19698
-0.27001
-0.34088
-0.41050
-0.47949
-0.54794
-0.61551
-0.68163
-0.74561
-0.80678
-0.86429
-0.91692
-0.96278
-0.99927
-1.02330
-1.03174
-1.02216
-0.99336
-0.94573
-0.88109
-0.80227
-0.71240
-0.61432
-0.51014
-0.40132
-0.28888
-0.17387
-0.05778
0.05739
0.16918
0.27501
0.37264
0.46045
0.53760
0.60399
0.66003
0.70636
0.74357
0.77202
0.79186
0.80323
0.80642
0.80214
0.79151
0.77589
0.75660
0.73460
0.71031
0.68365
0.65427
0.62190
0.58653
0.54852
0.50828
0.46601
0.42128
0.37300
0.31965
0.25976
0.19252
0.11831
0.03880
-0.04320
-0.12443
-0.20187
-0.27349
-0.33862
-0.39792
-0.45290
-0.50528
-0.55646
-0.60720
-0.65760
-0.70735
-0.75591
-0.80257
-0.84632
-0.88567
-0.91841
-0.94172
-0.95249
-0.94784
-0.92576
-0.88547
-0.82760
-0.75393
-0.66693
-0.56926
-0.46343
-0.35168
-0.23611
-0.11887
-0.00238
0.11083
0.21832
0.31818
0.40934
0.49163
0.56554
0.63175
0.69054
0.74143
0.78313
0.81380
0.83163
0.83557
0.82580
0.80398
0.77303
0.73658
0.69816
0.66050
0.62494
0.59136
0.55832
0.52361
0.48491
0.44036
0.38901
0.33103
0.26767
0.20101
0.13356
0.06770
0.00521
-0.05312
-0.10765
-0.15968
-0.21108
-0.26368
-0.31876
-0.37679
-0.43731
-0.49923
-0.56118
-0.62182
-0.68007
-0.73501
-0.78566
-0.83062
-0.86785
-0.89467
-0.90799
-0.90483
-0.88288
-0.84109
-0.77991
-0.70137
-0.60876
-0.50609
-0.39756
-0.28696
-0.17743
-0.07123
0.03014
0.12584
0.21551
0.29910
0.37672
0.44848
0.51436
0.57405
0.62685
0.67167
0.70727
0.73259
0.74709
0.75108
0.74576
0.73309
0.71537
0.69487
0.67330
0.65155
0.62951
0.60605
0.57936
0.54733
0.50809
0.46057
0.40480
0.34208
0.27467
0.20531
0.13650
0.06992
0.00609
-0.05561
-0.11652
-0.17809
-0.24134
-0.30642
-0.37262
-0.43863
-0.50302
-0.56466
-0.62301
-0.67805
-0.72987
-0.77822
-0.82209
-0.85950
-0.88776
-0.90398
-0.90570
-0.89148
-0.86114
-0.81577
-0.75726
-0.68780
-0.60938
-0.52353
-0.43130
-0.33353
-0.23114
-0.12540
-0.01807
0.08873
0.19268
0.29159
0.38367
0.46768
0.54293
0.60907
0.66586
0.71287
0.74940
0.77446
0.78709
0.78680
0.77395
0.75013
0.71800
0.68090
0.64205
0.60365
0.56627
0.52871
0.48837
0.44228
0.38819
0.32548
0.25553
0.18142
0.10696
0.03564
-0.03035
-0.09046
-0.14551
-0.19710
-0.24676
-0.29542
-0.34328
-0.39004
-0.43525
-0.47863
-0.52000
-0.55896
-0.59429
-0.62357
-0.64323
-0.64901
-0.63699
-0.60467
-0.55186
-0.48094
-0.39646
-0.30414
-0.20968
-0.11774
-0.03132
0.04821
0.12067
0.18648
0.24603
0.29935
0.34596
0.38494
0.41524
0.43590
0.44640
0.44684
0.43806
0.42160
0.39952
0.37413
0.34759
0.32152
0.29653
0.27209
0.24660
0.21777
0.18331
0.14155
0.09193
0.03510
-0.02728
-0.09306
-0.16004
-0.22647
-0.29118
-0.35351
-0.41313
-0.46972
-0.52266
-0.57087
-0.61270
-0.64595
-0.66809
-0.67653
-0.66903
-0.64418
-0.60172
-0.54280
-0.46992
-0.38666
-0.29721
-0.20574
-0.11581
-0.02987
0.05095
0.12676
0.19852
0.26754
0.33487
0.40085
0.46488
0.52533
0.57976
0.62536
0.65948
0.68027
0.68724
0.68150
0.66560
0.64301
0.61728
0.59109
0.56554
0.53991
0.51202
0.47908
0.43879
0.39011
0.33371
0.27156
0.20626
0.14007
0.07425
0.00885
-0.05694
-0.12419
-0.19351
-0.26475
-0.33704
-0.40917
-0.48016
-0.54952
-0.61721
-0.68315
-0.74647
-0.80489
-0.85446
-0.88991
-0.90563
-0.89692
-0.86116
-0.79867
-0.71273
-0.60901
-0.49444
-0.37595
-0.25932
-0.14846
-0.04515
0.05061
0.13996
0.22430
0.30452
0.38044
0.45084
0.51375
0.56709
0.60934
0.63996
0.65955
0.66957
0.67176
0.66760
0.65785
0.64247
0.62084
0.59229
0.55649
0.51381
0.46525
0.41222
0.35610
0.29789
0.23810
0.17680
0.11392
0.04954
-0.01599
-0.08205
-0.14799
-0.21337
-0.27816
-0.34278
-0.40784
-0.47386
-0.54088
-0.60810
-0.67377
-0.73520
-0.78903
-0.83159
-0.85936
-0.86932
-0.85933
-0.82835
-0.77662
-0.70570
-0.61840
-0.51861
-0.41091
-0.30015
-0.19089
-0.08685
0.00949
0.09710
0.17638
0.24880
0.31642
0.38126
0.44481
0.50761
0.56906
0.62756
0.68073
0.72589
0.76059
0.78305
0.79251
0.78935
0.77501
0.75173
0.72217
0.68887
0.65392
0.61851
0.58282
0.54602
0.50646
0.46216
0.41120
0.35234
0.28529
0.21088
0.13091
0.04776
-0.03607
-0.11840
-0.19769
-0.27308
-0.34436
-0.41177
-0.47578
-0.53698
-0.59598
-0.65339
-0.70977
-0.76546
-0.82027
-0.87312
-0.92173
-0.96260
-0.99138
-1.00359
-0.99557
-0.96536
-0.91318
-0.84137
-0.75380
-0.65493
-0.54891
-0.43898
-0.32737
-0.21551
-0.10451
0.00442
0.10987
0.21027
0.30425
0.39092
0.47004
0.54194
0.60718
0.66615
0.71871
0.76412
0.80108
0.82804
0.84361
0.84694
0.83806
0.81811
0.78929
0.75457
0.71713
0.67975
0.64414
0.61061
0.57799
0.54401
0.50584
0.46078
0.40683
0.34299
0.26946
0.18746
0.09905
0.00682
-0.08645
-0.17815
-0.26610
-0.34880
-0.42554
-0.49638
-0.56209
-0.62392
-0.68329
-0.74140
-0.79868
-0.85437
-0.90615
-0.95016
-0.98134
-0.99432
-0.98442
-0.94877
-0.88702
-0.80160
-0.69729
-0.58039
-0.45758
-0.33486
-0.21671
-0.10564
-0.00214
0.09490
0.18750
0.27759
0.36622
0.45288
0.53548
0.61068
0.67483
0.72489
0.75931
0.77845
0.78444
0.78055
0.77021
0.75607
0.73937
0.71976
0.69572
0.66526
0.62676
0.57954
0.52403
0.46149
0.39350
0.32144
0.24616
0.16804
0.08727
0.00422
-0.08037
-0.16538
-0.24952
-0.33162
-0.41095
-0.48726
-0.56073
-0.63169
-0.70031
-0.76615
-0.82793
-0.88335
-0.92912
-0.96128
-0.97567
-0.96863
-0.93774
-0.88236
-0.80402
-0.70627
-0.59427
-0.47405
-0.35159
-0.23205
-0.11910
-0.01462
0.08122
0.16955
0.25212
0.33064
0.40622
0.47911
0.54872
0.61388
0.67307
0.72467
0.76718
0.79934
0.82034
0.83002
0.82902
0.81878
0.80129
0.77867
0.75263
0.72401
0.69260
0.65727
0.61636
0.56828
0.51196
0.44720
0.37469
0.29579
0.21217
0.12541
0.03682
-0.05266
-0.14230
-0.23132
-0.31875
-0.40334
-0.48371
-0.55867
-0.62756
-0.69052
-0.74851
-0.80301
-0.85534
-0.90594
-0.95366
-0.99557
-1.02729
-1.04387
-1.04101
-1.01605
-0.96871
-0.90101
-0.81671
-0.72026
-0.61586
-0.50674
-0.39503
-0.28203
-0.16874
-0.05634
0.05362
0.15931
0.25900
0.35146
0.43622
0.51352
0.58405
0.64843
0.70689
0.75891
0.80332
0.83854
0.86298
0.87555
0.87594
0.86484
0.84380
0.81503
0.78093
0.74374
0.70506
0.66572
0.62557
0.58373
0.53875
0.48911
0.43356
0.37149
0.30310
0.22940
0.15195
0.07261
-0.00686
-0.08502
-0.16092
-0.23408
-0.30438
-0.37190
-0.43685
-0.49951
-0.56030
-0.61975
-0.67842
-0.73658
-0.79377
-0.84836
-0.89736
-0.93654
-0.96112
-0.96680
-0.95072
-0.91230
-0.85332
-0.77745
-0.68919
-0.59285
-0.49163
-0.38740
-0.28098
-0.17272
-0.06325
0.04612
0.15342
0.25631
0.35265
0.44089
0.52023
0.59048
0.65176
0.70422
0.74785
0.78252
0.80804
0.82423
0.83095
0.82794
0.81473
0.79069
0.75514
0.70763
0.64824
0.57780
0.49785
0.41050
0.31802
0.22255
0.12585
0.02919
-0.06653
-0.16067
-0.25269
-0.34217
-0.42885
-0.51266
-0.59355
-0.67121
-0.74450
-0.81101
-0.86691
-0.90726
-0.92691
-0.92178
-0.88992
-0.83221
-0.75226
-0.65557
-0.54828
-0.43585
-0.32220
-0.20950
-0.09852
0.01057
0.11744
0.22107
0.31972
0.41123
0.49351
0.56496
0.62474
0.67278
0.70961
0.73612
0.75329
0.76198
0.76280
0.75605
0.74181
0.72003
0.69069
0.65382
0.60962
0.55835
0.50037
0.43611
0.36606
0.29080
0.21103
0.12753
0.04104
-0.04775
-0.13828
-0.23009
-0.32270
-0.41551
-0.50774
-0.59835
-0.68611
-0.76946
-0.84654
-0.91495
-0.97173
-1.01341
-1.03632
-1.03713
-1.01346
-0.96453
-0.89149
-0.79743
-0.68706
-0.56606
-0.44037
-0.31546
-0.19572
-0.08405
0.01829
0.11149
0.19673
0.27566
0.34974
0.41990
0.48630
0.54839
0.60516
0.65534
0.69773
0.73130
0.75536
0.76956
0.77391
0.76877
0.75481
0.73293
0.70414
0.66943
0.62957
0.58501
0.53571
0.48126
0.42106
0.35468
0.28224
0.20470
0.12383
0.04191
-0.03882
-0.11675
-0.19135
-0.26321
-0.33360
-0.40383
-0.47451
-0.54493
-0.61292
-0.67508
-0.72731
-0.76554
-0.78636
-0.78750
-0.76804
-0.72843
-0.67037
-0.59648
-0.51003
-0.41455
-0.31354
-0.21025
-0.10763
-0.00824
0.08568
0.17225
0.24998
0.31775
0.37477
0.42047
0.45437
0.47600
0.48492
0.48093
0.46435
0.43629
0.39875
0.35448
0.30664
0.25820
0.21140
0.16735
0.12594
0.08603
0.04591
0.00394
-0.04106
-0.08942
-0.14056
-0.19299
-0.24441
-0.29181
-0.33161
-0.35991
-0.37296
-0.36770
-0.34252
-0.29772
-0.23579
-0.16106
-0.07909
0.00434
0.08408
0.15631
0.21875
0.27041
0.31114
0.34100
0.35986
0.36725
0.36257
0.34544
0.31600
0.27502
0.22367
0.16328
0.09501
0.01991
-0.06079
-0.14519
-0.23027
-0.31181
-0.38481
-0.44432
-0.48642
-0.50901
-0.51209
-0.49744
-0.46787
-0.42629
-0.37500
-0.31538
-0.24804
-0.17330
-0.09175
-0.00469
0.08568
0.17643
0.26425
0.34593
0.41879
0.48091
0.53122
0.56923
0.59478
0.60765
0.60734
0.59302
0.56372
0.51872
0.45805
0.38287
0.29569
0.20015
0.10046
0.00069
-0.09596
-0.18754
-0.27328
-0.35316
-0.42718
-0.49478
-0.55445
-0.60389
-0.64039
-0.66155
-0.66588
-0.65313
-0.62424
-0.58089
-0.52496
-0.45804
-0.38124
-0.29544
-0.20165
-0.10146
0.00278
0.10809
0.21128
0.30941
0.40011
0.48167
0.55280
0.61229
0.65876
0.69065
0.70640
0.70476
0.68516
0.64783
0.59379
0.52471
0.44280
0.35067
0.25133
0.14804
0.04410
-0.05756
-0.15474
-0.24627
-0.33197
-0.41225
-0.48744
-0.55713
-0.61964
-0.67200
-0.71035
-0.73088
-0.73073
-0.70884
-0.66625
-0.60595
-0.53220
-0.44964
-0.36243
-0.27362
-0.18487
-0.09661
-0.00848
0.08012
0.16947
0.25913
0.34779
0.43325
0.51273
0.58320
0.64184
0.68647
0.71573
0.72925
0.72734
0.71076
0.68022
0.63614
0.57847
0.50697
0.42157
0.32286
0.21246
0.09300
-0.03206
-0.15891
-0.28374
-0.40293
-0.51297
-0.61030
-0.69122
-0.75215
-0.79013
-0.80341
-0.79203
-0.75800
-0.70498
-0.63762
-0.56070
-0.47830
-0.39335
-0.30752
-0.22149
-0.13554
-0.04997
0.03449
0.11665
0.19505
0.26838
0.33594
0.39787
0.45507
0.50875
0.55972
0.60772
0.65102
0.68666
0.71112
0.72142
0.71603
0.69548
0.66221
0.61986
0.57207
0.52139
0.46851
0.41224
0.35007
0.27925
0.19796
0.10610
0.00553
-0.10040
-0.20776
-0.31304
-0.41394
-0.50957
-0.60007
-0.68585
-0.76675
-0.84135
-0.90691
-0.95968
-0.99565
-1.01147
-1.00509
-0.97620
-0.92618
-0.85777
-0.77454
-0.68042
-0.57928
-0.47471
-0.36984
-0.26725
-0.16876
-0.07535
0.01285
0.09650
0.17684
0.25531
0.33321
0.41128
0.48937
0.56628
0.63980
0.70701
0.76487
0.81083
0.84346
0.86268
0.86978
0.86700
0.85695
0.84203
0.82400
0.80377
0.78133
0.75589
0.72603
0.68992
0.64556
0.59106
0.52506
0.44698
0.35726
0.25744
0.14997
0.03789
-0.07553
-0.18715
-0.29427
-0.39468
-0.48681
-0.56974
-0.64333
-0.70828
-0.76614
-0.81900
-0.86905
-0.91774
-0.96514
-1.00944
-1.04701
-1.07298
-1.08238
-1.07138
-1.03823
-0.98365
-0.91044
-0.82245
-0.72339
-0.61596
-0.50146
-0.38033
-0.25297
-0.12078
0.01338
0.14535
0.27059
0.38536
0.48773
0.57792
0.65794
0.73057
0.79814
0.86159
0.91999
0.97073
1.01026
1.03510
1.04278
1.03253
1.00555
0.96470
0.91389
0.85714
0.79766
0.73710
0.67513
0.60950
0.53659
0.45228
0.35310
0.23731
0.10568
-0.03831
-0.18891
-0.33925
-0.48278
-0.61473
-0.73299
-0.83811
-0.93228
-1.01781
-1.09543
-1.16325
-1.21662
-1.24907
-1.25399
-1.22652
-1.16498
-1.07140
-0.95117
-0.81178
-0.66145
-0.50767
-0.35635
-0.21135
-0.07451
0.05394
0.17489
0.28964
0.39931
0.50441
0.60453
0.69833
0.78371
0.85816
0.91907
0.96414
0.99172
1.00100
0.99224
0.96679
0.92717
0.87681
0.81972
0.75979
0.70000
0.64154
0.58333
0.52197
0.45241
0.36932
0.26862
0.14898
0.01252
-0.13536
-0.28733
-0.43595
-0.57549
-0.70304
-0.81842
-0.92299
-1.01777
-1.10168
-1.17062
-1.21786
-1.23559
-1.21725
-1.15970
-1.06450
-0.93781
-0.78901
-0.62848
-0.46534
-0.30595
-0.15340
-0.00806
0.13109
0.26509
0.39388
0.51584
0.62800
0.72669
0.80847
0.87085
0.91286
0.93516
0.93987
0.93014
0.90961
0.88171
0.84919
0.81366
0.77539
0.73324
0.68478
0.62666
0.55510
0.46658
0.35861
0.23042
0.08332
-0.07932
-0.25265
-0.43114
-0.60953
-0.78321
-0.94818
-1.10032
-1.23452
-1.34410
-1.42095
-1.45682
-1.44517
-1.38332
-1.27382
-1.12459
-0.94764
-0.75669
-0.56448
-0.38046
-0.20956
-0.05218
0.09469
0.23560
0.37467
0.51400
0.65284
0.78776
0.91353
1.02451
1.11615
1.18606
1.23436
1.26325
1.27583
1.27471
1.26061
1.23173
1.18396
1.11196
1.01088
0.87816
0.71480
0.52582
0.31960
0.10650
-0.10305
-0.30030
-0.47942
-0.63799
-0.77669
-0.89838
-1.00683
-1.10537
-1.19577
-1.27742
-1.34712
-1.39939
-1.42735
-1.42404
-1.38404
-1.30477
-1.18742
-1.03711
-0.86208
-0.67233
-0.47777
-0.28644
-0.10334
0.06989
0.23433
0.39240
0.54608
0.69551
0.83819
0.96926
1.08265
1.17269
1.23562
1.27055
1.27953
1.26681
1.23748
1.19607
1.14546
1.08643
1.01790
0.93774
0.84367
0.73420
0.60903
0.46933
0.31752
0.15704
-0.00802
-0.17322
-0.33412
-0.48660
-0.62715
-0.75310
-0.86286
-0.95594
-1.03294
-1.09545
-1.14582
-1.18691
-1.22157
-1.25206
-1.27931
-1.30233
-1.31786
-1.32064
-1.30412
-1.26175
-1.18838
-1.08147
-0.94182
-0.77358
-0.58356
-0.38009
-0.17156
0.03474
0.23345
0.42136
0.59705
0.76022
0.91076
1.04807
1.17061
1.27593
1.36106
1.42330
1.46092
1.47382
1.46371
1.43378
1.38801
1.33024
1.26328
1.18841
1.10531
1.01247
0.90792
0.78999
0.65802
0.51275
0.35645
0.19270
0.02608
-0.13845
-0.29608
-0.44268
-0.57513
-0.69151
-0.79116
-0.87452
-0.94306
-0.99896
-1.04484
-1.08343
-1.11711
-1.14752
-1.17514
-1.19904
-1.21680
-1.22474
-1.21832
-1.19290
-1.14453
-1.07065
-0.97068
-0.84614
-0.70050
-0.53862
-0.36600
-0.18811
-0.00984
0.16470
0.33221
0.49000
0.63579
0.76748
0.88305
0.98053
1.05806
1.11410
1.14770
1.15884
1.14858
1.11895
1.07269
1.01275
0.94186
0.86217
0.77509
0.68144
0.58163
0.47607
0.36542
0.25089
0.13425
0.01774
-0.09614
-0.20497
-0.30677
-0.40027
-0.48513
-0.56191
-0.63183
-0.69633
-0.75656
-0.81280
-0.86413
-0.90830
-0.94194
-0.96101
-0.96152
-0.94014
-0.89483
-0.82519
-0.73256
-0.61985
-0.49127
-0.35180
-0.20669
-0.06086
0.08158
0.21767
0.34574
0.46515
0.57583
0.67766
0.76986
0.85064
0.91724
0.96642
0.99519
1.00164
0.98548
0.94818
0.89266
0.82259
0.74162
0.65277
0.55807
0.45858
0.35472
0.24674
0.13525
0.02154
-0.09235
-0.20378
-0.30996
-0.40846
-0.49767
-0.57706
-0.64715
-0.70919
-0.76463
-0.81450
-0.85899
-0.89715
-0.92691
-0.94531
-0.94886
-0.93403
-0.89776
-0.83806
-0.75452
-0.64880
-0.52469
-0.38788
-0.24516
-0.10330
0.03213
0.15765
0.27216
0.37654
0.47267
0.56224
0.64579
0.72219
0.78881
0.84225
0.87923
0.89749
0.89630
0.87660
0.84062
0.79137
0.73192
0.66497
0.59251
0.51571
0.43509
0.35065
0.26215
0.16942
0.07263
-0.02749
-0.12951
-0.23142
-0.33084
-0.42546
-0.51345
-0.59378
-0.66620
-0.73098
-0.78831
-0.83760
-0.87704
-0.90346
-0.91276
-0.90077
-0.86428
-0.80192
-0.71465
-0.60560
-0.47955
-0.34214
-0.19903
-0.05538
0.08455
0.21748
0.34102
0.45359
0.55411
0.64181
0.71596
0.77576
0.82038
0.84922
0.86216
0.85977
0.84337
0.81470
0.77551
0.72724
0.67077
0.60661
0.53526
0.45755
0.37488
0.28909
0.20204
0.11508
0.02869
-0.05749
-0.14425
-0.23217
-0.32103
-0.40956
-0.49567
-0.57705
-0.65180
-0.71892
-0.77838
-0.83061
-0.87586
-0.91353
-0.94183
-0.95798
-0.95883
-0.94166
-0.90488
-0.84831
-0.77320
-0.68173
-0.57666
-0.46089
-0.33734
-0.20893
-0.07864
0.05056
0.17576
0.29439
0.40437
0.50420
0.59293
0.67003
0.73520
0.78831
0.82928
0.85811
0.87489
0.87985
0.87337
0.85612
0.82903
0.79340
0.75080
0.70288
0.65115
0.59669
0.53997
0.48085
0.41886
0.35347
0.28450
0.21218
0.13719
0.06035
-0.01756
-0.09594
-0.17436
-0.25234
-0.32918
-0.40387
-0.47518
-0.54198
-0.60362
-0.66019
-0.71251
-0.76168
-0.80834
-0.85179
-0.88947
-0.91690
-0.92840
-0.91840
-0.88290
-0.82067
-0.73371
-0.62685
-0.50659
-0.37962
-0.25160
-0.12641
-0.00611
0.10857
0.21755
0.32074
0.41757
0.50685
0.58692
0.65586
0.71182
0.75335
0.77967
0.79084
0.78789
0.77267
0.74764
0.71538
0.67804
0.63687
0.59198
0.54251
0.48711
0.42460
0.35461
0.27787
0.19623
0.11218
0.02829
-0.05339
-0.13173
-0.20656
-0.27854
-0.34873
-0.41828
-0.48802
-0.55832
-0.62893
-0.69883
-0.76615
-0.82801
-0.88061
-0.91945
-0.93982
-0.93755
-0.90979
-0.85562
-0.77636
-0.67554
-0.55840
-0.43122
-0.30050
-0.17206
-0.05039
0.06183
0.16380
0.25622
0.34064
0.41856
0.49077
0.55703
0.61614
0.66650
0.70668
0.73603
0.75480
0.76410
0.76546
0.76041
0.75008
0.73514
0.71579
0.69207
0.66401
0.63181
0.59582
0.55641
0.51380
0.46796
0.41856
0.36514
0.30729
0.24485
0.17798
0.10706
0.03256
-0.04511
-0.12563
-0.20855
-0.29307
-0.37774
-0.46048
-0.53888
-0.61073
-0.67473
-0.73094
-0.78086
-0.82690
-0.87146
-0.91577
-0.95896
-0.99771
-1.02662
-1.03924
-1.02961
-0.99371
-0.93054
-0.84238
-0.73423
-0.61266
-0.48438
-0.35508
-0.22868
-0.10727
0.00850
0.11877
0.22388
0.32393
0.41858
0.50714
0.58866
0.66207
0.72631
0.78038
0.82349
0.85510
0.87513
0.88393
0.88230
0.87136
0.85233
0.82640
0.79455
0.75751
0.71574
0.66947
0.61872
0.56341
0.50353
0.43924
0.37105
0.29988
0.22685
0.15314
0.07959
0.00651
-0.06634
-0.13960
-0.21397
-0.28973
-0.36646
-0.44276
-0.51646
-0.58495
-0.64593
-0.69806
-0.74158
-0.77834
-0.81131
-0.84346
-0.87655
-0.90995
-0.94016
-0.96117
-0.96568
-0.94681
-0.89991
-0.82386
-0.72141
-0.59862
-0.46350
-0.32423
-0.18762
-0.05811
0.06247
0.17449
0.27949
0.37919
0.47446
0.56485
0.64855
0.72279
0.78458
0.83152
0.86246
0.87790
0.87998
0.87196
0.85752
0.83977
0.82057
0.80015
0.77734
0.75009
0.71625
0.67423
0.62335
0.56389
0.49683
0.42360
0.34575
0.26487
0.18245
0.09990
0.01835
-0.06145
-0.13933
-0.21565
-0.29111
-0.36633
-0.44139
-0.51542
-0.58660
-0.65237
-0.71018
-0.75824
-0.79626
-0.82575
-0.84977
-0.87211
-0.89602
-0.92301
-0.95186
-0.97841
-0.99610
-0.99731
-0.97515
-0.92521
-0.84684
-0.74341
-0.62168
-0.49028
-0.35783
-0.23119
-0.11420
-0.00735
0.09164
0.18654
0.28102
0.37721
0.47483
0.57123
0.66212
0.74280
0.80953
0.86039
0.89565
0.91731
0.92837
0.93177
0.92963
0.92295
0.91164
0.89499
0.87222
0.84289
0.80714
0.76562
0.71921
0.66869
0.61438
0.55607
0.49307
0.42455
0.35002
0.26978
0.18518
0.09843
0.01221
-0.07110
-0.15003
-0.22440
-0.29519
-0.36406
-0.43253
-0.50131
-0.56991
-0.63673
-0.69967
-0.75688
-0.80757
-0.85238
-0.89321
-0.93239
-0.97158
-1.01054
-1.04650
-1.07419
-1.08678
-1.07741
-1.04100
-0.97556
-0.88279
-0.76773
-0.63748
-0.49968
-0.36095
-0.22599
-0.09727
0.02449
0.13961
0.24855
0.35130
0.44715
0.53476
0.61261
0.67943
0.73455
0.77803
0.81056
0.83319
0.84701
0.85288
0.85134
0.84268
0.82712
0.80507
0.77727
0.74478
0.70884
0.67055
0.63059
0.58907
0.54555
0.49925
0.44943
0.39580
0.33877
0.27949
0.21961
0.16078
0.10414
0.04992
-0.00269
-0.05534
-0.11002
-0.16846
-0.23156
-0.29907
-0.36953
-0.44061
-0.50958
-0.57396
-0.63199
-0.68286
-0.72684
-0.76499
-0.79889
-0.83013
-0.85981
-0.88813
-0.91399
-0.93484
-0.94691
-0.94563
-0.92652
-0.88609
-0.82268
-0.73699
-0.63200
-0.51260
-0.38465
-0.25413
-0.12616
-0.00448
0.10891
0.21358
0.31031
0.40047
0.48539
0.56584
0.64172
0.71192
0.77455
0.82731
0.86805
0.89521
0.90820
0.90758
0.89493
0.87262
0.84343
0.81014
0.77506
0.73969
0.70443
0.66851
0.63021
0.58727
0.53760
0.47994
0.41433
0.34228
0.26645
0.18997
0.11572
0.04564
-0.01958
-0.08046
-0.13849
-0.19556
-0.25351
-0.31363
-0.37633
-0.44095
-0.50585
-0.56861
-0.62652
-0.67709
-0.71864
-0.75077
-0.77449
-0.79222
-0.80720
-0.82267
-0.84096
-0.86247
-0.88525
-0.90497
-0.91565
-0.91095
-0.88560
-0.83676
-0.76466
-0.67256
-0.56582
-0.45050
-0.33188
-0.21348
-0.09668
0.01879
0.13386
0.24901
0.36344
0.47489
0.58009
0.67554
0.75841
0.82711
0.88143
0.92221
0.95084
0.96875
0.97710
0.97673
0.96830
0.95243
0.92978
0.90098
0.86635
0.82579
0.77867
0.72409
0.66125
0.58995
0.51089
0.42577
0.33700
0.24721
0.15867
0.07291
-0.00945
-0.08852
-0.16480
-0.23883
-0.31092
-0.38099
-0.44855
-0.51282
-0.57278
-0.62735
-0.67552
-0.71662
-0.75049
-0.77778
-0.80001
-0.81938
-0.83832
-0.85879
-0.88141
-0.90493
-0.92598
-0.93960
-0.94012
-0.92253
-0.88361
-0.82276
-0.74206
-0.64559
-0.53840
-0.42533
-0.31017
-0.19528
-0.08177
0.03011
0.14037
0.24877
0.35458
0.45655
0.55305
0.64242
0.72329
0.79481
0.85665
0.90892
0.95184
0.98549
1.00966
1.02385
1.02744
1.01999
1.00143
0.97215
0.93293
0.88462
0.82793
0.76326
0.69075
0.61056
0.52320
0.42975
0.33201
0.23225
0.13292
0.03620
-0.05629
-0.14357
-0.22524
-0.30124
-0.37165
-0.43650
-0.49577
-0.54937
-0.59721
-0.63922
-0.67539
-0.70583
-0.73084
-0.75104
-0.76751
-0.78178
-0.79564
-0.81073
-0.82796
-0.84694
-0.86564
-0.88050
-0.88698
-0.88045
-0.85716
-0.81501
-0.75384
-0.67522
-0.58197
-0.47743
-0.36494
-0.24754
-0.12794
-0.00865
0.10799
0.21985
0.32520
0.42297
0.51279
0.59496
0.67010
0.73879
0.80114
0.85663
0.90402
0.94166
0.96779
0.98095
0.98035
0.96608
0.93917
0.90158
0.85588
0.80490
0.75119
0.69660
0.64186
0.58655
0.52920
0.46779
0.40026
0.32521
0.24244
0.15317
0.06001
-0.03350
-0.12355
-0.20681
-0.28112
-0.34588
-0.40200
-0.45158
-0.49729
-0.54160
-0.58626
-0.63191
-0.67822
-0.72418
-0.76862
-0.81053
-0.84921
-0.88404
-0.91409
-0.93771
-0.95241
-0.95510
-0.94266
-0.91274
-0.86442
-0.79848
-0.71715
-0.62355
-0.52086
-0.41183
-0.29854
-0.18262
-0.06563
0.05052
0.16351
0.27091
0.37064
0.46148
0.54331
0.61688
0.68330
0.74339
0.79709
0.84334
0.88039
0.90637
0.92008
0.92149
0.91184
0.89334
0.86850
0.83942
0.80726
0.77206
0.73292
0.68842
0.63716
0.57823
0.51144
0.43739
0.35731
0.27282
0.18576
0.09791
0.01084
-0.07426
-0.15664
-0.23599
-0.31235
-0.38591
-0.45678
-0.52486
-0.58977
-0.65090
-0.70764
-0.75955
-0.80636
-0.84790
-0.88379
-0.91312
-0.93430
-0.94523
-0.94372
-0.92812
-0.89786
-0.85364
-0.79721
-0.73083
-0.65651
-0.57546
-0.48802
-0.39394
-0.29306
-0.18603
-0.07471
0.03783
0.14785
0.25165
0.34630
0.43007
0.50240
0.56365
0.61464
0.65622
0.68904
0.71345
0.72960
0.73751
0.73722
0.72893
0.71307
0.69048
0.66244
0.63072
0.59733
0.56426
0.53305
0.50436
0.47783
0.45208
0.42510
0.39475
0.35937
0.31812
0.27117
0.21954
0.16479
0.10860
0.05243
-0.00269
-0.05619
-0.10796
-0.15821
-0.20739
-0.25608
-0.30490
-0.35429
-0.40438
-0.45475
-0.50442
-0.55194
-0.59574
-0.63450
-0.66745
-0.69459
-0.71649
-0.73407
-0.74808
-0.75868
-0.76508
-0.76541
-0.75686
-0.73608
-0.69986
-0.64595
-0.57383
-0.48517
-0.38392
-0.27563
-0.16644
-0.06174
0.03496
0.12258
0.20232
0.27682
0.34888
0.42026
0.49092
0.55890
0.62090
0.67331
0.71324
0.73937
0.75222
0.75382
0.74712
0.73516
0.72036
0.70415
0.68695
0.66832
0.64740
0.62327
0.59525
0.56300
0.52646
0.48578
0.44109
0.39242
0.33969
0.28276
0.22164
0.15655
0.08807
0.01710
-0.05533
-0.12819
-0.20066
-0.27220
-0.34245
-0.41117
-0.47806
-0.54271
-0.60467
-0.66349
-0.71900
-0.77134
-0.82107
-0.86893
-0.91547
-0.96042
-1.00217
-1.03739
-1.06119
-1.06778
-1.05163
-1.00886
-0.93832
-0.84219
-0.72560
-0.59565
-0.45990
-0.32493
-0.19531
-0.07322
0.04123
0.14937
0.25303
0.35382
0.45253
0.54898
0.64199
0.72965
0.80970
0.87996
0.93876
0.98529
1.01966
1.04289
1.05656
1.06232
1.06142
1.05441
1.04104
1.02050
0.99174
0.95397
0.90688
0.85078
0.78646
0.71488
0.63695
0.55335
0.46456
0.37102
0.27328
0.17219
0.06896
-0.03497
-0.13808
-0.23906
-0.33697
-0.43119
-0.52130
-0.60681
-0.68694
-0.76056
-0.82638
-0.88337
-0.93121
-0.97067
-1.00366
-1.03296
-1.06151
-1.09142
-1.12313
-1.15473
-1.18199
-1.19907
-1.19969
-1.17873
-1.13348
-1.06435
-0.97461
-0.86944
-0.75446
-0.63440
-0.51235
-0.38968
-0.26664
-0.14319
-0.01967
0.10289
0.22288
0.33851
0.44825
0.55103
0.64635
0.73408
0.81417
0.88637
0.95007
1.00426
1.04761
1.07880
1.09679
1.10120
1.09260
1.07261
1.04385
1.00951
0.97285
0.93650
0.90197
0.86931
0.83726
0.80359
0.76574
0.72142
0.66913
0.60834
0.53953
0.46396
0.38345
0.30008
0.21598
0.13320
0.05344
-0.02217
-0.09331
-0.16065
-0.22581
-0.29093
-0.35814
-0.42878
-0.50290
-0.57902
-0.65435
-0.72542
-0.78887
-0.84232
-0.88493
-0.91772
-0.94327
-0.96521
-0.98725
-1.01213
-1.04067
-1.07119
-1.09945
-1.11930
-1.12388
-1.10717
-1.06544
-0.99817
-0.90821
-0.80104
-0.68346
-0.56204
-0.44187
-0.32590
-0.21498
-0.10856
-0.00557
0.09464
0.19183
0.28479
0.37168
0.45067
0.52058
0.58124
0.63348
0.67880
0.71872
0.75416
0.78505
0.81031
0.82817
0.83679
0.83483
0.82191
0.79877
0.76715
0.72951
0.68856
0.64690
0.60674
0.56967
0.53661
0.50776
0.48272
0.46055
0.44007
0.42008
0.39966
0.37827
0.35579
0.33227
0.30777
0.28206
0.25464
0.22480
0.19192
0.15570
0.11637
0.07470
0.03178
-0.01127
-0.05361
-0.09493
-0.13556
-0.17633
-0.21836
-0.26263
-0.30974
-0.35961
-0.41155
-0.46436
-0.51671
-0.56749
-0.61628
-0.66356
-0.71075
-0.75985
-0.81285
-0.87079
-0.93287
-0.99580
-1.05377
-1.09918
-1.12406
-1.12187
-1.08912
-1.02638
-0.93820
-0.83196
-0.71612
-0.59823
-0.48348
-0.37406
-0.26954
-0.16790
-0.06691
0.03475
0.13687
0.23787
0.33537
0.42703
0.51126
0.58743
0.65569
0.71644
0.76977
0.81508
0.85105
0.87607
0.88878
0.88874
0.87686
0.85544
0.82789
0.79816
0.77001
0.74633
0.72868
0.71700
0.70974
0.70423
0.69721
0.68562
0.66719
0.64093
0.60733
0.56818
0.52604
0.48359
0.44284
0.40461
0.36826
0.33175
0.29214
0.24627
0.19147
0.12616
0.05025
-0.03494
-0.12695
-0.22276
-0.31942
-0.41456
-0.50672
-0.59549
-0.68127
-0.76502
-0.84793
-0.93101
-1.01478
-1.09892
-1.18184
-1.26038
-1.32971
-1.38374
-1.41592
-1.42059
-1.39428
-1.33680
-1.25143
-1.14433
-1.02318
-0.89544
-0.76694
-0.64107
-0.51889
-0.39985
-0.28287
-0.16723
-0.05309
0.05848
0.16587
0.26732
0.36136
0.44700
0.52387
0.59205
0.65199
0.70424
0.74930
0.78751
0.81893
0.84340
0.86058
0.87014
0.87200
0.86655
0.85486
0.83870
0.82040
0.80248
0.78707
0.77542
0.76744
0.76161
0.75531
0.74545
0.72935
0.70552
0.67418
0.63722
0.59777
0.55919
0.52416
0.49378
0.46721
0.44182
0.41394
0.37978
0.33644
0.28267
0.21911
0.14807
0.07283
-0.00330
-0.07796
-0.15046
-0.22212
-0.29592
-0.37560
-0.46435
-0.56331
-0.67048
-0.78039
-0.88476
-0.97426
-1.04076
-1.07968
-1.09148
-1.08185
-1.06044
-1.03847
-1.02580
-1.02846
-1.04722
-1.07765
-1.11142
-1.13847
-1.14936
-1.13706
-1.09801
-1.03217
-0.94240
-0.83349
-0.71107
-0.58080
-0.44768
-0.31563
-0.18722
-0.06362
0.05514
0.16969
0.28063
0.38789
0.49037
0.58592
0.67176
0.74505
0.80364
0.84657
0.87434
0.88886
0.89310
0.89051
0.88441
0.87748
0.87133
0.86640
0.86208
0.85704
0.84971
0.83882
0.82378
0.80484
0.78304
0.75982
0.73655
0.71406
0.69229
0.67015
0.64571
0.61661
0.58059
0.53606
0.48252
0.42067
0.35224
0.27953
0.20481
0.12992
0.05607
-0.01607
-0.08609
-0.15355
-0.21788
-0.27855
-0.33533
-0.38874
-0.44009
-0.49126
-0.54402
-0.59913
-0.65543
-0.70947
-0.75578
-0.78797
-0.80032
-0.78949
-0.75574
-0.70337
-0.64004
-0.57539
-0.51926
-0.48009
-0.46373
-0.47292
-0.50721
-0.56310
-0.63446
-0.71299
-0.78904
-0.85264
-0.89478
-0.90866
-0.89072
-0.84109
-0.76332
-0.66357
-0.54926
-0.42772
-0.30500
-0.18520
-0.07038
0.03909
0.14391
0.24509
0.34350
0.43946
0.53264
0.62207
0.70619
0.78306
0.85058
0.90676
0.95014
0.98004
0.99668
1.00108
0.99470
0.97895
0.95483
0.92270
0.88236
0.83344
0.77590
0.71042
0.63870
0.56335
0.48751
0.41428
0.34613
0.28441
0.22910
0.17885
0.13132
0.08371
0.03343
-0.02146
-0.08194
-0.14815
-0.21965
-0.29576
-0.37579
-0.45895
-0.54397
-0.62868
-0.70965
-0.78233
-0.84165
-0.88310
-0.90399
-0.90416
-0.88600
-0.85338
-0.80977
-0.75626
-0.69008
-0.60463
-0.49119
-0.34209
-0.15447
0.06671
0.30747
0.54631
0.75804
0.91913
1.01304
1.03406
0.98858
0.89328
0.77087
0.64434
0.53141
0.44050
0.36961
0.30806
0.24075
0.15341
0.03735
-0.10789
-0.27451
-0.44897
-0.61569
-0.76072
-0.87407
-0.95015
-0.98684
-0.98398
-0.94233
-0.86348
-0.75073
-0.61030
-0.45197
-0.28858
-0.13410
-0.00081
0.10366
0.17825
0.22849
0.26450
0.29740
0.33533
0.38056
0.42871
0.47052
0.49528
0.49473
0.46594
0.41204
0.34083
0.26198
0.18402
0.11224
0.04806
-0.01002
-0.06482
-0.11875
-0.17277
-0.22610
-0.27662
-0.32145
-0.35749
-0.38160
-0.39063
-0.38148
-0.35123
-0.29759
-0.21945
-0.11742
0.00584
0.14565
0.29561
0.44814
0.59505
0.72814
0.83978
0.92350
0.97472
0.99125
0.97357
0.92464
0.84914
0.75256
0.64022
0.51675
0.38611
0.25199
0.11823
-0.01090
-0.13098
-0.23800
-0.32918
-0.40356
-0.46233
-0.50865
-0.54712
-0.58296
-0.62107
-0.66502
-0.71625
-0.77347
-0.83243
-0.88626
-0.92639
-0.94388
-0.93111
-0.88330
-0.79954
-0.68309
-0.54083
-0.38194
-0.21630
-0.05279
0.10181
0.24332
0.36982
0.48073
0.57572
0.65378
0.71286
0.75009
0.76259
0.74838
0.70731
0.64155
0.55547
0.45509
0.34707
0.23774
0.13219
0.03395
-0.05509
-0.13430
-0.20387
-0.26451
-0.31725
-0.36346
-0.40476
-0.44274
-0.47849
-0.51183
-0.54070
-0.56094
-0.56668
-0.55137
-0.50926
-0.43692
-0.33435
-0.20530
-0.05687
0.10168
0.26039
0.41011
0.54357
0.65594
0.74483
0.80974
0.85131
0.87051
0.86807
0.84426
0.79901
0.73230
0.64478
0.53827
0.41618
0.28351
0.14632
0.01090
-0.11737
-0.23499
-0.34089
-0.43638
-0.52435
-0.60799
-0.68927
-0.76769
-0.83965
-0.89868
-0.93667
-0.94575
-0.92029
-0.85864
-0.76381
-0.64312
-0.50671
-0.36546
-0.22880
-0.10304
0.00933
0.10935
0.20043
0.28678
0.37182
0.45706
0.54172
0.62298
0.69680
0.75897
0.80608
0.83622
0.84919
0.84631
0.82978
0.80199
0.76472
0.71871
0.66349
0.59765
0.51944
0.42750
0.32158
0.20308
0.07506
-0.05802
-0.19105
-0.31928
-0.43919
-0.54916
-0.64951
-0.74193
-0.82828
-0.90921
-0.98309
-1.04552
-1.08999
-1.10932
-1.09761
-1.05213
-0.97437
-0.87005
-0.74795
-0.61795
-0.48891
-0.36705
-0.25506
-0.15231
-0.05577
0.03858
0.13436
0.23364
0.33639
0.44042
0.54194
0.63639
0.71938
0.78745
0.83852
0.87195
0.88834
0.88927
0.87690
0.85378
0.82252
0.78555
0.74483
0.70150
0.65578
0.60694
0.55362
0.49429
0.42776
0.35357
0.27216
0.18479
0.09319
-0.00075
-0.09527
-0.18892
-0.28052
-0.36917
-0.45428
-0.53573
-0.61405
-0.69045
-0.76643
-0.84304
-0.91986
-0.99403
-1.05994
-1.10972
-1.13471
-1.12756
-1.08422
-1.00525
-0.89581
-0.76447
-0.62105
-0.47441
-0.33081
-0.19335
-0.06246
0.06294
0.18409
0.30146
0.41429
0.52088
0.61900
0.70651
0.78170
0.84342
0.89098
0.92403
0.94247
0.94657
0.93712
0.91560
0.88417
0.84546
0.80220
0.75668
0.71041
0.66391
0.61678
0.56801
0.51640
0.46094
0.40097
0.33620
0.26649
0.19166
0.11134
0.02512
-0.06720
-0.16522
-0.26769
-0.37263
-0.47779
-0.58131
-0.68247
-0.78191
-0.88131
-0.98234
-1.08528
-1.18777
-1.28408
-1.36553
-1.42187
-1.44341
-1.42337
-1.35961
-1.25521
-1.11790
-0.95829
-0.78765
-0.61588
-0.45005
-0.29401
-0.14865
-0.01287
0.11543
0.23845
0.35784
0.47443
0.58809
0.69780
0.80176
0.89760
0.98267
1.05437
1.11056
1.14985
1.17190
1.17746
1.16829
1.14693
1.11631
1.07935
1.03861
0.99594
0.95233
0.90782
0.86162
0.81231
0.75810
0.69710
0.62766
0.54859
0.45935
0.36015
0.25196
0.13633
0.01520
-0.10944
-0.23568
-0.36176
-0.48594
-0.60635
-0.72095
-0.82771
-0.92509
-1.01250
-1.09073
-1.16176
-1.22809
-1.29160
-1.35218
-1.40690
-1.44991
-1.47345
-1.46965
-1.43273
-1.36073
-1.25613
-1.12531
-0.97686
-0.81946
-0.66006
-0.50285
-0.34931
-0.19903
-0.05093
0.09567
0.24046
0.38212
0.51867
0.64796
0.76804
0.87725
0.97425
1.05781
1.12673
1.17985
1.21613
1.23491
1.23610
1.22046
1.18965
1.14620
1.09325
1.03417
0.97197
0.90879
0.84550
0.78145
0.71471
0.64253
0.56207
0.47121
0.36925
0.25715
0.13751
0.01400
-0.10930
-0.22865
-0.34115
-0.44493
-0.53915
-0.62378
-0.69946
-0.76744
-0.82951
-0.88783
-0.94451
-1.00091
-1.05671
-1.10923
-1.15322
-1.18140
-1.18585
-1.15988
-1.09983
-1.00628
-0.88413
-0.74152
-0.58792
-0.43203
-0.28013
-0.13535
0.00200
0.13330
0.26018
0.38332
0.50181
0.61319
0.71405
0.80082
0.87061
0.92177
0.95424
0.96945
0.97002
0.95906
0.93955
0.91367
0.88241
0.84552
0.80190
0.75010
0.68899
0.61830
0.53868
0.45167
0.35916
0.26302
0.16462
0.06481
-0.03604
-0.13764
-0.23946
-0.34047
-0.43904
-0.53323
-0.62114
-0.70153
-0.77424
-0.84039
-0.90211
-0.96170
-1.02055
-1.07802
-1.13078
-1.17296
-1.19714
-1.19606
-1.16447
-1.10064
-1.00685
-0.88891
-0.75474
-0.61257
-0.46930
-0.32957
-0.19557
-0.06755
0.05524
0.17376
0.28864
0.39999
0.50756
0.61081
0.70896
0.80089
0.88497
0.95910
1.02096
1.06840
1.10008
1.11581
1.11668
1.10485
1.08303
1.05390
1.01962
0.98154
0.94024
0.89567
0.84737
0.79472
0.73710
0.67409
0.60560
0.53192
0.45380
0.37234
0.28879
0.20438
0.12003
0.03624
-0.04699
-0.13008
-0.21369
-0.29832
-0.38403
-0.47019
-0.55540
-0.63769
-0.71490
-0.78513
-0.84715
-0.90069
-0.94642
-0.98575
-1.02041
-1.05199
-1.08146
-1.10884
-1.13308
-1.15204
-1.16287
-1.16242
-1.14784
-1.11709
-1.06926
-1.00464
-0.92451
-0.83080
-0.72573
-0.61168
-0.49110
-0.36664
-0.24101
-0.11679
0.00397
0.12017
0.23168
0.33907
0.44299
0.54347
0.63942
0.72865
0.80830
0.87567
0.92898
0.96788
0.99345
1.00778
1.01317
1.01152
1.00383
0.99027
0.97055
0.94451
0.91257
0.87589
0.83619
0.79524
0.75432
0.71384
0.67327
0.63149
0.58720
0.53941
0.48766
0.43196
0.37258
0.30975
0.24357
0.17403
0.10130
0.02602
-0.05059
-0.12686
-0.20105
-0.27177
-0.33834
-0.40082
-0.45980
-0.51587
-0.56929
-0.61973
-0.66635
-0.70813
-0.74419
-0.77418
-0.79836
-0.81753
-0.83287
-0.84557
-0.85655
-0.86613
-0.87389
-0.87853
-0.87799
-0.86979
-0.85147
-0.82118
-0.77804
-0.72240
-0.65562
-0.57970
-0.49675
-0.40844
-0.31579
-0.21914
-0.11839
-0.01325
0.09634
0.20996
0.32641
0.44358
0.55841
0.66704
0.76526
0.84909
0.91547
0.96278
0.99105
1.00177
0.99739
0.98055
0.95346
0.91745
0.87297
0.81988
0.75807
0.68798
0.61091
0.52895
0.44454
0.35989
0.27655
0.19524
0.11604
0.03886
-0.03606
-0.10782
-0.17487
-0.23537
-0.28779
-0.33150
-0.36715
-0.39657
-0.42233
-0.44692
-0.47209
-0.49835
-0.52506
-0.55086
-0.57444
-0.59503
-0.61265
-0.62780
-0.64083
-0.65119
-0.65702
-0.65524
-0.64211
-0.61429
-0.56982
-0.50880
-0.43354
-0.34794
-0.25646
-0.16292
-0.06964
0.02288
0.11556
0.20984
0.30650
0.40486
0.50231
0.59467
0.67697
0.74447
0.79361
0.82256
0.83131
0.82134
0.79505
0.75523
0.70466
0.64591
0.58132
0.51304
0.44301
0.37280
0.30349
0.23550
0.16871
0.10261
0.03678
-0.02876
-0.09332
-0.15562
-0.21407
-0.26717
-0.31393
-0.35405
-0.38801
-0.41691
-0.44226
-0.46576
-0.48899
-0.51325
-0.53932
-0.56727
-0.59626
-0.62452
-0.64935
-0.66751
-0.67567
-0.67102
-0.65184
-0.61787
-0.57029
-0.51132
-0.44356
-0.36938
-0.29043
-0.20759
-0.12129
-0.03190
0.05983
0.15255
0.24440
0.33318
0.41671
0.49297
0.56034
0.61756
0.66377
0.69848
0.72146
0.73278
0.73271
0.72168
0.70028
0.66928
0.62964
0.58254
0.52943
0.47187
0.41146
0.34969
0.28778
0.22669
0.16708
0.10939
0.05389
0.00072
-0.05007
-0.09846
-0.14450
-0.18829
-0.22993
-0.26956
-0.30733
-0.34350
-0.37846
-0.41284
-0.44744
-0.48309
-0.52024
-0.55853
-0.59632
-0.63046
-0.65653
-0.66947
-0.66468
-0.63914
-0.59241
-0.52688
-0.44738
-0.36006
-0.27094
-0.18457
-0.10322
-0.02676
0.04677
0.12001
0.19519
0.27305
0.35244
0.43039
0.50268
0.56485
0.61314
0.64532
0.66107
0.66195
0.65086
0.63120
0.60595
0.57696
0.54464
0.50811
0.46580
0.41619
0.35846
0.29293
0.22103
0.14505
0.06762
-0.00876
-0.08217
-0.15151
-0.21664
-0.27835
-0.33819
-0.39807
-0.45965
-0.52360
-0.58894
-0.65262
-0.70961
-0.75364
-0.77831
-0.77854
-0.75171
-0.69833
-0.62187
-0.52800
-0.42329
-0.31389
-0.20456
-0.09823
0.00385
0.10150
0.19485
0.28365
0.36682
0.44238
0.50774
0.56019
0.59753
0.61852
0.62318
0.61280
0.58961
0.55634
0.51567
0.46974
0.41975
0.36590
0.30757
0.24379
0.17388
0.09806
0.01773
-0.06462
-0.14599
-0.22380
-0.29670
-0.36502
-0.43047
-0.49521
-0.56043
-0.62502
-0.68482
-0.73290
-0.76077
-0.76038
-0.72627
-0.65723
-0.55687
-0.43306
-0.29625
-0.15726
-0.02527
0.09366
0.19709
0.28591
0.36333
0.43367
0.50117
0.56883
0.63769
0.70628
0.77052
0.82417
0.85996
0.87126
0.85403
0.80860
0.74042
0.65938
0.57734
0.50449
0.44541
0.39650
0.34595
0.27718
0.17529
0.03482
-0.13402
-0.30341
-0.43246
-0.47802
-0.40931
-0.22158
0.05623
0.36378
0.62213
0.75391
0.70498
0.46054
0.05033
-0.45872
-0.98019
-1.43037
-1.74831
-1.90794
-1.91960
-1.82166
-1.66585
-1.50126
-1.36176
-1.25969
-1.18680
-1.12083
-1.03522
-0.90862
-0.73163
-0.50939
-0.25963
-0.00747
0.22134
0.40674
0.53863
0.61816
0.65618
0.66940
0.67562
0.68938
0.71894
0.76533
0.82330
0.88380
0.93696
0.97486
0.99324
0.99192
0.97403
0.94446
0.90822
0.86916
0.82930
0.78878
0.74632
0.69977
0.64676
0.58522
0.51385
0.43262
0.34318
0.24910
0.15567
0.06923
-0.00409
-0.05976
-0.09615
-0.11517
-0.12213
-0.12451
-0.13019
-0.14544
-0.17322
-0.21244
-0.25824
-0.30329
-0.33975
-0.36124
-0.36445
-0.34980
-0.32126
-0.28534
-0.24958
-0.22100
-0.20477
-0.20341
-0.21660
-0.24154
-0.27375
-0.30820
-0.34036
-0.36709
-0.38710
-0.40089
-0.41020
-0.41721
-0.42368
-0.43048
-0.43741
-0.44355
-0.44789
-0.44990
-0.44997
-0.44947
-0.45038
-0.45479
-0.46416
-0.47875
-0.49726
-0.51681
-0.53333
-0.54211
-0.53869
-0.51952
-0.48250
-0.42716
-0.35449
-0.26662
-0.16637
-0.05695
0.05821
0.17563
0.29188
0.40384
0.50886
0.60500
0.69098
0.76606
0.82988
0.88232
0.92344
0.95351
0.97306
0.98292
0.98409
0.97765
0.96455
0.94553
0.92099
0.89110
0.85585
0.81524
0.76940
0.71870
0.66389
0.60592
0.54584
0.48442
0.42188
0.35771
0.29070
0.21936
0.14246
0.05960
-0.02835
-0.11927
-0.21017
-0.29790
-0.37993
-0.45495
-0.52302
-0.58528
-0.64336
-0.69864
-0.75174
-0.80241
-0.84980
-0.89298
-0.93148
-0.96561
-0.99633
-1.02482
-1.05173
-1.07655
-1.09719
-1.11007
-1.11068
-1.09452
-1.05810
-0.99971
-0.91978
-0.82069
-0.70630
-0.58123
-0.45030
-0.31801
-0.18820
-0.06380
0.05348
0.16332
0.26672
0.36564
0.46231
0.55845
0.65443
0.74891
0.83885
0.92013
0.98841
1.04028
1.07409
1.09038
1.09180
1.08238
1.06651
1.04779
1.02811
1.00727
0.98309
0.95222
0.91113
0.85725
0.78965
0.70932
0.61885
0.52171
0.42151
0.32129
0.22319
0.12847
0.03771
-0.04879
-0.13078
-0.20795
-0.27995
-0.34651
-0.40750
-0.46297
-0.51316
-0.55847
-0.59940
-0.63655
-0.67047
-0.70159
-0.73017
-0.75628
-0.77999
-0.80146
-0.82112
-0.83975
-0.85830
-0.87756
-0.89774
-0.91791
-0.93581
-0.94795
-0.95001
-0.93771
-0.90760
-0.85776
-0.78814
-0.70044
-0.59762
-0.48323
-0.36080
-0.23332
-0.10318
0.02777
0.15787
0.28543
0.40857
0.52533
0.63386
0.73270
0.82088
0.89792
0.96357
1.01750
1.05907
1.08735
1.10142
1.10089
1.08637
1.05982
1.02445
0.98417
0.94278
0.90304
0.86593
0.83040
0.79363
0.75182
0.70124
0.63922
0.56493
0.47958
0.38615
0.28873
0.19164
0.09867
0.01241
-0.06606
-0.13722
-0.20284
-0.26548
-0.32783
-0.39201
-0.45899
-0.52823
-0.59781
-0.66483
-0.72618
-0.77937
-0.82324
-0.85836
-0.88693
-0.91218
-0.93754
-0.96564
-0.99741
-1.03168
-1.06516
-1.09294
-1.10938
-1.10919
-1.08848
-1.04558
-0.98134
-0.89894
-0.80308
-0.69895
-0.59115
-0.48283
-0.37539
-0.26867
-0.16160
-0.05306
0.05749
0.16956
0.28167
0.39164
0.49714
0.59616
0.68730
0.76988
0.84378
0.90909
0.96579
1.01351
1.05144
1.07853
1.09383
1.09696
1.08843
1.06975
1.04333
1.01199
0.97840
0.94444
0.91080
0.87679
0.84052
0.79942
0.75084
0.69274
0.62417
0.54549
0.45828
0.36500
0.26850
0.17162
0.07679
-0.01414
-0.10004
-0.18045
-0.25549
-0.32575
-0.39210
-0.45547
-0.51665
-0.57612
-0.63394
-0.68968
-0.74247
-0.79112
-0.83434
-0.87099
-0.90040
-0.92256
-0.93834
-0.94941
-0.95802
-0.96640
-0.97611
-0.98733
-0.99839
-1.00580
-1.00481
-0.99049
-0.95894
-0.90837
-0.83947
-0.75522
-0.65987
-0.55776
-0.45222
-0.34498
-0.23621
-0.12521
-0.01121
0.10579
0.22465
0.34315
0.45847
0.56777
0.66872
0.75975
0.84006
0.90941
0.96793
1.01579
1.05316
1.08009
1.09655
1.10249
1.09795
1.08329
1.05924
1.02709
0.98852
0.94544
0.89952
0.85184
0.80250
0.75063
0.69455
0.63234
0.56243
0.48416
0.39811
0.30609
0.21077
0.11519
0.02215
-0.06628
-0.14906
-0.22619
-0.29858
-0.36766
-0.43495
-0.50155
-0.56778
-0.63305
-0.69599
-0.75492
-0.80842
-0.85583
-0.89750
-0.93460
-0.96863
-1.00073
-1.03108
-1.05851
-1.08051
-1.09362
-1.09401
-1.07822
-1.04372
-0.98930
-0.91517
-0.82284
-0.71488
-0.59470
-0.46629
-0.33399
-0.20213
-0.07458
0.04584
0.15778
0.26154
0.35884
0.45208
0.54330
0.63328
0.72085
0.80297
0.87535
0.93354
0.97415
0.99583
0.99965
0.98890
0.96825
0.94258
0.91583
0.89020
0.86584
0.84110
0.81319
0.77914
0.73649
0.68398
0.62160
0.55050
0.47252
0.38973
0.30401
0.21689
0.12957
0.04311
-0.04140
-0.12274
-0.19962
-0.27096
-0.33613
-0.39524
-0.44916
-0.49931
-0.54737
-0.59471
-0.64207
-0.68932
-0.73552
-0.77935
-0.81961
-0.85569
-0.88770
-0.91617
-0.94138
-0.96255
-0.97730
-0.98170
-0.97091
-0.94036
-0.88704
-0.81046
-0.71292
-0.59912
-0.47513
-0.34714
-0.22042
-0.09864
0.01622
0.12365
0.22401
0.31807
0.40646
0.48945
0.56681
0.63785
0.70156
0.75690
0.80294
0.83916
0.86550
0.88241
0.89073
0.89152
0.88582
0.87450
0.85809
0.83687
0.81091
0.78033
0.74538
0.70655
0.66444
0.61958
0.57219
0.52204
0.46841
0.41029
0.34668
0.27700
0.20134
0.12071
0.03690
-0.04776
-0.13091
-0.21064
-0.28582
-0.35619
-0.42221
-0.48468
-0.54430
-0.60137
-0.65565
-0.70644
-0.75294
-0.79468
-0.83182
-0.86535
-0.89680
-0.92768
-0.95881
-0.98957
-1.01771
-1.03949
-1.05046
-1.04649
-1.02467
-0.98393
-0.92500
-0.84981
-0.76079
-0.66013
-0.54957
-0.43060
-0.30487
-0.17471
-0.04319
0.08608
0.20970
0.32518
0.43147
0.52898
0.61913
0.70344
0.78265
0.85616
0.92196
0.97714
1.01877
1.04491
1.05527
1.05145
1.03665
1.01488
0.99001
0.96495
0.94110
0.91822
0.89466
0.86790
0.83509
0.79366
0.74183
0.67886
0.60520
0.52238
0.43283
0.33941
0.24508
0.15246
0.06360
-0.02015
-0.09816
-0.17036
-0.23714
-0.29912
-0.35701
-0.41137
-0.46257
-0.51066
-0.55548
-0.59672
-0.63411
-0.66746
-0.69675
-0.72212
-0.74381
-0.76211
-0.77732
-0.78973
-0.79970
-0.80766
-0.81420
-0.82002
-0.82589
-0.83242
-0.83986
-0.84789
-0.85547
-0.86086
-0.86172
-0.85533
-0.83880
-0.80924
-0.76395
-0.70060
-0.61750
-0.51400
-0.39098
-0.25118
-0.09928
0.05853
0.21545
0.36522
0.50323
0.62719
0.73719
0.83498
0.92290
1.00268
1.07457
1.13715
1.18770
1.22314
1.24110
1.24072
1.22302
1.19058
1.14679
1.09489
1.03711
0.97431
0.90609
0.83140
0.74942
0.66025
0.56534
0.46726
0.36916
0.27396
0.18357
0.09862
0.01852
-0.05797
-0.13209
-0.20444
-0.27471
-0.34173
-0.40388
-0.45966
-0.50811
-0.54915
-0.58350
-0.61241
-0.63723
-0.65900
-0.67818
-0.69470
-0.70818
-0.71830
-0.72518
-0.72958
-0.73281
-0.73649
-0.74206
-0.75024
-0.76062
-0.77151
-0.78008
-0.78288
-0.77657
-0.75870
-0.72823
-0.68566
-0.63259
-0.57091
-0.50198
-0.42604
-0.34233
-0.24967
-0.14748
-0.03659
0.08045
0.19980
0.31728
0.42946
0.53440
0.63174
0.72213
0.80634
0.88438
0.95504
1.01603
1.06451
1.09787
1.11445
1.11390
1.09722
1.06638
1.02379
0.97171
0.91180
0.84490
0.77119
0.69043
0.60258
0.50820
0.40873
0.30655
0.20457
0.10571
0.01237
-0.07398
-0.15300
-0.22528
-0.29202
-0.35456
-0.41393
-0.47064
-0.52454
-0.57503
-0.62129
-0.66254
-0.69836
-0.72879
-0.75445
-0.77643
-0.79615
-0.81504
-0.83412
-0.85354
-0.87227
-0.88797
-0.89716
-0.89579
-0.87999
-0.84688
-0.79523
-0.72575
-0.64093
-0.54449
-0.44065
-0.33334
-0.22565
-0.11961
-0.01614
0.08459
0.18282
0.27887
0.37290
0.46478
0.55397
0.63954
0.72002
0.79346
0.85753
0.90982
0.94831
0.97177
0.98006
0.97421
0.95609
0.92791
0.89167
0.84867
0.79940
0.74375
0.68143
0.61250
0.53769
0.45846
0.37673
0.29449
0.21337
0.13446
0.05833
-0.01469
-0.08432
-0.15005
-0.21125
-0.26728
-0.31779
-0.36285
-0.40302
-0.43919
-0.47236
-0.50336
-0.53267
-0.56030
-0.58592
-0.60901
-0.62915
-0.64619
-0.66044
-0.67256
-0.68334
-0.69327
-0.70214
-0.70869
-0.71051
-0.70435
-0.68666
-0.65438
-0.60564
-0.54035
-0.46023
-0.36861
-0.26968
-0.16771
-0.06616
0.03276
0.12834
0.22098
0.31166
0.40121
0.48970
0.57617
0.65853
0.73387
0.79899
0.85093
0.88752
0.90779
0.91195
0.90123
0.87724
0.84145
0.79466
0.73688
0.66752
0.58601
0.49237
0.38777
0.27466
0.15666
0.03808
-0.07666
-0.18356
-0.27953
-0.36274
-0.43278
-0.49060
-0.53832
-0.57872
-0.61474
-0.64880
-0.68227
-0.71509
-0.74563
-0.77088
-0.78702
-0.79017
-0.77731
-0.74691
-0.69937
-0.63687
-0.56287
-0.48130
-0.39574
-0.30881
-0.22183
-0.13505
-0.04802
0.03974
0.12829
0.21696
0.30433
0.38844
0.46710
0.53818
0.59993
0.65116
0.69137
0.72075
0.74007
0.75053
0.75346
0.75007
0.74123
0.72731
0.70821
0.68349
0.65256
0.61495
0.57044
0.51926
0.46201
0.39970
0.33359
0.26516
0.19601
0.12772
0.06173
-0.00091
-0.05981
-0.11537
-0.16879
-0.22171
-0.27572
-0.33175
-0.38966
-0.44803
-0.50449
-0.55629
-0.60107
-0.63755
-0.66593
-0.68798
-0.70657
-0.72496
-0.74595
-0.77100
-0.79968
-0.82940
-0.85583
-0.87367
-0.87784
-0.86470
-0.83282
-0.78323
-0.71877
-0.64312
-0.55961
-0.47042
-0.37642
-0.27762
-0.17405
-0.06647
0.04328
0.15248
0.25819
0.35798
0.45046
0.53547
0.61376
0.68645
0.75436
0.81760
0.87534
0.92592
0.96726
0.99734
1.01459
1.01832
1.00881
0.98729
0.95576
0.91668
0.87249
0.82520
0.77596
0.72484
0.67088
0.61237
0.54748
0.47487
0.39431
0.30705
0.21572
0.12397
0.03566
-0.04596
-0.11899
-0.18328
-0.24038
-0.29304
-0.34440
-0.39712
-0.45263
-0.51081
-0.57009
-0.62795
-0.68167
-0.72902
-0.76884
-0.80129
-0.82776
-0.85036
-0.87133
-0.89223
-0.91335
-0.93327
-0.94891
-0.95596
-0.94966
-0.92585
-0.88201
-0.81797
-0.73611
-0.64104
-0.53865
-0.43496
-0.33496
-0.24166
-0.15568
-0.07549
0.00203
0.08053
0.16316
0.25174
0.34624
0.44469
0.54354
0.63829
0.72431
0.79764
0.85569
0.89761
0.92432
0.93818
0.94231
0.93991
0.93345
0.92428
0.91242
0.89676
0.87551
0.84677
0.80908
0.76175
0.70497
0.63971
0.56745
0.48990
0.40878
0.32574
0.24228
0.15985
0.07969
0.00275
-0.07048
-0.14007
-0.20664
-0.27114
-0.33449
-0.39719
-0.45904
-0.51901
-0.57544
-0.62644
-0.67052
-0.70706
-0.73665
-0.76102
-0.78261
-0.80386
-0.82645
-0.85077
-0.87556
-0.89810
-0.91470
-0.92147
-0.91505
-0.89329
-0.85549
-0.80235
-0.73561
-0.65750
-0.57031
-0.47602
-0.37626
-0.27238
-0.16567
-0.05755
0.05033
0.15616
0.25812
0.35459
0.44438
0.52690
0.60221
0.67081
0.73339
0.79035
0.84143
0.88562
0.92125
0.94648
0.95983
0.96063
0.94922
0.92686
0.89536
0.85669
0.81257
0.76435
0.71290
0.65883
0.60254
0.54427
0.48417
0.42223
0.35830
0.29223
0.22399
0.15390
0.08273
0.01172
-0.05751
-0.12326
-0.18403
-0.23890
-0.28773
-0.33119
-0.37062
-0.40758
-0.44350
-0.47927
-0.51507
-0.55041
-0.58438
-0.61604
-0.64474
-0.67040
-0.69351
-0.71507
-0.73632
-0.75839
-0.78188
-0.80648
-0.83071
-0.85182
-0.86608
-0.86930
-0.85756
-0.82805
-0.77968
-0.71334
-0.63168
-0.53852
-0.43807
-0.33419
-0.22982
-0.12683
-0.02609
0.07221
0.16821
0.26196
0.35318
0.44109
0.52437
0.60126
0.66977
0.72794
0.77420
0.80762
0.82817
0.83680
0.83523
0.82562
0.81017
0.79060
0.76794
0.74244
0.71378
0.68140
0.64487
0.60418
0.55994
0.51328
0.46577
0.41911
0.37491
0.33441
0.29835
0.26682
0.23924
0.21435
0.19034
0.16509
0.13652
0.10297
0.06361
0.01861
-0.03078
-0.08251
-0.13406
-0.18295
-0.22725
-0.26597
-0.29929
-0.32855
-0.35603
-0.38434
-0.41589
-0.45217
-0.49337
-0.53829
-0.58474
-0.63023
-0.67282
-0.71179
-0.74774
-0.78213
-0.81637
-0.85070
-0.88338
-0.91056
-0.92691
-0.92684
-0.90609
-0.86295
-0.79877
-0.71767
-0.62541
-0.52788
-0.42982
-0.33395
-0.24092
-0.14985
-0.05917
0.03245
0.12550
0.21949
0.31306
0.40443
0.49178
0.57356
0.64861
0.71614
0.77572
0.82713
0.87034
0.90546
0.93264
0.95202
0.96367
0.96763
0.96395
0.95278
0.93442
0.90939
0.87832
0.84192
0.80084
0.75563
0.70669
0.65427
0.59848
0.53922
0.47617
0.40882
0.33650
0.25862
0.17495
0.08593
-0.00702
-0.10154
-0.19460
-0.28303
-0.36430
-0.43702
-0.50121
-0.55817
-0.60994
-0.65862
-0.70582
-0.75232
-0.79813
-0.84270
-0.88520
-0.92468
-0.95998
-0.98955
-1.01134
-1.02293
-1.02202
-1.00712
-0.97813
-0.93651
-0.88492
-0.82633
-0.76303
-0.69591
-0.62439
-0.54697
-0.46224
-0.36983
-0.27095
-0.16823
-0.06502
0.03547
0.13108
0.22102
0.30582
0.38683
0.46546
0.54249
0.61760
0.68927
0.75502
0.81203
0.85774
0.89055
0.91015
0.91765
0.91539
0.90642
0.89389
0.88038
0.86728
0.85459
0.84084
0.82356
0.79991
0.76739
0.72456
0.67138
0.60930
0.54088
0.46923
0.39735
0.32752
0.26093
0.19761
0.13661
0.07643
0.01550
-0.04742
-0.11293
-0.18095
-0.25080
-0.32138
-0.39142
-0.45954
-0.52433
-0.58440
-0.63845
-0.68552
-0.72526
-0.75812
-0.78545
-0.80924
-0.83168
-0.85446
-0.87818
-0.90196
-0.92350
-0.93949
-0.94644
-0.94159
-0.92361
-0.89288
-0.85120
-0.80106
-0.74465
-0.68311
-0.61616
-0.54240
-0.46000
-0.36774
-0.26578
-0.15613
-0.04232
0.07124
0.18043
0.28229
0.37569
0.46120
0.54061
0.61586
0.68818
0.75736
0.82167
0.87820
0.92373
0.95562
0.97264
0.97530
0.96587
0.94776
0.92476
0.90020
0.87615
0.85315
0.83018
0.80511
0.77537
0.73856
0.69308
0.63839
0.57503
0.50441
0.42852
0.34956
0.26981
0.19134
0.11594
0.04493
-0.02109
-0.08231
-0.13974
-0.19494
-0.24955
-0.30483
-0.36123
-0.41826
-0.47466
-0.52877
-0.57893
-0.62390
-0.66307
-0.69647
-0.72468
-0.74873
-0.76989
-0.78960
-0.80924
-0.82983
-0.85172
-0.87414
-0.89510
-0.91152
-0.91977
-0.91649
-0.89954
-0.86853
-0.82493
-0.77144
-0.71097
-0.64554
-0.57556
-0.49985
-0.41636
-0.32327
-0.22012
-0.10833
0.00891
0.12739
0.24296
0.35249
0.45431
0.54816
0.63465
0.71452
0.78807
0.85480
0.91342
0.96216
0.99923
1.02333
1.03403
1.03207
1.01925
0.99816
0.97163
0.94220
0.91156
0.88027
0.84764
0.81196
0.77098
0.72253
0.66508
0.59830
0.52319
0.44199
0.35773
0.27356
0.19209
0.11485
0.04217
-0.02661
-0.09263
-0.15696
-0.22011
-0.28197
-0.34196
-0.39939
-0.45376
-0.50496
-0.55317
-0.59863
-0.64141
-0.68126
-0.71770
-0.75018
-0.77836
-0.80226
-0.82235
-0.83949
-0.85473
-0.86908
-0.88319
-0.89708
-0.90996
-0.92012
-0.92507
-0.92182
-0.90742
-0.87950
-0.83677
-0.77932
-0.70859
-0.62702
-0.53752
-0.44277
-0.34479
-0.24466
-0.14269
-0.03878
0.06703
0.17412
0.28109
0.38594
0.48645
0.58070
0.66748
0.74644
0.81791
0.88249
0.94055
0.99188
1.03548
1.06973
1.09272
1.10282
1.09915
1.08199
1.05281
1.01408
0.96869
0.91934
0.86788
0.81489
0.75974
0.70090
0.63669
0.56601
0.48893
0.40688
0.32250
0.23906
0.15968
0.08668
0.02109
-0.03741
-0.09024
-0.13941
-0.18694
-0.23440
-0.28272
-0.33210
-0.38218
-0.43226
-0.48152
-0.52917
-0.57458
-0.61725
-0.65677
-0.69282
-0.72518
-0.75376
-0.77871
-0.80049
-0.81986
-0.83779
-0.85523
-0.87283
-0.89057
-0.90747
-0.92150
-0.92975
-0.92895
-0.91607
-0.88899
-0.84686
-0.79017
-0.72044
-0.63981
-0.55055
-0.45480
-0.35439
-0.25084
-0.14544
-0.03935
0.06627
0.17014
0.27083
0.36678
0.45649
0.53875
0.61288
0.67875
0.73675
0.78744
0.83121
0.86802
0.89731
0.91811
0.92941
0.93050
0.92138
0.90296
0.87695
0.84569
0.81175
0.77738
0.74411
0.71240
0.68151
0.64977
0.61502
0.57528
0.52927
0.47684
0.41891
0.35719
0.29367
0.23016
0.16803
0.10815
0.05101
-0.00305
-0.05375
-0.10079
-0.14401
-0.18352
-0.21990
-0.25425
-0.28802
-0.32271
-0.35955
-0.39906
-0.44093
-0.48406
-0.52682
-0.56750
-0.60463
-0.63734
-0.66540
-0.68917
-0.70937
-0.72689
-0.74259
-0.75715
-0.77101
-0.78434
-0.79693
-0.80805
-0.81637
-0.81984
-0.81585
-0.80155
-0.77440
-0.73272
-0.67613
-0.60565
-0.52344
-0.43218
-0.33448
-0.23238
-0.12708
-0.01919
0.09087
0.20241
0.31404
0.42360
0.52839
0.62561
0.71294
0.78895
0.85315
0.90582
0.94754
0.97871
0.99927
1.00869
1.00624
0.99148
0.96474
0.92735
0.88166
0.83059
0.77700
0.72293
0.66910
0.61483
0.55839
0.49782
0.43177
0.36027
0.28490
0.20852
0.13440
0.06537
0.00295
-0.05293
-0.10382
-0.15215
-0.20053
-0.25099
-0.30458
-0.36120
-0.41981
-0.47878
-0.53638
-0.59117
-0.64224
-0.68920
-0.73214
-0.77141
-0.80745
-0.84064
-0.87102
-0.89813
-0.92068
-0.93645
-0.94225
-0.93438
-0.90933
-0.86469
-0.80003
-0.71728
-0.62055
-0.51537
-0.40748
-0.30161
-0.20069
-0.10556
-0.01529
0.07203
0.15852
0.24577
0.33448
0.42437
0.51422
0.60203
0.68517
0.76064
0.82546
0.87721
0.91452
0.93745
0.94747
0.94703
0.93883
0.92506
0.90676
0.88371
0.85472
0.81824
0.77299
0.71840
0.65471
0.58272
0.50346
0.41795
0.32715
0.23223
0.13482
0.03724
-0.05763
-0.14680
-0.22791
-0.29978
-0.36282
-0.41875
-0.47000
-0.51883
-0.56653
-0.61309
-0.65725
-0.69708
-0.73083
-0.75761
-0.77792
-0.79361
-0.80737
-0.82185
-0.83859
-0.85722
-0.87499
-0.88706
-0.88739
-0.87008
-0.83088
-0.76823
-0.68381
-0.58212
-0.46943
-0.35234
-0.23634
-0.12486
-0.01891
0.08249
0.18138
0.27977
0.37867
0.47755
0.57435
0.66591
0.74867
0.81935
0.87555
0.91606
0.94090
0.95125
0.94918
0.93730
0.91835
0.89471
0.86811
0.83929
0.80810
0.77368
0.73477
0.69008
0.63848
0.57910
0.51139
0.43511
0.35043
0.25802
0.15923
0.05605
-0.04899
-0.15315
-0.25381
-0.34889
-0.43702
-0.51760
-0.59063
-0.65643
-0.71540
-0.76785
-0.81403
-0.85412
-0.88829
-0.91660
-0.93883
-0.95422
-0.96133
-0.95808
-0.94211
-0.91122
-0.86405
-0.80050
-0.72189
-0.63079
-0.53066
-0.42523
-0.31810
-0.21231
-0.11015
-0.01307
0.07830
0.16404
0.24472
0.32117
0.39408
0.46363
0.52930
0.58968
0.64278
0.68641
0.71887
0.73943
0.74866
0.74829
0.74084
0.72899
0.71498
0.70025
0.68520
0.66931
0.65136
0.62975
0.60279
0.56903
0.52746
0.47768
0.41998
0.35536
0.28546
0.21241
0.13850
0.06591
-0.00371
-0.06950
-0.13146
-0.19032
-0.24716
-0.30301
-0.35842
-0.41329
-0.46683
-0.51778
-0.56480
-0.60680
-0.64333
-0.67476
-0.70220
-0.72729
-0.75155
-0.77581
-0.79952
-0.82043
-0.83462
-0.83708
-0.82263
-0.78715
-0.72860
-0.64773
-0.54816
-0.43574
-0.31750
-0.20020
-0.08916
0.01263
0.10467
0.18856
0.26717
0.34359
0.42014
0.49775
0.57562
0.65138
0.72158
0.78237
0.83030
0.86302
0.87973
0.88131
0.87008
0.84921
0.82202
0.79122
0.75835
0.72350
0.68552
0.64244
0.59218
0.53330
0.46551
0.38996
0.30913
0.22632
0.14496
0.06792
-0.00312
-0.06787
-0.12731
-0.18328
-0.23786
-0.29291
-0.34968
-0.40866
-0.46960
-0.53169
-0.59377
-0.65453
-0.71277
-0.76744
-0.81773
-0.86286
-0.90189
-0.93343
-0.95547
-0.96545
-0.96060
-0.93850
-0.89783
-0.83879
-0.76341
-0.67526
-0.57886
-0.47883
-0.37909
-0.28232
-0.18973
-0.10130
-0.01620
0.06672
0.14853
0.23002
0.31160
0.39326
0.47450
0.55418
0.63045
0.70080
0.76237
0.81246
0.84912
0.87160
0.88058
0.87800
0.86654
0.84900
0.82763
0.80375
0.77762
0.74862
0.71558
0.67731
0.63298
0.58249
0.52645
0.46612
0.40304
0.33868
0.27411
0.20984
0.14582
0.08166
0.01686
-0.04892
-0.11574
-0.18334
-0.25119
-0.31852
-0.38439
-0.44766
-0.50706
-0.56130
-0.60938
-0.65094
-0.68657
-0.71796
-0.74766
-0.77858
-0.81310
-0.85217
-0.89445
-0.93595
-0.97042
-0.99032
-0.98843
-0.95955
-0.90186
-0.81745
-0.71183
-0.59264
-0.46790
-0.34437
-0.22653
-0.11632
-0.01345
0.08381
0.17782
0.27090
0.36470
0.45977
0.55527
0.64890
0.73711
0.81574
0.88093
0.92997
0.96199
0.97810
0.98089
0.97352
0.95864
0.93759
0.91006
0.87442
0.82836
0.76981
0.69764
0.61204
0.51457
0.40784
0.29505
0.17949
0.06406
-0.04912
-0.15895
-0.26542
-0.36939
-0.47214
-0.57450
-0.67609
-0.77456
-0.86539
-0.94222
-0.99791
-1.02595
-1.02198
-0.98497
-0.91773
-0.82651
-0.71984
-0.60682
-0.49544
-0.39125
-0.29671
-0.21135
-0.13254
-0.05662
0.01993
0.09947
0.18259
0.26798
0.35270
0.43290
0.50473
0.56520
0.61288
0.64800
0.67214
0.68747
0.69584
0.69800
0.69339
0.68035
0.65688
0.62152
0.57406
0.51578
0.44900
0.37637
0.29995
0.22072
0.13858
0.05300
-0.03620
-0.12817
-0.22091
-0.31172
-0.39814
-0.47882
-0.55396
-0.62521
-0.69472
-0.76393
-0.83232
-0.89665
-0.95110
-0.98827
-1.00090
-0.98373
-0.93499
-0.85701
-0.75566
-0.63901
-0.51545
-0.39203
-0.27330
-0.16108
-0.05499
0.04653
0.14511
0.24169
0.33611
0.42733
0.51377
0.59376
0.66593
0.72933
0.78339
0.82775
0.86215
0.88626
0.89977
0.90251
0.89471
0.87719
0.85135
0.81904
0.78214
0.74212
0.69963
0.65427
0.60471
0.54907
0.48552
0.41285
0.33097
0.24101
0.14518
0.04625
-0.05304
-0.15057
-0.24502
-0.33583
-0.42280
-0.50561
-0.58359
-0.65573
-0.72111
-0.77948
-0.83155
-0.87903
-0.92403
-0.96819
-1.01167
-1.05251
-1.08656
-1.10810
-1.11099
-1.09016
-1.04288
-0.96954
-0.87368
-0.76129
-0.63948
-0.51503
-0.39312
-0.27664
-0.16616
-0.06052
0.04214
0.14344
0.24397
0.34307
0.43899
0.52944
0.61217
0.68550
0.74854
0.80112
0.84363
0.87666
0.90087
0.91683
0.92502
0.92586
0.91973
0.90691
0.88753
0.86159
0.82895
0.78952
0.74334
0.69070
0.63218
0.56854
0.50055
0.42896
0.35432
0.27703
0.19734
0.11539
0.03133
-0.05455
-0.14172
-0.22922
-0.31571
-0.39956
-0.47911
-0.55294
-0.62011
-0.68026
-0.73371
-0.78140
-0.82470
-0.86519
-0.90409
-0.94172
-0.97683
-1.00625
-1.02500
-1.02696
-1.00611
-0.95797
-0.88090
-0.77673
-0.65069
-0.51046
-0.36477
-0.22173
-0.08746
0.03478
0.14477
0.24473
0.33823
0.42887
0.51901
0.60896
0.69672
0.77838
0.84915
0.90453
0.94152
0.95930
0.95934
0.94490
0.91992
0.88793
0.85111
0.80987
0.76307
0.70883
0.64544
0.57235
0.49051
0.40232
0.31092
0.21931
0.12957
0.04249
-0.04232
-0.12583
-0.20890
-0.29170
-0.37354
-0.45298
-0.52832
-0.59813
-0.66170
-0.71922
-0.77169
-0.82053
-0.86700
-0.91162
-0.95362
-0.99065
-1.01889
-1.03363
-1.03012
-1.00463
-0.95530
-0.88263
-0.78934
-0.67979
-0.55912
-0.43232
-0.30363
-0.17621
-0.05222
0.06690
0.18023
0.28709
0.38704
0.47978
0.56514
0.64296
0.71293
0.77443
0.82653
0.86809
0.89797
0.91545
0.92043
0.91360
0.89637
0.87064
0.83844
0.80162
0.76156
0.71909
0.67448
0.62758
0.57803
0.52543
0.46952
0.41024
0.34780
0.28264
0.21548
0.14718
0.07875
0.01114
-0.05488
-0.11881
-0.18047
-0.23989
-0.29713
-0.35211
-0.40451
-0.45378
-0.49923
-0.54018
-0.57605
-0.60654
-0.63163
-0.65165
-0.66731
-0.67971
-0.69031
-0.70070
-0.71234
-0.72603
-0.74143
-0.75668
-0.76830
-0.77155
-0.76123
-0.73278
-0.68343
-0.61296
-0.52388
-0.42097
-0.31021
-0.19769
-0.08853
0.01364
0.10681
0.19029
0.26433
0.32975
0.38778
0.43989
0.48772
0.53273
0.57585
0.61707
0.65526
0.68836
0.71397
0.73005
0.73557
0.73072
0.71675
0.69539
0.66816
0.63592
0.59874
0.55624
0.50818
0.45493
0.39779
0.33871
0.27974
0.22234
0.16689
0.11260
0.05788
0.00100
-0.05922
-0.12294
-0.18928
-0.25661
-0.32314
-0.38752
-0.44911
-0.50804
-0.56469
-0.61905
-0.67002
-0.71515
-0.75070
-0.77236
-0.77626
-0.75996
-0.72311
-0.66752
-0.59663
-0.51450
-0.42481
-0.33015
-0.23185
-0.13050
-0.02677
0.07777
0.18023
0.27662
0.36262
0.43466
0.49083
0.53132
0.55823
0.57485
0.58462
0.59026
0.59315
0.59321
0.58909
0.57877
0.56017
0.53176
0.49306
0.44485
0.38914
0.32884
0.26720
0.20719
0.15082
0.09878
0.05031
0.00356
-0.04379
-0.09380
-0.14765
-0.20527
-0.26542
-0.32607
-0.38495
-0.44016
-0.49050
-0.53560
-0.57573
-0.61139
-0.64295
-0.67027
-0.69256
-0.70831
-0.71550
-0.71182
-0.69510
-0.66370
-0.61688
-0.55510
-0.48008
-0.39465
-0.30236
-0.20690
-0.11152
-0.01850
0.07109
0.15732
0.24102
0.32317
0.40429
0.48400
0.56086
0.63256
0.69638
0.74971
0.79058
0.81797
0.83188
0.83321
0.82345
0.80435
0.77763
0.74471
0.70653
0.66352
0.61547
0.56165
0.50099
0.43237
0.35519
0.26975
0.17760
0.08152
-0.01495
-0.10821
-0.19535
-0.27480
-0.34646
-0.41142
-0.47143
-0.52818
-0.58278
-0.63559
-0.68632
-0.73428
-0.77871
-0.81877
-0.85344
-0.88131
-0.90038
-0.90823
-0.90241
-0.88101
-0.84315
-0.78924
-0.72075
-0.63981
-0.54862
-0.44911
-0.34295
-0.23182
-0.11771
-0.00308
0.10931
0.21692
0.31794
0.41164
0.49824
0.57851
0.65303
0.72162
0.78314
0.83555
0.87647
0.90378
0.91621
0.91373
0.89750
0.86970
0.83302
0.79013
0.74317
0.69336
0.64079
0.58447
0.52263
0.45329
0.37502
0.28755
0.19228
0.09218
-0.00860
-0.10562
-0.19499
-0.27417
-0.34221
-0.39980
-0.44881
-0.49193
-0.53211
-0.57211
-0.61399
-0.65859
-0.70502
-0.75050
-0.79061
-0.82002
-0.83369
-0.82822
-0.80279
-0.75961
-0.70335
-0.63993
-0.57490
-0.51191
-0.45190
-0.39316
-0.33227
-0.26553
-0.19044
-0.10666
-0.01627
0.07685
0.16809
0.25336
0.33011
0.39773
0.45725
0.51064
0.55988
0.60612
0.64927
0.68801
0.72016
0.74330
0.75541
0.75533
0.74298
0.71931
0.68597
0.64483
0.59753
0.54500
0.48733
0.42385
0.35352
0.27545
0.18951
0.09669
-0.00090
-0.10035
-0.19856
-0.29292
-0.38183
-0.46480
-0.54201
-0.61370
-0.67933
-0.73717
-0.78433
-0.81728
-0.83276
-0.82867
-0.80458
-0.76180
-0.70291
-0.63108
-0.54940
-0.46051
-0.36652
-0.26926
-0.17058
-0.07247
0.02298
0.11383
0.19866
0.27675
0.34804
0.41297
0.47199
0.52530
0.57262
0.61317
0.64594
0.66997
0.68468
0.69003
0.68648
0.67484
0.65596
0.63047
0.59869
0.56057
0.51593
0.46461
0.40679
0.34301
0.27425
0.20166
0.12642
0.04949
-0.02842
-0.10680
-0.18515
-0.26278
-0.33875
-0.41193
-0.48125
-0.54599
-0.60606
-0.66195
-0.71447
-0.76423
-0.81101
-0.85330
-0.88819
-0.91178
-0.91993
-0.90925
-0.87788
-0.82599
-0.75571
-0.67060
-0.57501
-0.47339
-0.36972
-0.26729
-0.16843
-0.07448
0.01434
0.09884
0.18067
0.26175
0.34357
0.42645
0.50916
0.58888
0.66180
0.72406
0.77277
0.80673
0.82672
0.83514
0.83525
0.83027
0.82261
0.81340
0.80245
0.78859
0.77015
0.74550
0.71344
0.67343
0.62558
0.57046
0.50898
0.44218
0.37122
0.29734
0.22185
0.14594
0.07052
-0.00407
-0.07817
-0.15265
-0.22857
-0.30661
-0.38665
-0.46749
-0.54700
-0.62261
-0.69194
-0.75339
-0.80648
-0.85180
-0.89061
-0.92414
-0.95300
-0.97661
-0.99323
-1.00021
-0.99472
-0.97454
-0.93868
-0.88764
-0.82320
-0.74792
-0.66448
-0.57516
-0.48158
-0.38475
-0.28535
-0.18407
-0.08180
0.02025
0.12071
0.21829
0.31206
0.40159
0.48701
0.56874
0.64719
0.72235
0.79348
0.85900
0.91673
0.96425
0.99951
1.02124
1.02927
1.02447
1.00842
0.98301
0.94989
0.91022
0.86449
0.81264
0.75426
0.68879
0.61580
0.53506
0.44668
0.35118
0.24955
0.14326
0.03425
-0.07527
-0.18311
-0.28743
-0.38702
-0.48141
-0.57081
-0.65579
-0.73693
-0.81444
-0.88789
-0.95610
-1.01715
-1.06859
-1.10768
-1.13170
-1.13832
-1.12585
-1.09352
-1.04161
-0.97145
-0.88528
-0.78599
-0.67684
-0.56111
-0.44188
-0.32189
-0.20352
-0.08873
0.02100
0.12474
0.22220
0.31378
0.40047
0.48350
0.56386
0.64176
0.71618
0.78473
0.84403
0.89039
0.92084
0.93400
0.93057
0.91329
0.88628
0.85406
0.82039
0.78731
0.75474
0.72064
0.68172
0.63465
0.57721
0.50914
0.43239
0.35061
0.26800
0.18807
0.11253
0.04096
-0.02885
-0.09987
-0.17461
-0.25413
-0.33758
-0.42246
-0.50544
-0.58336
-0.65408
-0.71700
-0.77290
-0.82346
-0.87038
-0.91459
-0.95572
-0.99188
-1.01999
-1.03633
-1.03735
-1.02037
-0.98414
-0.92891
-0.85632
-0.76892
-0.66963
-0.56131
-0.44647
-0.32726
-0.20558
-0.08323
0.03790
0.15597
0.26934
0.37683
0.47783
0.57215
0.65973
0.74012
0.81228
0.87447
0.92457
0.96067
0.98165
0.98764
0.98010
0.96160
0.93526
0.90405
0.87017
0.83465
0.79727
0.75687
0.71189
0.66101
0.60371
0.54046
0.47260
0.40182
0.32953
0.25637
0.18200
0.10534
0.02505
-0.05982
-0.14938
-0.24267
-0.33784
-0.43261
-0.52480
-0.61274
-0.69553
-0.77294
-0.84518
-0.91249
-0.97474
-1.03118
-1.08020
-1.11948
-1.14615
-1.15728
-1.15039
-1.12391
-1.07748
-1.01207
-0.92976
-0.83339
-0.72618
-0.61139
-0.49221
-0.37166
-0.25251
-0.13712
-0.02719
0.07652
0.17433
0.26750
0.35791
0.44741
0.53716
0.62711
0.71567
0.79986
0.87586
0.93977
0.98856
1.02074
1.03671
1.03855
1.02952
1.01317
0.99258
0.96970
0.94512
0.91807
0.88686
0.84939
0.80362
0.74799
0.68166
0.60451
0.51713
0.42068
0.31682
0.20760
0.09534
-0.01754
-0.12872
-0.23620
-0.33839
-0.43412
-0.52257
-0.60315
-0.67555
-0.73992
-0.79697
-0.84803
-0.89482
-0.93885
-0.98079
-1.01982
-1.05348
-1.07807
-1.08947
-1.08435
-1.06105
-1.02001
-0.96347
-0.89461
-0.81648
-0.73119
-0.63966
-0.54194
-0.43797
-0.32836
-0.21485
-0.10015
0.01266
0.12098
0.22341
0.31998
0.41178
0.50023
0.58608
0.66867
0.74573
0.81369
0.86861
0.90724
0.92802
0.93168
0.92106
0.90048
0.87458
0.84714
0.82023
0.79386
0.76634
0.73495
0.69700
0.65070
0.59564
0.53285
0.46434
0.39236
0.31864
0.24378
0.16724
0.08763
0.00351
-0.08589
-0.18006
-0.27715
-0.37432
-0.46855
-0.55738
-0.63956
-0.71515
-0.78510
-0.85050
-0.91173
-0.96773
-1.01586
-1.05208
-1.07182
-1.07081
-1.04609
-0.99658
-0.92329
-0.82908
-0.71813
-0.59526
-0.46533
-0.33280
-0.20154
-0.07472
0.04515
0.15632
0.25784
0.34965
0.43246
0.50746
0.57589
0.63857
0.69558
0.74616
0.78891
0.82217
0.84452
0.85512
0.85402
0.84222
0.82149
0.79410
0.76237
0.72824
0.69291
0.65668
0.61894
0.57838
0.53334
0.48219
0.42373
0.35747
0.28377
0.20387
0.11972
0.03363
-0.05216
-0.13590
-0.21663
-0.29425
-0.36925
-0.44225
-0.51356
-0.58277
-0.64883
-0.71026
-0.76580
-0.81484
-0.85784
-0.89617
-0.93162
-0.96557
-0.99808
-1.02738
-1.04980
-1.06033
-1.05368
-1.02547
-0.97333
-0.89738
-0.80021
-0.68630
-0.56111
-0.43019
-0.29837
-0.16940
-0.04576
0.07128
0.18135
0.28481
0.38236
0.47483
0.56285
0.64661
0.72557
0.79835
0.86277
0.91621
0.95607
0.98046
0.98876
0.98189
0.96231
0.93367
0.90010
0.86548
0.83266
0.80296
0.77599
0.74988
0.72191
0.68921
0.64958
0.60197
0.54665
0.48496
0.41890
0.35050
0.28138
0.21249
0.14400
0.07553
0.00646
-0.06374
-0.13516
-0.20733
-0.27927
-0.34981
-0.41784
-0.48262
-0.54376
-0.60113
-0.65462
-0.70399
-0.74880
-0.78862
-0.82332
-0.85339
-0.88008
-0.90524
-0.93079
-0.95786
-0.98599
-1.01259
-1.03303
-1.04142
-1.03187
-1.00003
-0.94422
-0.86585
-0.76904
-0.65944
-0.54277
-0.42352
-0.30424
-0.18557
-0.06694
0.05238
0.17231
0.29141
0.40694
0.51550
0.61390
0.69990
0.77264
0.83247
0.88056
0.91821
0.94640
0.96553
0.97546
0.97579
0.96629
0.94719
0.91943
0.88463
0.84495
0.80275
0.76016
0.71868
0.67884
0.63997
0.60036
0.55758
0.50913
0.45321
0.38930
0.31847
0.24325
0.16691
0.09264
0.02260
-0.04264
-0.10418
-0.16433
-0.22586
-0.29106
-0.36113
-0.43575
-0.51322
-0.59086
-0.66572
-0.73535
-0.79839
-0.85489
-0.90614
-0.95396
-0.99976
-1.04347
-1.08287
-1.11347
-1.12924
-1.12390
-1.09252
-1.03287
-0.94617
-0.83690
-0.71186
-0.57871
-0.44453
-0.31475
-0.19262
-0.07938
0.02526
0.12247
0.21372
0.30048
0.38399
0.46512
0.54411
0.62036
0.69227
0.75736
0.81272
0.85564
0.88441
0.89874
0.89999
0.89084
0.87470
0.85496
0.83424
0.81399
0.79434
0.77439
0.75255
0.72702
0.69612
0.65856
0.61351
0.56073
0.50056
0.43404
0.36285
0.28915
0.21529
0.14337
0.07470
0.00950
-0.05321
-0.11533
-0.17919
-0.24683
-0.31932
-0.39636
-0.47616
-0.55577
-0.63182
-0.70130
-0.76241
-0.81497
-0.86044
-0.90132
-0.94034
-0.97930
-1.01822
-1.05480
-1.08463
-1.10196
-1.10094
-1.07705
-1.02819
-0.95521
-0.86170
-0.75309
-0.63546
-0.51432
-0.39380
-0.27631
-0.16263
-0.05249
0.05492
0.16023
0.26352
0.36404
0.46022
0.54985
0.63044
0.69964
0.75562
0.79746
0.82529
0.84038
0.84495
0.84184
0.83400
0.82387
0.81287
0.80120
0.78798
0.77177
0.75127
0.72597
0.69649
0.66448
0.63212
0.60141
0.57347
0.54810
0.52370
0.49770
0.46707
0.42908
0.38188
0.32477
0.25835
0.18428
0.10497
0.02308
-0.05888
-0.13892
-0.21592
-0.28961
-0.36050
-0.42958
-0.49787
-0.56610
-0.63444
-0.70259
-0.76991
-0.83571
-0.89936
-0.96016
-1.01696
-1.06772
-1.10917
-1.13701
-1.14650
-1.13362
-1.09621
-1.03478
-0.95253
-0.85465
-0.74695
-0.63445
-0.52040
-0.40609
-0.29142
-0.17597
-0.05995
0.05524
0.16722
0.27329
0.37130
0.46026
0.54038
0.61272
0.67844
0.73810
0.79132
0.83675
0.87248
0.89669
0.90814
0.90661
0.89299
0.86906
0.83723
0.80014
0.76024
0.71948
0.67898
0.63879
0.59788
0.55434
0.50583
0.45032
0.38674
0.31548
0.23841
0.15843
0.07874
0.00195
-0.07048
-0.13845
-0.20294
-0.26543
-0.32738
-0.38969
-0.45270
-0.51623
-0.57985
-0.64308
-0.70528
-0.76541
-0.82165
-0.87101
-0.90942
-0.93210
-0.93439
-0.91284
-0.86603
-0.79512
-0.70369
-0.59708
-0.48131
-0.36202
-0.24363
-0.12897
-0.01930
0.08524
0.18512
0.28076
0.37204
0.45790
0.53634
0.60460
0.65981
0.69967
0.72321
0.73114
0.72580
0.71061
0.68921
0.66443
0.63766
0.60852
0.57526
0.53554
0.48733
0.42980
0.36364
0.29095
0.21468
0.13781
0.06269
-0.00949
-0.07870
-0.14579
-0.21199
-0.27830
-0.34518
-0.41233
-0.47890
-0.54384
-0.60628
-0.66573
-0.72206
-0.77506
-0.82383
-0.86625
-0.89868
-0.91623
-0.91364
-0.88643
-0.83214
-0.75117
-0.64693
-0.52530
-0.39348
-0.25851
-0.12607
0.00030
0.11921
0.23082
0.33590
0.43485
0.52711
0.61103
0.68434
0.74481
0.79102
0.82288
0.84166
0.84968
0.84960
0.84372
0.83342
0.81898
0.79977
0.77466
0.74254
0.70273
0.65520
0.60061
0.54017
0.47545
0.40825
0.34038
0.27347
0.20871
0.14664
0.08697
0.02861
-0.03012
-0.09102
-0.15548
-0.22399
-0.29580
-0.36906
-0.44111
-0.50921
-0.57111
-0.62561
-0.67270
-0.71346
-0.74965
-0.78322
-0.81593
-0.84896
-0.88267
-0.91640
-0.94823
-0.97493
-0.99216
-0.99495
-0.97866
-0.93996
-0.87779
-0.79377
-0.69195
-0.57796
-0.45781
-0.33675
-0.21847
-0.10491
0.00346
0.10705
0.20649
0.30218
0.39402
0.48147
0.56367
0.63962
0.70838
0.76911
0.82119
0.86418
0.89781
0.92194
0.93644
0.94128
0.93650
0.92236
0.89949
0.86902
0.83254
0.79201
0.74941
0.70636
0.66370
0.62122
0.57767
0.53110
0.47941
0.42105
0.35557
0.28386
0.20797
0.13057
0.05429
-0.01896
-0.08827
-0.15371
-0.21598
-0.27592
-0.33424
-0.39132
-0.44730
-0.50226
-0.55625
-0.60923
-0.66095
-0.71083
-0.75799
-0.80145
-0.84054
-0.87521
-0.90611
-0.93426
-0.96037
-0.98399
-1.00286
-1.01280
-1.00838
-0.98410
-0.93592
-0.86251
-0.76578
-0.65057
-0.52358
-0.39195
-0.26187
-0.13770
-0.02162
0.08606
0.18634
0.28082
0.37109
0.45823
0.54263
0.62375
0.70018
0.76978
0.82996
0.87823
0.91269
0.93259
0.93855
0.93248
0.91718
0.89565
0.87045
0.84323
0.81456
0.78408
0.75086
0.71381
0.67202
0.62491
0.57221
0.51400
0.45059
0.38254
0.31072
0.23621
0.16021
0.08382
0.00788
-0.06716
-0.14124
-0.21450
-0.28711
-0.35899
-0.42966
-0.49821
-0.56342
-0.62403
-0.67906
-0.72816
-0.77174
-0.81084
-0.84678
-0.88052
-0.91213
-0.94028
-0.96223
-0.97418
-0.97202
-0.95222
-0.91264
-0.85298
-0.77475
-0.68089
-0.57508
-0.46114
-0.34251
-0.22207
-0.10214
0.01542
0.12911
0.23769
0.34024
0.43604
0.52454
0.60516
0.67713
0.73942
0.79082
0.83008
0.85622
0.86883
0.86822
0.85563
0.83315
0.80346
0.76950
0.73385
0.69823
0.66307
0.62739
0.58903
0.54525
0.49356
0.43237
0.36157
0.28256
0.19798
0.11110
0.02509
-0.05762
-0.13577
-0.20929
-0.27901
-0.34612
-0.41161
-0.47591
-0.53881
-0.59967
-0.65779
-0.71270
-0.76418
-0.81202
-0.85556
-0.89323
-0.92232
-0.93912
-0.93955
-0.92000
-0.87827
-0.81420
-0.72987
-0.62912
-0.51683
-0.39786
-0.27627
-0.15483
-0.03507
0.08225
0.19647
0.30646
0.41028
0.50539
0.58914
0.65940
0.71514
0.75666
0.78542
0.80357
0.81327
0.81612
0.81289
0.80354
0.78752
0.76430
0.73366
0.69591
0.65179
0.60223
0.54812
0.49010
0.42864
0.36421
0.29748
0.22949
0.16160
0.09527
0.03169
-0.02853
-0.08559
-0.14039
-0.19422
-0.24831
-0.30334
-0.35911
-0.41455
-0.46796
-0.51755
-0.56198
-0.60077
-0.63444
-0.66439
-0.69239
-0.72009
-0.74845
-0.77736
-0.80547
-0.83028
-0.84854
-0.85680
-0.85210
-0.83255
-0.79768
-0.74846
-0.68686
-0.61516
-0.53530
-0.44833
-0.35444
-0.25335
-0.14510
-0.03073
0.08738
0.20567
0.32013
0.42724
0.52475
0.61194
0.68938
0.75815
0.81899
0.87174
0.91526
0.94781
0.96776
0.97426
0.96762
0.94930
0.92158
0.88694
0.84756
0.80492
0.75967
0.71173
0.66058
0.60561
0.54640
0.48298
0.41584
0.34591
0.27432
0.20219
0.13036
0.05935
-0.01064
-0.07956
-0.14733
-0.21363
-0.27785
-0.33912
-0.39641
-0.44883
-0.49578
-0.53720
-0.57366
-0.60628
-0.63657
-0.66608
-0.69602
-0.72693
-0.75848
-0.78934
-0.81741
-0.84015
-0.85504
-0.86007
-0.85418
-0.83732
-0.81038
-0.77477
-0.73194
-0.68292
-0.62808
-0.56718
-0.49965
-0.42514
-0.34387
-0.25700
-0.16658
-0.07524
0.01430
0.09987
0.18028
0.25553
0.32663
0.39511
0.46237
0.52907
0.59463
0.65720
0.71398
0.76180
0.79790
0.82065
0.82996
0.82735
0.81559
0.79805
0.77782
0.75704
0.73642
0.71533
0.69220
0.66520
0.63290
0.59471
0.55085
0.50218
0.44973
0.39442
0.33684
0.27737
0.21639
0.15458
0.09304
0.03317
-0.02365
-0.07650
-0.12526
-0.17074
-0.21444
-0.25817
-0.30340
-0.35081
-0.40001
-0.44961
-0.49758
-0.54187
-0.58103
-0.61471
-0.64383
-0.67037
-0.69679
-0.72520
-0.75651
-0.78986
-0.82244
-0.84993
-0.86734
-0.87018
-0.85544
-0.82217
-0.77152
-0.70621
-0.62963
-0.54501
-0.45482
-0.36064
-0.26344
-0.16407
-0.06368
0.03610
0.13323
0.22558
0.31135
0.38939
0.45933
0.52151
0.57675
0.62595
0.66978
0.70836
0.74127
0.76761
0.78634
0.79652
0.79759
0.78951
0.77287
0.74876
0.71870
0.68443
0.64771
0.61005
0.57252
0.53551
0.49865
0.46077
0.42009
0.37464
0.32276
0.26368
0.19795
0.12754
0.05546
-0.01488
-0.08064
-0.14036
-0.19438
-0.24465
-0.29403
-0.34528
-0.40009
-0.45846
-0.51876
-0.57819
-0.63376
-0.68318
-0.72555
-0.76144
-0.79252
-0.82068
-0.84701
-0.87094
-0.88994
-0.89979
-0.89546
-0.87237
-0.82757
-0.76057
-0.67351
-0.57077
-0.45808
-0.34146
-0.22628
-0.11646
-0.01415
0.08034
0.16820
0.25150
0.33245
0.41266
0.49259
0.57124
0.64629
0.71456
0.77266
0.81771
0.84788
0.86274
0.86323
0.85137
0.82992
0.80187
0.77008
0.73681
0.70342
0.67009
0.63577
0.59841
0.55543
0.50457
0.44463
0.37615
0.30158
0.22483
0.15042
0.08225
0.02256
-0.02867
-0.07369
-0.11625
-0.16052
-0.20988
-0.26609
-0.32891
-0.39637
-0.46545
-0.53302
-0.59664
-0.65509
-0.70837
-0.75742
-0.80351
-0.84752
-0.88936
-0.92759
-0.95936
-0.98077
-0.98755
-0.97591
-0.94333
-0.88907
-0.81425
-0.72157
-0.61478
-0.49814
-0.37598
-0.25251
-0.13158
-0.01650
0.09025
0.18735
0.27486
0.35413
0.42734
0.49678
0.56401
0.62923
0.69100
0.74657
0.79258
0.82604
0.84519
0.85008
0.84256
0.82583
0.80367
0.77957
0.75600
0.73399
0.71314
0.69189
0.66810
0.63961
0.60475
0.56265
0.51333
0.45763
0.39698
0.33307
0.26746
0.20113
0.13433
0.06648
-0.00352
-0.07679
-0.15386
-0.23416
-0.31585
-0.39607
-0.47150
-0.53920
-0.59735
-0.64574
-0.68581
-0.72034
-0.75277
-0.78642
-0.82367
-0.86527
-0.90986
-0.95387
-0.99183
-1.01711
-1.02305
-1.00421
-0.95757
-0.88319
-0.78431
-0.66680
-0.53799
-0.40536
-0.27528
-0.15211
-0.03788
0.06750
0.16559
0.25842
0.34754
0.43331
0.51462
0.58912
0.65390
0.70638
0.74516
0.77045
0.78407
0.78891
0.78805
0.78399
0.77799
0.76999
0.75889
0.74315
0.72146
0.69324
0.65889
0.61956
0.57682
0.53210
0.48631
0.43966
0.39177
0.34189
0.28928
0.23341
0.17410
0.11144
0.04576
-0.02252
-0.09290
-0.16480
-0.23748
-0.30998
-0.38108
-0.44931
-0.51313
-0.57114
-0.62233
-0.66639
-0.70381
-0.73591
-0.76456
-0.79179
-0.81910
-0.84686
-0.87378
-0.89671
-0.91089
-0.91069
-0.89066
-0.84686
-0.77784
-0.68525
-0.57373
-0.45006
-0.32194
-0.19654
-0.07936
0.02650
0.12039
0.20360
0.27853
0.34769
0.41307
0.47569
0.53573
0.59279
0.64631
0.69574
0.74060
0.78032
0.81404
0.84053
0.85830
0.86586
0.86208
0.84658
0.81990
0.78356
0.73988
0.69155
0.64125
0.59112
0.54242
0.49532
0.44886
0.40124
0.35012
0.29323
0.22885
0.15626
0.07603
-0.01000
-0.09903
-0.18782
-0.27333
-0.35340
-0.42714
-0.49509
-0.55895
-0.62108
-0.68370
-0.74806
-0.81385
-0.87877
-0.93874
-0.98853
-1.02277
-1.03715
-1.02942
-0.99990
-0.95132
-0.88804
-0.81490
-0.73615
-0.65473
-0.57219
-0.48905
-0.40544
-0.32161
-0.23829
-0.15657
-0.07772
-0.00284
0.06739
0.13288
0.19411
0.25206
0.30787
0.36257
0.41669
0.46997
0.52134
0.56900
0.61087
0.64512
0.67062
0.68735
0.69632
0.69931
0.69826
0.69481
0.68985
0.68346
0.67515
0.66424
0.65032
0.63348
0.61429
0.59355
0.57184
0.54915
0.52477
0.49746
0.46589
0.42916
0.38721
0.34088
0.29163
0.24102
0.19008
0.13894
0.08683
0.03234
-0.02593
-0.08884
-0.15629
-0.22716
-0.29966
-0.37178
-0.44187
-0.50889
-0.57249
-0.63276
-0.68996
-0.74432
-0.79599
-0.84510
-0.89190
-0.93659
-0.97904
-1.01834
-1.05239
-1.07788
-1.09061
-1.08627
-1.06143
-1.01435
-0.94546
-0.85720
-0.75340
-0.63838
-0.51611
-0.38976
-0.26159
-0.13328
-0.00642
0.11716
0.23534
0.34594
0.44720
0.53826
0.61930
0.69139
0.75603
0.81449
0.86736
0.91425
0.95394
0.98465
1.00462
1.01249
1.00769
0.99057
0.96243
0.92532
0.88175
0.83435
0.78549
0.73694
0.68965
0.64372
0.59840
0.55233
0.50375
0.45079
0.39184
0.32587
0.25274
0.17338
0.08974
0.00441
-0.07996
-0.16141
-0.23921
-0.31412
-0.38803
-0.46327
-0.54175
-0.62425
-0.71014
-0.79758
-0.88405
-0.96680
-1.04316
-1.11046
-1.16576
-1.20565
-1.22641
-1.22457
-1.19784
-1.14599
-1.07129
-0.97817
-0.87225
-0.75906
-0.64285
-0.52608
-0.40960
-0.29342
-0.17759
-0.06276
0.04971
0.15828
0.26181
0.35998
0.45324
0.54226
0.62717
0.70699
0.77948
0.84150
0.88988
0.92230
0.93801
0.93817
0.92561
0.90428
0.87842
0.85172
0.82670
0.80429
0.78388
0.76362
0.74096
0.71337
0.67893
0.63675
0.58708
0.53110
0.47057
0.40726
0.34257
0.27721
0.21111
0.14349
0.07311
-0.00140
-0.08110
-0.16636
-0.25648
-0.34956
-0.44265
-0.53227
-0.61520
-0.68938
-0.75455
-0.81239
-0.86602
-0.91896
-0.97375
-1.03081
-1.08764
-1.13901
-1.17774
-1.19635
-1.18871
-1.15158
-1.08535
-0.99396
-0.88389
-0.76270
-0.63759
-0.51411
-0.39568
-0.28360
-0.17747
-0.07595
0.02269
0.12000
0.21699
0.31386
0.40980
0.50302
0.59093
0.67067
0.73968
0.79626
0.83996
0.87149
0.89242
0.90458
0.90952
0.90819
0.90086
0.88735
0.86741
0.84108
0.80899
0.77240
0.73314
0.69322
0.65442
0.61779
0.58319
0.54917
0.51311
0.47182
0.42236
0.36291
0.29335
0.21547
0.13251
0.04832
-0.03366
-0.11125
-0.18390
-0.25249
-0.31867
-0.38409
-0.44985
-0.51624
-0.58300
-0.64974
-0.71628
-0.78274
-0.84934
-0.91577
-0.98064
-1.04109
-1.09282
-1.13069
-1.14965
-1.14578
-1.11717
-1.06421
-0.98941
-0.89670
-0.79062
-0.67557
-0.55545
-0.43359
-0.31289
-0.19583
-0.08441
0.02008
0.11735
0.20807
0.29366
0.37583
0.45598
0.53471
0.61156
0.68497
0.75259
0.81168
0.85971
0.89488
0.91644
0.92491
0.92193
0.90989
0.89149
0.86906
0.84415
0.81719
0.78757
0.75396
0.71485
0.66912
0.61642
0.55721
0.49261
0.42399
0.35258
0.27926
0.20444
0.12825
0.05066
-0.02833
-0.10860
-0.18989
-0.27176
-0.35355
-0.43435
-0.51305
-0.58842
-0.65937
-0.72519
-0.78571
-0.84128
-0.89251
-0.93971
-0.98227
-1.01815
-1.04384
-1.05486
-1.04671
-1.01607
-0.96171
-0.88499
-0.78951
-0.68040
-0.56320
-0.44296
-0.32367
-0.20801
-0.09759
0.00690
0.10540
0.19837
0.28658
0.37095
0.45219
0.53044
0.60501
0.67422
0.73568
0.78664
0.82465
0.84810
0.85657
0.85102
0.83349
0.80679
0.77388
0.73734
0.69904
0.65983
0.61957
0.57733
0.53171
0.48132
0.42520
0.36317
0.29594
0.22494
0.15198
0.07885
0.00684
-0.06335
-0.13159
-0.19807
-0.26297
-0.32628
-0.38781
-0.44737
-0.50505
-0.56127
-0.61659
-0.67125
-0.72455
-0.77432
-0.81680
-0.84710
-0.86013
-0.85181
-0.82019
-0.76597
-0.69240
-0.60447
-0.50770
-0.40703
-0.30618
-0.20742
-0.11196
-0.02039
0.06680
0.14909
0.22595
0.29698
0.36203
0.42107
0.47401
0.52039
0.55940
0.59002
0.61134
0.62298
0.62517
0.61881
0.60511
0.58526
0.56015
0.53032
0.49604
0.45766
0.41587
0.37181
0.32693
0.28257
0.23953
0.19771
0.15599
0.11257
0.06544
0.01300
-0.04548
-0.10969
-0.17846
-0.25018
-0.32323
-0.39631
-0.46834
-0.53818
-0.60413
-0.66358
-0.71300
-0.74840
-0.76614
-0.76399
-0.74184
-0.70198
-0.64864
-0.58692
-0.52147
-0.45541
-0.38977
-0.32373
-0.25553
-0.18360
-0.10762
-0.02897
0.04951
0.12433
0.19239
0.25198
0.30314
0.34759
0.38800
0.42710
0.46680
0.50753
0.54818
0.58637
0.61917
0.64389
0.65873
0.66316
0.65788
0.64457
0.62544
0.60275
0.57837
0.55351
0.52852
0.50291
0.47547
0.44452
0.40836
0.36565
0.31579
0.25906
0.19656
0.12979
0.06025
-0.01098
-0.08340
-0.15704
-0.23205
-0.30834
-0.38523
-0.46137
-0.53496
-0.60420
-0.66787
-0.72573
-0.77859
-0.82788
-0.87488
-0.91976
-0.96090
-0.99471
-1.01615
-1.01991
-1.00181
-0.96011
-0.89614
-0.81396
-0.71929
-0.61793
-0.51429
-0.41056
-0.30688
-0.20217
-0.09545
0.01307
0.12155
0.22687
0.32560
0.41511
0.49437
0.56408
0.62611
0.68255
0.73478
0.78285
0.82539
0.86001
0.88413
0.89573
0.89404
0.87977
0.85495
0.82251
0.78553
0.74666
0.70756
0.66869
0.62940
0.58831
0.54386
0.49480
0.44062
0.38165
0.31882
0.25337
0.18642
0.11869
0.05046
-0.01831
-0.08770
-0.15761
-0.22767
-0.29731
-0.36606
-0.43375
-0.50063
-0.56707
-0.63314
-0.69792
-0.75911
-0.81292
-0.85461
-0.87936
-0.88340
-0.86495
-0.82469
-0.76561
-0.69230
-0.61000
-0.52366
-0.43723
-0.35339
-0.27352
-0.19806
-0.12686
-0.05957
0.00410
0.06422
0.12064
0.17291
0.22041
0.26239
0.29809
0.32692
0.34858
0.36318
0.37120
0.37345
0.37085
0.36431
0.35458
0.34226
0.32780
0.31153
0.29368
0.27437
0.25355
0.23099
0.20627
0.17896
0.14885
0.11619
0.08184
0.04718
