1.18000
1.04000
1.00000
1.08000
1.10000
1.06000
1.08000
1.16000
1.16000
1.12000
1.10000
0.98000
0.98000
0.86000
0.90000
1.02000
1.10000
1.16000
1.14000
1.10000
1.04000
0.96000
0.96000
1.02000
1.14000
1.28000
1.34000
1.38000
1.42000
1.44000
1.32000
1.30000
1.10000
1.32000
1.18000
1.16000
1.02000
1.02000
1.12000
1.26000
1.28000
1.14000
1.04000
1.10000
1.10000
1.16000
1.30000
1.34000
1.26000
1.16000
1.12000
1.02000
0.94000
0.98000
1.12000
1.24000
1.42000
1.30000
1.04000
0.98000
1.02000
1.00000
1.02000
1.04000
0.86000
0.86000
0.90000
1.06000
1.08000
1.04000
1.10000
1.18000
1.02000
1.10000
1.26000
1.24000
1.14000
1.08000
1.00000
0.90000
1.16000
1.26000
0.94000
0.96000
0.94000
1.02000
1.14000
1.04000
0.96000
1.02000
1.02000
0.98000
0.86000
0.96000
1.04000
1.06000
1.12000
1.16000
1.16000
1.06000
1.00000
0.96000
1.02000
1.00000
1.06000
1.06000
1.06000
0.82000
0.90000
1.06000
1.04000
0.96000
1.08000
1.12000
1.00000
1.02000
1.02000
1.10000
1.22000
1.06000
1.06000
1.04000
1.02000
0.96000
0.92000
1.12000
1.04000
1.16000
1.06000
1.18000
1.02000
0.98000
1.10000
1.08000
1.02000
0.94000
0.92000
1.04000
1.14000
1.14000
1.12000
1.02000
1.12000
1.06000
1.10000
1.04000
1.02000
1.08000
1.10000
1.10000
1.12000
1.28000
1.26000
1.22000
1.00000
1.04000
