23.00123
22.95210
22.91069
22.86437
22.82015
22.82436
22.82155
22.82015
22.77804
22.77804
22.77383
22.77383
22.77944
22.73382
22.72891
22.73382
22.77523
22.68048
22.68328
22.68890
22.68328
22.68469
22.68469
22.68469
22.64608
22.63696
22.59555
22.64258
22.59134
22.59134
22.54923
22.59695
22.59555
22.59274
22.64468
22.73242
22.77383
22.86577
22.95772
22.99422
23.13529
23.18232
23.23145
23.31497
23.40411
23.45465
23.53957
23.53817
23.58660
23.58660
23.53677
23.58871
23.49606
23.49465
23.49465
23.40552
23.36270
23.31638
23.31638
23.27356
23.13810
23.13529
23.08616
23.04265
23.04896
22.95491
22.90789
22.95210
22.91350
22.86577
22.86296
22.82155
22.82436
22.72469
22.72891
22.73382
22.68609
22.68750
22.63836
22.59695
22.64889
22.63696
22.59695
22.64608
22.59695
22.68328
22.72891
22.77944
22.86577
22.95351
23.09037
23.22584
23.26584
23.35779
23.45324
23.49325
23.58099
23.62731
23.67784
23.76979
23.76277
23.76558
23.72066
23.72768
23.72206
23.58520
23.58099
23.54098
23.54238
23.53817
23.40411
23.40271
23.35989
23.31357
23.27005
23.27146
23.22303
23.18232
23.13108
23.13389
23.00264
23.00264
22.96123
22.95772
22.91350
22.86858
22.86577
22.82015
22.77804
22.73382
22.77804
22.68609
22.64258
22.64258
22.59555
22.68188
22.64608
22.63977
22.64117
22.59836
22.68469
22.68328
22.69030
22.69030
22.68469
22.82296
22.91210
23.00404
23.13529
23.22864
23.31357
23.44903
23.49606
23.58520
23.62871
23.72347
23.80839
23.80699
23.84910
23.94666
23.94666
23.99018
23.94386
23.99299
23.90034
23.85472
23.80980
23.85753
23.81120
23.76418
23.67363
23.63152
23.67363
23.62871
23.53957
23.49746
23.40832
23.40271
23.36130
23.27005
23.17951
23.13950
23.05037
22.99702
22.95982
22.95351
22.91069
22.86718
22.86718
22.77663
22.77383
22.73242
22.73522
22.68609
22.60116
22.59976
22.59555
22.55063
22.54782
22.55063
22.59415
22.59976
22.55063
22.63836
22.69030
22.82155
22.90789
22.96123
23.04615
23.13670
23.18232
23.27777
23.31217
23.40271
23.49465
23.50027
23.54800
23.53817
23.53677
23.58660
23.54659
23.49465
23.49185
23.49746
23.45465
23.30936
23.26725
23.27356
23.23145
23.13249
22.99702
22.95491
22.86718
22.82436
22.73101
22.64749
22.59555
22.54923
22.50781
22.41868
22.41236
22.37235
22.33094
22.28602
22.23127
22.23689
22.19408
22.19127
22.14214
22.15056
22.19127
22.23268
22.19267
22.28602
22.36954
22.54923
22.64608
22.68609
22.72610
22.77804
22.82155
22.81875
22.81875
22.82577
22.86437
22.90789
22.91210
22.90789
22.91210
22.86858
22.95631
22.95210
22.90789
22.86858
22.86577
22.86296
22.82577
22.77663
22.73242
22.68328
22.68750
22.69030
22.64117
22.63696
22.59415
22.59695
22.55203
22.54923
22.50641
22.55484
22.59555
22.68328
22.77523
22.82155
22.95351
23.09318
23.26865
23.31919
23.49465
23.58099
23.72347
23.80839
23.90245
23.94105
24.03440
24.08213
24.07651
24.03440
24.07932
24.03721
23.94386
23.85051
23.81120
23.76839
23.67504
23.58379
23.49746
23.45465
23.40271
23.31638
23.17530
23.13389
23.04896
23.04756
22.95491
22.99843
22.86577
22.86718
22.77804
22.77242
22.73101
22.68469
22.68890
22.63977
22.59415
22.64258
22.59695
22.63977
22.64258
22.64749
22.72891
22.72891
22.77944
22.82155
22.90929
23.13670
23.27637
23.31919
23.49325
23.58520
23.72206
23.80839
23.89613
23.99018
24.12775
24.12213
24.21268
24.25900
24.25900
24.30041
24.21268
24.17688
24.12494
24.12213
24.03159
23.99299
23.89894
23.85472
23.80980
23.76698
23.63433
23.58379
23.49185
23.49606
23.40131
23.36411
23.27005
23.22162
23.17811
23.14231
23.00264
22.90929
22.86577
22.82857
22.77523
22.72891
22.68188
22.68890
22.64468
22.64117
22.63696
22.64468
22.73522
22.72891
22.86016
23.00264
23.13529
23.22443
23.35779
23.45324
23.49465
23.67363
23.71785
23.85893
23.94386
23.94386
24.03721
24.03861
24.03440
24.03299
23.94105
23.85472
23.80980
23.76137
23.67012
23.58520
23.54098
23.49325
23.35779
23.36130
23.22303
23.09599
23.04475
22.99843
22.95351
22.91350
22.82155
22.81734
22.77804
22.72891
22.77383
22.86577
22.86437
22.99983
23.14231
23.17670
23.26725
23.36551
23.44903
23.57958
23.62871
23.72206
23.76418
23.85051
23.89894
23.89894
23.89894
23.89753
23.90385
23.89894
23.85051
23.76558
23.81611
23.75996
23.76277
23.62731
23.58379
23.58379
23.54098
23.49185
23.36130
23.31638
23.22724
23.18372
23.08897
23.00404
22.95210
22.86437
22.85875
22.77663
22.72891
22.68188
22.63696
22.59555
22.55203
22.59415
22.54501
22.50220
22.46430
22.45868
22.50501
22.59695
22.64468
22.82155
22.95070
23.14231
23.27356
23.31357
23.40271
23.53817
23.63012
23.72206
23.76277
23.89753
23.99018
23.99018
24.03299
24.03299
24.03019
23.99018
23.94666
23.85331
23.80699
23.76839
23.72487
23.58239
23.58660
23.49606
23.40411
23.31778
23.13810
23.08897
23.00264
22.86577
22.77663
22.68328
22.63556
22.59976
22.54923
22.59555
22.77523
22.82155
22.99983
23.13529
23.22724
23.35498
23.40552
23.54098
23.72066
23.81261
23.89753
23.89894
23.98878
23.99439
23.94386
23.89894
23.85191
23.85612
23.76277
23.67363
23.53957
23.49465
23.40832
23.27005
23.22303
23.09178
23.05037
22.95772
22.82155
22.72469
22.68609
22.64468
22.55063
22.50501
22.41517
22.41727
22.46289
22.50781
22.64258
22.77383
23.05037
23.09318
23.22724
23.35638
23.49746
23.54238
23.58099
23.62591
23.76698
23.85612
23.85472
23.85612
23.90034
23.85472
23.85472
23.81120
23.76698
23.76277
23.72347
23.67644
23.63714
23.58379
23.59011
23.49746
23.44623
23.36691
23.31638
23.26865
23.18372
23.09318
22.99983
22.91069
22.86577
22.77804
22.68328
22.64117
22.68750
22.63977
22.59555
22.50641
22.41517
22.46289
22.33375
22.23408
22.18635
22.14916
22.09862
22.18986
22.28602
22.50220
22.68188
22.73242
22.91210
22.99983
23.18864
23.22724
23.26865
23.35779
23.45184
23.53957
23.58099
23.62871
23.67644
23.72347
23.67784
23.58099
23.53536
23.49887
23.40692
23.31357
23.22162
23.18232
23.09178
22.99983
22.91490
22.91069
22.82155
22.73382
22.68328
22.54782
22.50781
22.46149
22.36814
22.32603
22.28321
22.28041
22.23829
22.28602
22.32041
22.46430
22.59695
22.68750
22.76962
22.91210
23.00123
23.09178
23.18232
23.26865
23.36130
23.50027
23.54659
23.62591
23.71926
23.77119
23.76418
23.71645
23.71645
23.72066
23.72487
23.67363
23.62731
23.53817
23.49465
23.40411
23.35358
23.27356
23.22724
23.17670
23.13529
23.04615
22.85875
22.82296
22.73663
22.68609
22.55344
22.50501
22.50220
22.37235
22.28321
22.23549
22.18846
22.10213
22.05440
22.10353
22.10634
22.32743
22.36814
22.50641
22.68890
22.82155
23.04615
23.09458
23.22584
23.36130
23.44903
23.54238
23.53536
23.67644
23.67644
23.71926
23.67012
23.63152
23.63433
23.54098
23.49325
23.40832
23.36411
23.27146
23.22303
23.13529
23.05037
22.99983
22.90789
22.82296
22.72891
22.68188
22.69030
22.59976
22.55063
22.46149
22.45868
22.37235
22.36954
22.36954
22.37516
22.50922
22.55063
22.68609
22.77804
22.86437
22.99843
23.04756
23.14091
23.23145
23.31357
23.36270
23.40832
23.45044
23.49325
23.53957
23.40552
23.44763
23.35779
23.31357
23.27146
23.22303
23.18232
23.13389
23.05037
23.00264
22.91210
22.86858
22.77663
22.63836
22.59695
22.50360
22.50641
22.46149
22.50360
22.55203
22.68890
22.72891
22.81734
22.91069
23.00685
23.18092
23.17951
23.27637
23.35989
23.44763
23.45044
23.45184
23.48904
23.44903
23.45184
23.36130
23.36270
23.31638
23.22443
23.17811
23.09037
23.00545
22.95210
22.86718
22.82155
22.73242
22.68609
22.60257
22.46149
22.37235
22.32462
22.32884
22.28041
22.28041
22.33094
22.50220
22.54782
22.68750
22.77804
22.91069
23.04615
23.09318
23.18092
23.22724
23.31497
23.36130
23.36130
23.45044
23.49325
23.49746
23.45044
23.40411
23.40552
23.41254
23.35638
23.31217
23.31638
23.27356
23.22724
23.18092
23.13249
23.09037
23.05177
23.00123
22.90648
22.90929
22.82436
22.72891
22.64117
22.55203
22.55063
22.54923
22.50922
22.46009
22.46430
22.54923
22.55203
22.69171
22.77804
22.86577
23.00545
23.08897
23.13108
23.22724
23.31217
23.36270
23.36551
23.40271
23.44623
23.45324
23.36130
23.36130
23.31638
23.27356
23.22724
23.13249
23.13810
23.09599
23.04615
22.95070
22.95491
22.91350
22.82717
22.76962
22.68469
22.68609
22.64117
22.59555
22.55624
22.46149
22.51062
22.42008
22.41727
22.41517
22.42148
22.54923
22.59555
22.68890
22.77804
22.86577
22.99983
23.09178
23.13529
23.23005
23.31638
23.31638
23.36270
23.35779
23.40552
23.40552
23.40411
23.36130
23.36411
23.27146
23.26865
23.18092
23.17951
23.13950
23.12898
23.09178
23.00404
22.95982
22.82015
22.77102
22.73242
22.72891
22.63836
22.59976
22.59415
22.59415
22.59555
22.55203
22.50501
22.50781
22.42289
22.50501
22.45588
22.41868
22.41517
22.45868
22.50501
22.60257
22.68328
22.77523
22.91350
22.99843
23.08897
23.18372
23.22724
23.31217
23.31357
23.40552
23.45324
23.49185
23.58239
23.48764
23.49746
23.45465
23.45184
23.40131
23.31919
23.31497
23.26725
23.22864
23.22724
23.09037
23.04475
23.00545
22.95351
22.86016
22.86156
22.82296
22.73382
22.64117
22.50501
22.51062
22.46289
22.36814
22.32322
22.28321
22.36954
22.32743
22.33094
22.37235
22.46009
22.59555
22.72891
22.82577
22.95982
23.04756
23.04896
23.17249
23.26725
23.36270
23.45465
23.44903
23.49325
23.58099
23.58379
23.63433
23.53957
23.53957
23.45465
23.40832
23.40271
23.27146
23.22864
23.13529
22.99983
22.86718
22.90929
22.82296
22.73382
22.59274
22.50781
22.50781
22.46009
22.37516
22.32743
22.23408
22.27900
22.23689
22.19127
22.19408
22.19267
22.23549
22.32322
22.46289
22.59415
22.73382
22.86577
22.95491
23.08757
23.19004
23.31778
23.26725
23.36270
23.39850
23.44763
23.49606
23.39990
23.40131
23.36551
23.27146
23.22724
23.13950
23.04756
22.95351
22.86718
22.77804
22.73101
22.63977
22.55203
22.50360
22.41096
22.41517
22.37095
22.32743
22.28181
22.23689
22.23408
22.18986
22.14214
22.15056
22.14635
22.23689
22.33094
22.42148
22.55484
22.68328
22.82015
22.91490
22.99702
23.13529
23.27146
23.22443
23.27356
23.36130
23.35638
23.40832
23.36551
23.35638
23.31638
23.22724
23.18092
23.14091
23.04896
22.95351
22.82015
22.72891
22.77383
22.64117
22.55063
22.45868
22.37235
22.37235
22.32462
22.28181
22.28181
22.23268
22.27900
22.23549
22.27760
22.37235
22.46009
22.59274
22.73522
22.86858
22.99983
23.13529
23.13389
23.27777
23.40832
23.53817
23.58379
23.62871
23.63152
23.67644
23.67153
23.67644
23.58379
23.58239
23.58660
23.49465
23.44763
23.40832
23.31357
23.22584
23.18372
23.08476
23.04475
22.96123
22.91069
22.86296
22.77383
22.81734
22.73803
22.68469
22.68188
22.64468
22.64468
22.64117
22.55063
22.54923
22.50501
22.54923
22.50922
22.50922
22.54923
22.68609
22.77663
22.90789
23.00264
23.17811
23.31919
23.35989
23.49606
23.62871
23.71645
23.80839
23.76839
23.85472
23.89613
23.90034
23.90034
23.80839
23.76558
23.72206
23.67363
23.63012
23.53957
23.45184
23.36130
23.26725
23.18232
23.09178
22.95982
22.91069
22.82155
22.72891
22.72891
22.68609
22.59555
22.46289
22.41236
22.46570
22.46289
22.41236
22.42148
22.46149
22.50781
22.68609
22.81875
22.95351
23.09037
23.13950
23.21882
23.36270
23.45324
23.53957
23.53536
23.63152
23.67504
23.76558
23.76418
23.75996
23.71926
23.62871
23.58379
23.53536
23.45324
23.36691
23.31778
23.27146
23.18232
23.09458
23.04615
22.91069
22.82155
22.73382
22.72891
22.54501
22.50501
22.41868
22.32603
22.37516
22.41376
22.50220
22.59415
22.77804
22.86437
22.95631
23.09178
23.22724
23.31357
23.36411
23.45044
23.49746
23.58239
23.63152
23.54238
23.53957
23.49185
23.44623
23.36270
23.31497
23.17670
23.08616
22.99281
22.86718
22.85314
22.72610
22.68469
22.63135
22.55344
22.54642
22.50220
22.46570
22.51343
22.61380
22.71066
22.84121
22.97948
23.11634
23.23426
23.29883
23.42587
23.51782
23.60555
23.66170
23.64135
23.68627
23.70522
23.67153
23.65047
23.56835
23.52905
23.48202
23.43570
23.35498
23.26725
23.22303
23.12196
23.05879
22.97948
22.91771
22.81875
22.68048
22.57519
22.53238
22.49027
22.42289
22.34919
22.32462
22.36954
22.45307
22.56818
22.68188
22.79699
22.91069
23.02019
23.15775
23.27005
23.35779
23.43149
23.47500
23.53677
23.60696
23.62871
23.60274
23.55993
23.51922
23.47500
23.39850
23.33533
23.26584
23.18232
23.08757
22.96684
22.91210
22.83278
22.72189
22.60257
22.52606
22.47904
22.48886
22.53800
22.61099
22.72048
22.82998
22.95351
23.06160
23.14512
23.26304
23.31497
23.37955
23.46728
23.55361
23.58099
23.58379
23.55502
23.51220
23.46447
23.41885
23.34094
23.25742
23.16969
23.04265
22.96684
22.89034
22.80260
22.71206
22.59134
22.51764
22.44114
22.38077
22.33796
22.33515
22.39551
22.57800
22.70645
22.86718
23.01387
23.08055
23.16126
23.28199
23.38376
23.47500
23.55993
23.58520
23.62029
23.62731
23.59573
23.58520
23.51501
23.46167
23.37814
23.32620
23.31497
23.20408
23.11073
23.02440
22.92894
22.87911
22.82857
22.71346
22.57941
22.48185
22.39130
22.37235
22.30357
22.35481
22.44605
22.45868
22.63977
22.83278
22.94087
23.02580
23.04475
23.12336
23.21110
23.33814
23.40271
23.48062
23.53536
23.57818
23.54800
23.57677
23.51080
23.50238
23.42306
23.36551
23.28199
23.23285
23.11213
22.97246
22.83559
22.74084
22.65451
22.56818
22.47763
22.38218
22.25444
22.23689
22.27900
22.27760
22.35972
22.49308
22.58362
22.71206
22.88613
22.99562
23.07914
23.17109
23.22162
23.30515
23.35217
23.39429
23.40552
23.36551
23.31638
23.27005
23.23005
23.18372
23.10020
23.01527
22.95982
22.83419
22.74084
22.64889
22.52326
22.34077
22.24250
22.19829
22.18846
22.23127
22.28041
22.36393
22.45307
22.62573
22.76260
22.85595
22.90789
23.03563
23.04615
23.08897
23.13670
23.17951
23.17811
23.09739
23.09037
23.05458
23.00264
22.91631
22.87139
22.74365
22.64749
22.51624
22.42429
22.37235
22.29023
22.15758
22.10634
22.06142
22.01229
22.01229
21.93368
21.88034
21.83120
21.87472
22.00387
22.13652
22.22706
22.27900
22.45307
22.58853
22.72610
22.81524
22.81734
22.98650
23.04265
23.09178
23.08335
23.13108
23.13810
23.17951
23.22022
23.22443
23.22724
23.13810
23.09178
23.00123
22.91912
22.86718
22.82436
22.73803
22.64608
22.55484
22.55344
22.46711
22.41868
22.37095
22.32884
22.28602
22.32322
22.32462
22.46430
22.50501
22.54501
22.68188
22.72891
22.85875
22.95070
23.00123
23.08757
23.13249
23.22162
23.27146
23.27637
23.22443
23.26584
23.22864
23.22443
23.22162
23.18232
23.22724
23.22443
23.18372
23.18092
23.13950
23.08897
23.04756
22.96123
22.95351
22.91350
22.86998
22.82436
22.77523
22.81875
22.91210
22.99702
23.08757
23.17951
23.22724
23.26444
23.35498
23.44903
23.54238
23.53957
23.54238
23.58239
23.63012
23.67153
23.63012
23.58660
23.63573
23.58239
23.62871
23.59011
23.54098
23.53817
23.49606
23.45044
23.48764
23.41113
23.36551
23.35779
23.27005
23.23285
23.09178
23.00545
22.91631
22.91350
22.82577
22.82155
22.73522
22.63977
22.55344
22.55484
22.50501
22.41868
22.42008
22.50360
22.55063
22.67767
22.81383
22.91210
23.04475
23.03984
23.13249
23.26865
23.36130
23.45184
23.49746
23.53957
23.58239
23.67644
23.76277
23.76418
23.77119
23.81401
23.80980
23.76418
23.76839
23.76277
23.72347
23.72066
23.67363
23.62871
23.53957
23.49465
23.45044
23.45465
23.40411
23.31217
23.27356
23.18372
23.13529
23.14091
22.96263
22.86577
22.81734
22.73382
22.68609
22.69451
22.59836
22.50501
22.50781
22.46289
22.50922
22.59695
22.68328
22.77383
22.86858
22.99843
23.08616
23.18232
23.27005
23.31778
23.36130
23.40692
23.49185
23.53817
23.58660
23.54238
23.49465
23.49746
23.44903
23.45184
23.40832
23.36270
23.35779
23.31638
23.27356
23.18092
23.08757
23.00685
22.95351
22.86718
22.82015
22.72891
22.60397
22.59415
22.50501
22.55484
22.45868
22.42148
22.46009
22.46149
22.59415
22.72610
22.86577
22.95982
22.99983
23.09178
23.22443
23.31357
23.40832
23.40411
23.44272
23.49746
23.54519
23.49606
23.49465
23.40832
23.36270
23.31638
23.27637
23.31778
23.18092
23.13950
23.08897
23.04756
22.99983
22.90648
22.86296
22.77523
22.68328
22.59695
22.59976
22.46149
22.41517
22.37095
22.32743
22.41517
22.41727
22.50641
22.59695
22.68609
22.82296
22.91490
23.00264
23.09178
23.18092
23.18372
23.31638
23.36270
23.44763
23.44763
23.45184
23.45324
23.44763
23.44903
23.40552
23.31638
23.27005
23.22162
23.27005
23.22724
23.08476
23.04615
23.00685
22.95631
22.90929
22.86718
22.77804
22.69171
22.64608
22.54782
22.55203
22.46289
22.41236
22.36814
22.36954
22.41727
22.55344
22.68750
22.72891
22.90929
23.05037
23.17811
23.26725
23.31919
23.45044
23.48623
23.53817
23.59011
23.67363
23.67153
23.62450
23.58379
23.54379
23.54098
23.49746
23.40552
23.36270
23.31778
23.31357
23.22443
23.13670
23.04756
22.95631
22.95491
22.86718
22.77944
22.68609
22.63977
22.55063
22.50220
22.46430
22.42008
22.41517
22.45868
22.54923
22.73382
22.86718
22.95210
22.99702
23.04615
23.13950
23.22584
23.26444
23.35779
23.40832
23.45324
23.49465
23.49185
23.53817
23.49185
23.45324
23.44763
23.45184
23.40271
23.36130
23.27146
23.27356
23.18513
23.18092
23.13249
22.99843
22.90789
22.82155
22.73382
22.68469
22.59415
22.50501
22.37516
22.33094
22.23689
22.18635
22.14494
22.06142
21.96947
21.96386
21.91613
21.91754
21.96807
21.96947
22.09862
22.32884
22.46430
22.54501
22.68328
22.77804
22.91350
23.08476
23.17951
23.22443
23.31778
23.36130
23.40271
23.49465
23.53817
23.58520
23.58520
23.58379
23.54098
23.54098
23.49887
23.40832
23.40832
23.35638
23.40692
23.31778
23.22443
23.13529
23.04756
23.00123
22.91069
22.77383
22.68469
22.55063
22.50501
22.37656
22.37516
22.27900
22.18846
22.24250
22.14916
22.09722
22.05581
22.01229
21.92596
21.87893
21.88174
21.87121
21.87472
21.96807
22.10494
22.23689
22.41236
22.50501
22.50641
22.64117
22.72750
22.86718
23.00264
23.09037
23.17670
23.22443
23.31919
23.40552
23.44272
23.53957
23.54379
23.58379
23.58520
23.58239
23.54098
23.44763
23.45465
23.40552
23.36130
23.31217
23.18092
23.13529
23.09318
22.99983
22.90789
22.86437
22.72891
22.64258
22.55063
22.45868
22.37235
22.23408
22.19408
22.14635
22.09862
22.10213
22.06142
22.01089
21.96386
21.92034
21.92034
21.92596
21.91754
21.96246
22.05300
22.23970
22.37095
22.54782
22.59555
22.68750
22.91350
22.99843
23.08335
23.13389
23.23005
23.27005
23.35638
23.45184
23.45605
23.49465
23.44763
23.45184
23.45184
23.40411
23.36130
23.31919
23.22584
23.18232
23.13529
23.04265
22.95631
22.86718
22.82436
22.72891
22.64117
22.55344
22.46430
22.41868
22.32743
22.28602
22.19267
22.19127
22.10213
22.09441
22.05721
22.05861
22.10353
22.14635
22.14494
22.18846
22.42008
22.55063
22.73242
22.73242
22.86156
23.03984
23.13389
23.27637
23.26725
23.35638
23.44763
23.49746
23.49606
23.49606
23.49325
23.40692
23.35779
23.35779
23.26865
23.22724
23.13670
23.09458
22.99983
22.95351
22.86437
22.82296
22.72891
22.68890
22.59836
22.50922
22.45868
22.36954
22.36954
22.28041
22.23689
22.14775
22.14494
22.09722
22.10213
22.01861
22.05721
22.05581
22.10494
22.14775
22.32743
22.50781
22.64468
22.77663
22.86577
22.95210
23.17951
23.32059
23.40552
23.44623
23.54098
23.59011
23.63152
23.66872
23.63012
23.67644
23.58871
23.53957
23.49325
23.44623
23.36270
23.23145
23.13529
23.04615
22.95631
22.91631
22.82155
22.72750
22.64258
22.60116
22.50641
22.45728
22.37235
22.28462
22.28602
22.23127
22.28041
22.23970
22.23549
22.22987
22.27760
22.33235
22.37516
22.46289
22.50641
22.68750
22.86998
23.04475
23.12898
23.22864
23.36411
23.40411
23.53957
23.57958
23.67644
23.67363
23.67363
23.72206
23.72487
23.72066
23.67644
23.58099
23.49185
23.45324
23.50238
23.44763
23.31638
23.22443
23.18232
23.14091
23.00404
22.90789
22.82296
22.77383
22.68188
22.64117
22.59976
22.55344
22.46009
22.41096
22.37376
22.32603
22.27760
22.18846
22.23689
22.19127
22.18214
22.23689
22.28743
22.28041
22.41236
22.55063
22.64749
22.77242
22.82155
22.95982
23.09037
23.18092
23.22584
23.27356
23.35779
23.31217
23.40832
23.40832
23.44903
23.39990
23.36270
23.36411
23.31638
23.31076
23.22443
23.13670
23.04896
23.00264
22.99983
22.95982
22.90929
22.77944
22.72891
22.63977
22.54923
22.50781
22.46430
22.41727
22.41376
22.37235
22.46009
22.50220
22.59415
22.59836
22.64608
22.72891
22.77383
22.86437
22.87139
22.95491
23.08616
23.13529
23.18232
23.22724
23.27005
23.27005
23.27005
23.26865
23.22303
23.22864
23.09178
23.00404
23.04615
22.95351
22.91350
22.86437
22.76962
22.77523
22.69030
22.64117
22.63696
22.55203
22.55344
22.55484
22.59415
22.73101
22.86718
22.95351
23.09458
23.18372
23.26865
23.35989
23.44763
23.53957
23.62731
23.67363
23.71926
23.72206
23.76137
23.76418
23.72487
23.67363
23.71926
23.63292
23.53957
23.49325
23.35989
23.40692
23.27005
23.26725
23.13529
23.05037
23.00545
22.90929
22.82015
22.78085
22.73522
22.59274
22.55063
22.50501
22.46149
22.55063
22.55063
22.63977
22.72891
22.91069
23.03282
23.08757
23.17951
23.31497
23.35638
23.44623
23.49185
23.58520
23.67363
23.72487
23.72206
23.76558
23.72206
23.72347
23.62731
23.53817
23.53957
23.49746
23.44903
23.31497
23.22724
23.19004
23.13389
23.04475
22.86156
22.77242
22.77523
22.69030
22.59555
22.59695
22.50781
22.45728
22.41727
22.37376
22.36954
22.28602
22.28041
22.23408
22.23549
22.32322
22.41517
22.54501
22.63415
22.77944
22.91069
23.00123
23.04896
23.18092
23.26584
23.36130
23.45324
23.54098
23.62591
23.71645
23.76277
23.81261
23.76558
23.85612
23.80839
23.72066
23.71785
23.67644
23.67363
23.58660
23.49606
23.44623
23.40692
23.36270
23.27005
23.17670
23.08897
23.05317
22.95210
22.90367
22.82015
22.82717
22.78085
22.82155
22.77804
22.77804
22.82015
22.86437
22.95351
23.03984
23.13529
23.22443
23.26865
23.40271
23.49465
23.53957
23.62450
23.68206
23.76277
23.80559
23.85191
23.85612
23.85331
23.85191
23.81120
23.72347
23.67012
23.63433
23.63012
23.53957
23.44903
23.36270
23.26444
23.22584
23.18092
23.04615
22.95351
22.91210
22.82436
22.68609
22.68469
22.55063
22.59695
22.50781
22.46009
22.55063
22.64468
22.68609
22.77523
22.86437
23.09318
23.13810
23.22443
23.35989
23.40832
23.49325
23.53536
23.58520
23.62731
23.72206
23.67363
23.71926
23.67363
23.67644
23.63012
23.58239
23.54098
23.50238
23.44903
23.44903
23.31638
23.27356
23.22443
23.17811
23.08897
22.95631
22.95772
22.86718
22.82015
22.72610
22.68188
22.59836
22.55203
22.45728
22.36533
22.32743
22.28883
22.28321
22.28041
22.32322
22.50501
22.59695
22.63696
22.73242
22.82296
22.90789
23.04615
23.09458
23.13670
23.22303
23.26865
23.36551
23.40692
23.49185
23.54098
23.54238
23.58239
23.62871
23.63152
23.63152
23.58660
23.53536
23.54238
23.54379
23.49606
23.40131
23.35779
23.32199
23.27356
23.22162
23.09037
23.00685
22.99983
22.91210
22.81875
22.82155
22.73522
22.73242
22.59415
22.50501
22.46711
22.37516
22.36674
22.28181
22.19548
22.19408
22.18846
22.23408
22.28041
22.37235
22.49869
22.64749
22.64258
22.72891
22.81734
22.91069
23.00264
23.04896
23.13810
23.22303
23.27005
23.36270
23.36130
23.44903
23.49325
23.45324
23.49746
23.44903
23.45184
23.40411
23.36270
23.31497
23.35638
23.31497
23.31357
23.27356
23.23005
23.12898
23.08897
23.04756
22.90648
22.86156
22.82436
22.77663
22.72891
22.68890
22.59695
22.59415
22.46289
22.41868
22.41376
22.33094
22.32743
22.23549
22.23408
22.23689
22.23268
22.28883
22.37235
22.46430
22.64468
22.68188
22.77242
22.82436
22.90648
23.04896
23.09178
23.17951
23.23005
23.31497
23.36130
23.40552
23.45324
23.49044
23.53677
23.49746
23.49746
23.49185
23.45465
23.44903
23.36130
23.26584
23.27146
23.22303
23.18092
23.08897
23.00545
22.95351
22.90789
22.82155
22.82155
22.77523
22.73382
22.63977
22.63836
22.64117
22.59555
22.54642
22.50501
22.46149
22.46009
22.41517
22.41868
22.37235
22.28181
22.28462
22.32884
22.32743
22.37516
22.46570
22.54642
22.64468
22.73382
22.77242
22.86718
22.95631
23.04475
23.04475
23.13810
23.17951
23.18092
23.18372
23.13529
23.13529
23.09318
23.00825
22.99843
22.91631
22.91490
22.82436
22.77523
22.69171
22.68469
22.54923
22.46289
22.41868
22.36814
22.36954
22.33094
22.32603
22.40815
22.50220
22.51062
22.63977
22.73242
22.90789
23.00123
23.09178
23.18232
23.31357
23.35989
23.40411
23.45184
23.49325
23.49185
23.45184
23.45044
23.40552
23.32199
23.18232
23.04265
22.99843
22.81875
22.73101
22.55203
22.54782
22.45728
22.41517
22.32743
22.18986
22.23549
22.19127
22.33094
22.41868
22.55624
22.73242
22.86437
22.95772
23.09037
23.22584
23.31357
23.31778
23.44903
23.54379
23.58660
23.58379
23.62731
23.66872
23.71926
23.72487
23.58379
23.62731
23.53957
23.49325
23.40692
23.26865
23.31778
23.22584
23.18232
23.09178
22.95491
22.95491
22.86718
22.77523
22.68469
22.64117
22.55344
22.50922
22.40674
22.32603
22.36954
22.32462
22.46430
22.54782
22.63836
22.86577
22.91350
23.04265
23.13810
23.22724
23.31919
23.36270
23.45184
23.49185
23.58379
23.54379
23.54098
23.48904
23.44272
23.36551
23.27005
23.22584
23.13529
23.08757
22.95351
22.86156
22.82436
22.69030
22.59836
22.50641
22.51062
22.59836
22.64468
22.73382
22.82015
23.04265
23.09178
23.23145
23.31076
23.44763
23.50238
23.49325
23.58099
23.62731
23.63152
23.54098
23.49606
23.45465
23.36270
23.31357
23.18232
23.09318
22.99843
22.86858
22.77804
22.72329
22.59695
22.50781
22.36954
22.28462
22.23408
22.18846
22.14494
22.23549
22.37516
22.59836
22.68609
22.82155
23.00545
23.08757
23.17951
23.27005
23.36130
23.44623
23.54238
23.54098
23.58099
23.62871
23.63012
23.62731
23.54098
23.49606
23.40832
23.36130
23.27356
23.14091
23.09178
22.95070
22.82015
22.69030
22.59274
22.54782
22.46149
22.33235
22.28321
22.22987
22.23408
22.32603
22.46289
22.59555
22.77944
22.81875
22.91069
23.05037
23.17530
23.26163
23.31497
23.36270
23.45044
23.53817
23.49606
23.49606
23.44903
23.40271
23.31778
23.18232
23.13108
23.09037
22.95772
22.82296
22.68188
22.63977
22.46430
22.36674
22.23689
22.19829
22.19127
22.14354
22.28041
22.42008
22.64117
22.68469
22.82155
22.95351
23.09037
23.13529
23.22864
23.31497
23.39990
23.53817
23.53957
23.58520
23.67153
23.67363
23.67504
23.58099
23.53957
23.49606
23.40552
23.31497
23.13810
23.09599
22.91490
22.81875
22.68469
22.59695
22.59695
22.41727
22.28181
22.19267
22.14775
22.15056
22.05300
22.05581
22.10213
22.23829
22.32603
22.46289
22.55063
22.63275
22.86998
22.86858
22.99843
23.13249
23.23005
23.27497
23.31357
23.44763
23.45184
23.58239
23.58239
23.58520
23.63012
23.62591
23.67363
23.54379
23.53817
23.49044
23.45324
23.41394
23.27005
23.26865
23.13670
23.04475
22.90789
22.81875
22.78085
22.64258
22.50501
22.37235
22.33235
22.28321
22.23408
22.23408
22.32603
22.50501
22.55203
22.68750
22.82015
22.95070
23.08616
23.18372
23.31357
23.40271
23.49606
23.58379
23.67363
23.76418
23.85331
23.90385
23.94105
23.94386
23.94947
23.90385
23.80839
23.67784
23.63012
23.49746
23.36270
23.22303
23.04265
22.95351
22.77383
22.64258
22.46149
22.37516
22.32603
22.23268
22.15056
22.05861
22.19127
22.28041
22.51203
22.68609
22.82015
23.04756
23.09318
23.22443
23.31357
23.45324
23.49325
23.57958
23.67644
23.76558
23.85331
23.90034
23.94526
23.94947
23.94386
23.85051
23.71645
23.67925
23.54098
23.31778
23.09178
22.81734
22.63977
22.41727
22.18986
22.00808
21.91754
21.96947
22.15056
22.41868
22.64258
22.90929
22.90929
23.09037
23.22724
23.35779
23.54098
23.63433
23.76277
23.89894
24.12494
24.21759
24.21619
24.30392
24.30392
24.21619
23.94526
23.80980
23.54238
23.22724
22.86437
22.59274
22.50501
22.24250
22.00948
21.87472
21.87753
21.92596
22.14775
22.46430
22.72750
22.95351
23.04615
23.17811
23.35638
23.58660
23.72206
23.85612
23.94386
24.07932
24.12354
24.12494
24.03159
23.89894
23.63292
23.31217
23.08757
22.73242
22.37656
22.10213
21.96526
21.87893
21.79401
21.83401
22.14635
22.50220
22.64258
22.91771
23.13670
23.27356
23.53957
23.63292
23.85612
24.07651
24.25760
24.39587
24.43868
24.52361
24.53273
24.39587
24.16565
23.99018
23.63292
23.18653
22.73101
22.41236
22.27900
22.01229
21.87753
21.78488
21.69574
21.74628
21.88034
22.19127
22.54642
22.82155
23.00264
23.31497
23.54098
23.81611
24.08213
24.16705
24.39446
24.52642
24.61906
24.53133
24.43587
24.25900
23.94386
23.58871
23.13249
22.86718
22.51343
22.23689
22.05581
21.91754
21.92315
21.78488
21.78628
22.05721
22.41376
22.68890
22.95631
23.18372
23.40552
23.63012
23.71785
23.99299
24.25619
24.38885
24.52922
24.57555
24.66328
24.66328
24.61415
24.44008
24.21759
23.85472
23.40271
22.95351
22.59415
22.46430
22.14635
21.96807
21.83401
21.69715
21.79260
21.92596
22.23408
22.59695
22.86718
23.09458
23.27777
23.45324
23.75786
24.03159
24.12775
24.39165
24.56993
24.70820
24.79594
24.75803
24.66749
24.57414
24.52922
24.57555
24.62047
24.98264
25.28936
25.51536
25.64802
25.60871
25.47956
25.51957
25.91824
26.41938
26.51133
26.64187
26.64538
26.19057
25.79050
25.60310
25.47184
25.38130
25.29357
25.16021
24.97983
24.57835
24.03580
23.54098
23.13670
22.90508
22.59976
22.33235
22.10353
21.96386
22.09581
22.41727
22.86858
23.26865
23.49465
23.49325
23.63292
23.90245
24.21408
24.57555
24.70961
24.97983
25.11108
25.06616
24.93421
24.79734
24.65907
24.62187
24.62047
24.66749
24.65767
24.70680
24.70961
24.70680
24.70680
24.66468
24.66328
24.62187
24.62047
24.52782
24.48360
24.39587
24.25900
24.07932
23.81261
23.58379
23.22303
22.90789
22.64117
22.41376
22.37656
22.19127
22.05440
21.96947
21.82840
21.82980
21.78628
21.69715
21.65012
21.60941
21.60801
21.56098
21.74347
22.10213
22.46289
22.64117
22.95982
23.18372
23.40131
23.58660
23.67504
23.85472
24.02878
24.12634
24.16986
24.12354
24.03580
23.89753
23.76839
23.49606
23.36130
23.09037
22.82296
22.54923
22.32322
22.23689
22.05721
21.91754
21.83401
21.70206
21.74347
21.65293
21.60660
21.51185
21.51747
21.60660
21.73645
21.96947
22.23408
22.50641
22.64608
22.86718
22.99562
23.17951
23.31778
23.35989
23.49185
23.58871
23.67644
23.62731
23.53957
23.44763
23.35779
23.22864
23.13810
22.95631
22.73663
22.50360
22.23689
22.19267
22.01089
21.87753
21.74347
21.74487
21.65012
21.69715
21.74628
21.92596
22.14494
22.28321
22.50781
22.72891
22.91350
23.04475
23.13529
23.22864
23.27146
23.40131
23.40271
23.35989
23.22303
23.13529
23.00545
22.77663
22.67907
22.46009
22.28462
22.05159
21.83542
21.74066
21.69715
21.64731
21.60801
21.69715
21.78839
22.00667
22.23829
22.46570
22.64258
22.68469
22.86016
22.95772
23.09037
23.17811
23.27146
23.31357
23.40271
23.40692
23.36691
23.35638
23.22162
23.14231
22.99983
22.82155
22.73242
22.59836
22.41517
22.28181
22.10774
22.10353
22.00808
21.96667
21.92455
21.92034
22.00808
22.18986
22.32603
22.54782
22.77804
22.86998
23.08897
23.22443
23.36551
23.45044
23.49325
23.49606
23.49465
23.45044
23.31357
23.26865
23.09037
23.00123
22.91210
22.77663
22.68328
22.55203
22.41868
22.28462
22.10002
22.09862
22.10774
22.05721
22.05721
22.14494
22.19408
22.50922
22.73101
22.90648
23.04896
23.18232
23.22724
23.35989
23.54098
23.58660
23.62731
23.53536
23.49185
23.40552
23.31217
23.22443
23.04896
22.86718
22.72469
22.50641
22.37235
22.23689
22.10002
22.05861
22.05861
22.05581
22.19127
22.37235
22.58993
22.82015
22.87349
23.08616
23.26865
23.45044
23.54238
23.57818
23.67363
23.72206
23.67363
23.67784
23.62871
23.49325
23.40832
23.22443
23.04615
22.95772
22.76962
22.54923
22.46430
22.36954
22.32743
22.32743
22.28181
22.23829
22.19267
22.19127
22.18846
22.10213
22.00667
21.96807
21.92455
21.91754
21.96667
22.00948
22.14635
22.28462
22.55203
22.72329
22.86998
23.04615
23.09178
23.22724
23.36551
23.48904
23.63012
23.71645
23.67363
23.76979
23.67153
23.67644
23.63152
23.44763
23.35638
23.27356
23.13529
23.04265
22.86858
22.64608
22.50641
22.32743
22.23689
22.09862
22.00808
21.87472
21.82980
21.78348
21.74207
21.73926
21.65293
21.60801
21.60941
21.60520
21.60801
21.65293
21.83120
21.96526
22.28321
22.55344
22.73101
22.86718
22.95351
23.08897
23.22864
23.35989
23.53677
23.54098
23.58520
23.67012
23.62871
23.58379
23.58099
23.40552
23.22724
23.04475
22.81875
22.73101
22.55203
22.37235
22.18986
22.06142
22.00948
21.91894
21.87332
21.83120
21.74207
21.78348
21.74066
21.70206
21.70206
21.60099
21.65433
21.65574
21.60801
21.60941
21.56098
21.60660
21.61081
21.55466
21.56800
21.56379
21.56519
21.69293
21.92034
22.14494
22.32322
22.50641
22.68750
22.86296
23.08616
23.27356
23.26865
23.39990
23.49746
23.54519
23.62871
23.58379
23.54659
23.45465
23.31919
23.17811
23.04615
22.86718
22.64468
22.42008
22.19267
22.14494
22.05861
21.96807
21.91754
21.87472
21.83542
21.87612
21.83120
21.78839
21.78488
21.78628
21.78979
21.65012
21.65012
21.65152
21.60660
21.65433
21.73926
21.82980
22.00667
22.05581
22.32462
22.50922
22.73522
22.95070
23.08897
23.26865
23.40271
23.54238
23.76979
23.76418
23.89613
23.94807
23.98667
24.03299
23.94386
23.85472
23.71926
23.58379
23.45465
23.31217
23.04124
22.82436
22.64468
22.41517
22.32743
22.23408
22.14354
22.05581
21.96807
21.91754
21.91754
21.88314
21.83261
21.83120
21.78628
21.82980
21.78488
21.74066
21.69715
21.69715
21.82559
21.96526
22.19548
22.36814
22.45868
22.68890
22.82155
23.00264
23.14231
23.27005
23.40131
23.54098
23.72487
23.85472
23.90385
23.94526
24.03299
23.98878
23.99299
23.94105
23.80699
23.72206
23.53957
23.36130
23.27146
23.04615
22.90648
22.72891
22.59695
22.55063
22.46430
22.37095
22.27900
22.24391
22.19267
22.19127
22.15196
22.10353
22.05721
22.10002
22.09441
22.05581
22.10494
22.19267
22.33094
22.54782
22.68188
22.86718
22.99983
23.00404
23.17811
23.36270
23.49746
23.62591
23.76558
23.80980
23.94105
23.99158
24.12634
24.12213
24.12775
24.07932
24.03440
23.94245
23.89894
23.76558
23.63433
23.49325
23.31357
23.22584
22.99702
22.82155
22.73242
22.59415
22.50781
22.45588
22.40815
22.32743
22.28462
22.23408
22.23689
22.14354
22.14354
22.05581
22.10002
22.05581
22.05581
22.00948
22.00948
22.10634
22.23549
22.41096
22.59555
22.68750
22.77663
22.91069
23.04756
23.17811
23.35638
23.40692
23.49465
23.63152
23.67153
23.72066
23.81401
23.76558
23.72066
23.72347
23.66872
23.58379
23.49325
23.35498
23.31778
23.18372
23.08897
22.90789
22.77944
22.64117
22.59555
22.51062
22.41517
22.36954
22.33235
22.28041
22.28041
22.23970
22.23408
22.19688
22.19127
22.14354
22.14635
22.15056
22.14775
22.10213
22.10213
22.14775
22.09862
22.10213
22.09581
22.06142
22.05721
22.09862
22.06142
22.01369
22.05581
22.19688
22.28181
22.46009
22.50781
22.63977
22.82436
22.91210
23.08757
23.13389
23.31919
23.44482
23.59011
23.72206
23.76418
23.89753
23.94666
24.03159
24.12775
24.12634
24.21268
24.12354
24.08774
24.03440
23.98527
23.90525
23.76418
23.62871
23.58520
23.44903
23.35779
23.18092
23.04475
22.90648
22.86437
22.72891
22.68469
22.59695
22.50501
22.50220
22.41868
22.42008
22.36954
22.32603
22.28462
22.28181
22.23268
22.19688
22.18846
22.19267
22.14775
22.19408
22.18495
22.14635
22.10634
22.09862
22.09581
22.10494
22.10213
22.09862
22.05721
22.09862
22.09862
22.10353
22.10634
22.09722
22.14775
22.10774
22.14916
22.10494
22.15337
22.14494
22.14214
22.10353
22.05721
22.10353
22.14635
22.23689
22.32603
22.37516
22.41517
22.55344
22.64608
22.82155
22.90789
23.09178
23.18232
23.31217
23.40832
23.44903
23.58099
23.72347
23.81120
23.94105
23.99299
24.07792
24.07792
24.12775
24.07792
24.03299
23.99439
23.85472
23.76558
23.67153
23.58520
23.44763
23.26865
23.05458
22.95210
22.91069
22.82296
22.77523
22.73101
22.64608
22.55203
22.50220
22.50922
22.46149
22.41517
22.42008
22.37516
22.41517
22.37235
22.36954
22.36954
22.32182
22.33235
22.32884
22.28181
22.28462
22.23970
22.28041
22.28041
22.23408
22.23127
22.28321
22.42008
22.58853
22.68328
22.77804
22.82015
22.99422
23.13950
23.27356
23.35638
23.54098
23.58520
23.71926
23.85051
23.81261
23.94245
23.94105
23.98878
23.94947
23.94666
23.89473
23.71785
23.63292
23.54098
23.44131
23.26584
23.09318
22.95351
22.82155
22.77383
22.68890
22.59555
22.59555
22.51203
22.50922
22.45588
22.46149
22.46570
22.41727
22.41096
22.41376
22.37516
22.37516
22.36954
22.32322
22.37516
22.32322
22.36674
22.28321
22.32743
22.23549
22.32743
22.41376
22.59555
22.64117
22.82015
22.99983
23.18513
23.40552
23.44623
23.58871
23.72347
23.85472
23.99299
24.07932
24.16846
24.26181
24.34252
24.39446
24.48641
24.43868
24.39727
24.30041
24.16565
24.12213
23.94386
23.67363
23.49746
23.26725
23.18372
23.00545
22.86577
22.73522
22.63977
22.59415
22.55484
22.55063
22.46570
22.46289
22.45728
22.41868
22.41096
22.36674
22.32884
22.36954
22.28041
22.28181
22.28181
22.28041
22.28041
22.24110
22.28041
22.28321
22.41868
22.50641
22.64258
22.78085
22.95351
23.18232
23.31638
23.54238
23.62591
23.71364
23.90385
23.89894
24.07792
24.17126
24.30673
24.47939
24.48220
24.57555
24.53133
24.52782
24.44149
24.39587
24.26181
23.99299
23.76277
23.53957
23.40552
23.18372
22.95210
22.82015
22.68890
22.68188
22.59274
22.59695
22.55344
22.50220
22.46149
22.46289
22.46149
22.41868
22.41376
22.41376
22.37376
22.41868
22.36954
22.37235
22.32603
22.32322
22.32462
22.32884
22.32603
22.28041
22.28181
22.33235
22.28041
22.27900
22.32462
22.41727
22.59134
22.77523
22.86577
22.99843
23.17951
23.27497
23.49746
23.62731
23.67644
23.81261
23.94386
24.03299
24.17548
24.26321
24.39306
24.39867
24.52782
24.62047
24.66609
24.71241
24.61275
24.48220
24.39727
24.30041
24.16846
23.89894
23.67504
23.44763
23.26584
23.09318
22.91350
22.77383
22.64258
22.64468
22.55484
22.54782
22.46430
22.46149
22.41376
22.41517
22.41727
22.41517
22.37376
22.37235
22.32322
22.33235
22.32743
22.27900
22.28602
22.28321
22.28041
22.28462
22.28041
22.23408
22.23689
22.36814
22.46149
22.64468
22.72891
22.87139
23.09037
23.27146
23.45184
23.49185
23.71926
23.81120
23.94526
24.08774
24.20846
24.34673
24.39727
24.48220
24.57695
24.56712
24.62187
24.53133
24.48220
24.39587
24.34673
24.21408
24.03019
23.80839
23.62871
23.49325
23.31778
23.14231
22.95631
22.82155
22.82155
22.72891
22.69171
22.64117
22.59274
22.59976
22.55203
22.50220
22.50781
22.45868
22.46430
22.46149
22.50501
22.41236
22.41727
22.45728
22.37095
22.41376
22.41727
22.41517
22.32884
22.37235
22.41727
22.50501
22.64117
22.73522
22.90789
23.04265
23.18372
23.35638
23.39709
23.53957
23.71926
23.85331
24.03861
24.02457
24.16705
24.17407
24.17126
24.16565
24.12494
24.03440
23.89613
23.71926
23.49746
23.44623
23.27005
23.05037
22.91210
22.77383
22.77944
22.68609
22.68328
22.64117
22.59836
22.59415
22.54923
22.55203
22.54642
22.50501
22.50781
22.50641
22.50641
22.50781
22.46430
22.45588
22.41727
22.46430
22.50781
22.63696
22.77523
22.99983
23.17530
23.27005
23.35498
23.35638
23.49044
23.67644
23.85472
24.03580
24.12354
24.21619
24.34954
24.48220
24.61415
24.70680
24.80155
24.88788
24.97141
25.02475
25.06756
25.06195
25.02194
24.93280
24.84928
24.79734
24.66188
24.47939
24.21408
24.03440
23.89753
23.67784
23.40832
23.27005
23.08757
23.09178
22.91350
22.86296
22.77383
22.72891
22.73382
22.68328
22.68750
22.64468
22.59836
22.59836
22.59274
22.59695
22.55484
22.50641
22.50641
22.46149
22.50641
22.51062
22.46149
22.45588
22.46430
22.45868
22.50220
22.46289
22.41868
22.41868
22.41517
22.42008
22.41727
22.37235
22.37095
22.42289
22.50360
22.54923
22.63977
22.68609
22.77663
22.86437
23.05177
23.04896
23.22443
23.27356
23.31919
23.35779
23.40271
23.49746
23.53957
23.62731
23.72347
23.72487
23.76277
23.75996
23.76418
23.81120
23.85472
23.89753
23.90034
23.85612
23.94245
23.90666
23.85612
23.80839
23.80980
23.80839
23.80980
23.81120
23.80980
23.85331
23.86033
23.89753
23.71645
23.31919
22.95351
22.68890
22.59836
22.45728
22.41236
22.37235
22.32462
22.32462
22.23127
22.32603
22.32743
22.46570
22.46149
22.50501
22.46570
22.42008
22.18986
22.14916
22.01510
21.87472
21.87332
22.05861
22.09862
22.23549
22.41376
22.55063
22.72891
22.77383
22.86156
22.77383
22.73242
22.77804
22.82155
22.91350
23.09178
23.13249
23.27005
23.26865
23.40271
23.40552
23.49606
23.58379
23.67012
23.72487
23.71504
23.80980
23.81120
23.80980
23.76137
23.58660
23.49185
23.44623
23.40832
23.35989
23.08897
23.00404
22.91210
22.86296
22.86437
22.95631
22.99983
22.99843
23.00545
22.90929
22.95491
22.99983
23.09178
23.13670
23.17530
23.00264
22.82155
22.77383
22.77944
22.86577
22.95351
23.08897
23.31778
23.40271
23.58379
23.81261
24.08072
24.25760
24.39867
24.57134
24.75242
24.93701
24.93280
24.84156
24.75523
24.70961
24.62047
24.66890
24.52782
24.30392
24.12494
23.99018
23.94386
23.90034
23.85331
23.76137
23.72206
23.72487
23.67363
23.62871
23.58520
23.58099
23.54379
23.53957
23.49185
23.40411
23.40552
23.45044
23.36270
23.35989
23.27146
23.18092
23.18092
23.13810
23.13529
23.09037
23.04265
23.00545
23.00264
22.95210
22.95491
22.95491
23.00123
22.99702
22.95491
22.95210
22.86156
22.82717
22.77804
22.81875
23.00545
23.09178
23.13389
23.18513
23.31919
23.44131
23.57958
23.67644
23.76137
23.94947
23.99018
24.12073
24.12775
24.21759
24.34814
24.34954
24.30392
24.26040
24.16986
24.08213
23.89473
23.71926
23.58660
23.45465
23.22584
22.94789
22.86437
22.82436
22.72891
22.68188
22.64468
22.55484
22.55203
22.50781
22.41517
22.36954
22.32462
22.23970
22.18846
22.14635
22.14635
22.10494
22.09862
22.00948
22.01229
22.00948
21.97088
22.05861
22.10494
22.23268
22.32884
22.42148
22.50360
22.55063
22.64258
22.77523
22.86437
22.86718
22.91490
22.95351
23.00264
23.09599
23.00545
23.00123
22.95351
22.95351
22.91069
22.86296
22.82296
22.68188
22.63977
22.60116
22.59976
22.46009
22.41517
22.41868
22.32743
22.32462
22.23408
22.23689
22.19127
22.18635
22.14494
22.14916
22.10353
22.14494
22.10002
22.14494
22.09722
22.10002
22.10213
22.14635
22.10213
22.14775
22.09862
22.18846
22.19127
22.23829
22.33235
22.36533
22.50781
22.55344
22.64258
22.68328
22.77663
22.91069
23.00264
23.04265
23.13810
23.18372
23.18092
23.27005
23.27497
23.27146
23.22303
23.18232
23.13810
23.09318
23.04265
22.99843
22.95772
22.86437
22.86296
22.77523
22.77804
22.72891
22.64117
22.64608
22.64258
22.54923
22.54923
22.54221
22.50781
22.54923
22.50641
22.51343
22.50781
22.50641
22.51062
22.46430
22.50220
22.54501
22.50360
22.51062
22.46289
22.50501
22.50501
22.55484
22.50781
22.55344
22.69171
22.72891
22.82296
22.87139
22.99702
23.04475
23.13810
23.14091
23.22303
23.31217
23.31638
23.40692
23.45184
23.49325
23.58099
23.58520
23.63292
23.58099
23.62591
23.63292
23.54379
23.44903
23.45465
23.36130
23.30936
23.18232
23.13670
23.04756
23.00264
22.91069
22.91069
22.86577
22.81524
22.77523
22.72610
22.76962
22.72610
22.73522
22.68750
22.68609
22.68469
22.68750
22.72891
22.69030
22.68750
22.73101
22.73522
22.73101
22.72750
22.72750
22.73242
22.77242
22.77383
22.77663
22.77523
22.77242
22.77804
22.77523
22.77242
22.77523
22.82577
22.82155
22.82155
22.82436
22.82015
22.82015
22.82436
22.81524
22.86437
22.86577
22.95491
23.04896
23.04896
23.22443
23.27497
23.31778
23.35638
23.45044
23.54098
23.71926
23.80839
23.89473
23.94666
24.07932
24.07792
24.17267
24.21268
24.25479
24.35516
24.34673
24.34954
24.34814
24.25760
24.22040
24.17126
24.07651
23.99439
23.89894
23.80699
23.71926
23.58099
23.49606
23.40832
23.31217
23.27356
23.17530
23.09178
23.13950
23.04265
23.04756
22.95631
22.91069
22.91069
22.91210
22.86296
22.91210
22.91350
22.86718
22.91210
22.86718
22.91350
22.85875
22.91210
22.86858
22.86296
22.91350
22.91069
22.90789
22.91210
22.87139
22.90789
22.91912
22.91210
22.90929
22.91350
22.95351
22.95210
22.91631
22.90508
22.87139
22.95351
22.91350
22.95491
22.95351
22.95351
23.13389
23.22584
23.26444
23.36411
23.45044
23.45044
23.53677
23.63012
23.72206
23.89753
23.90385
23.98667
24.07651
24.12634
24.21408
24.21268
24.30252
24.34393
24.35095
24.34954
24.25900
24.17407
24.12354
24.08213
23.94386
23.80839
23.72347
23.63292
23.58379
23.45324
23.36411
23.27005
23.22724
23.13810
23.08616
23.04475
23.00123
23.00264
22.95351
22.95772
22.95351
22.95351
22.95631
22.95070
22.91210
22.95631
22.95631
22.91069
22.95491
22.95491
22.99983
22.95631
22.99843
22.95982
22.95631
23.00264
23.00545
22.99702
22.95070
22.95351
23.00123
23.04265
22.95631
22.95070
22.99983
23.00404
22.99843
22.95351
22.95772
22.95631
23.00545
22.99843
22.95631
23.04896
23.18092
23.22864
23.30936
23.31497
23.40552
23.53817
23.58520
23.72627
23.80699
23.89894
24.03721
24.07792
24.16565
24.26040
24.30532
24.39446
24.44500
24.48781
24.52922
24.57976
24.57274
24.52642
24.48781
24.48360
24.39587
24.25760
24.12354
23.99158
23.94386
23.81120
23.67644
23.49325
23.40552
23.36551
23.27356
23.22724
23.09037
23.08476
23.05037
23.04475
22.95210
23.00404
22.91210
22.95351
22.91631
22.86296
22.91210
22.82436
22.86437
22.82296
22.77663
22.86577
22.86718
22.86577
22.82155
22.82155
22.90648
22.91350
22.82436
22.86718
22.82577
22.86296
22.82015
22.77383
22.77523
22.77944
22.77804
22.77523
22.82436
22.86156
22.91350
23.09458
23.17811
23.22443
23.31919
23.54238
23.58239
23.81401
23.85472
23.99018
24.12494
24.16425
24.25760
24.26181
24.30041
24.34533
24.30673
24.25760
24.21408
24.12494
24.03299
23.90245
23.85753
23.80839
23.71645
23.63292
23.45184
23.35779
23.36270
23.26584
23.18092
23.13950
23.09037
23.09037
23.04124
22.99843
23.00404
22.99983
22.95491
22.95982
22.91069
22.91210
22.90929
22.90648
22.90929
22.91350
22.95491
23.04896
23.09037
23.22022
23.36270
23.40411
23.53957
23.59011
23.67504
23.76418
23.80980
23.89613
23.98386
24.08072
24.21408
24.25900
24.30673
24.30392
24.34673
24.35375
24.29901
24.26181
24.16846
24.16705
24.08353
23.99158
23.90245
23.90525
23.80699
23.77119
23.58379
23.53957
23.49185
23.45044
23.35498
23.23145
23.22724
23.18092
23.13810
23.13529
23.04615
22.99983
22.95631
22.90508
22.86437
22.86858
22.81875
22.82577
22.77523
22.73101
22.77804
22.77102
22.81875
22.86858
22.90929
23.09037
23.22724
23.30796
23.44903
23.49606
23.62731
23.67363
23.76979
23.84770
23.94105
23.99018
24.07792
24.12494
24.16846
24.16565
24.17407
24.12494
24.07932
24.03721
23.94666
23.89894
23.80839
23.72206
23.67504
23.58660
23.45044
23.35638
23.31357
23.27497
23.12898
23.04756
23.00404
22.95631
22.91069
22.81875
22.82155
22.82296
22.77383
22.73522
22.69030
22.72750
22.73522
22.68890
22.64117
22.64258
22.72891
22.68328
22.68609
22.68328
22.68609
22.73101
22.76962
22.86577
22.95772
23.13249
23.18232
23.27146
23.35989
23.44763
23.58871
23.67363
23.76418
23.86033
23.94666
23.98878
23.99158
24.12494
24.12494
24.20987
24.26040
24.25760
24.30252
24.30953
24.25338
24.25900
24.12775
