-0.03670
-0.08507
-0.13009
-0.16933
-0.20138
-0.22592
-0.24340
-0.25448
-0.25953
-0.25830
-0.24994
-0.23336
-0.20777
-0.17323
-0.13091
-0.08311
-0.03285
0.01669
0.06272
0.10337
0.13790
0.16665
0.19079
0.21195
0.23173
0.25135
0.27143
0.29181
0.31166
0.32961
0.34399
0.35308
0.35537
0.34971
0.33544
0.31244
0.28110
0.24224
0.19707
0.14707
0.09387
0.03924
-0.01502
-0.06710
-0.11527
-0.15806
-0.19437
-0.22371
-0.24626
-0.26283
-0.27475
-0.28366
-0.29134
-0.29950
-0.30955
-0.32240
-0.33812
-0.35575
-0.37309
-0.38686
-0.39311
-0.38797
-0.36855
-0.33375
-0.28471
-0.22472
-0.15853
-0.09137
-0.02780
0.02912
0.07819
0.11994
0.15598
0.18829
0.21852
0.24749
0.27516
0.30065
0.32259
0.33942
0.34977
0.35269
0.34799
0.33632
0.31909
0.29820
0.27546
0.25206
0.22826
0.20344
0.17651
0.14654
0.11330
0.07744
0.04029
0.00337
-0.03210
-0.06540
-0.09629
-0.12462
-0.15007
-0.17194
-0.18934
-0.20158
-0.20866
-0.21172
-0.21306
-0.21581
-0.22320
-0.23754
-0.25933
-0.28675
-0.31572
-0.34058
-0.35532
-0.35500
-0.33702
-0.30183
-0.25290
-0.19588
-0.13709
-0.08188
-0.03337
0.00824
0.04538
0.08206
0.12244
0.16928
0.22279
0.28024
0.33623
0.38383
0.41617
0.42819
0.41813
0.38831
0.34490
0.29665
0.25282
0.22087
0.20457
0.20327
0.21230
0.22455
0.23262
0.23073
0.21597
0.18860
0.15132
0.10810
0.06286
0.01863
-0.02277
-0.06049
-0.09421
-0.12374
-0.14898
-0.17010
-0.18781
-0.20337
-0.21837
-0.23428
-0.25196
-0.27147
-0.29215
-0.31297
-0.33296
-0.35144
-0.36798
-0.38205
-0.39262
-0.39788
-0.39537
-0.38260
-0.35793
-0.32143
-0.27524
-0.22337
-0.17076
-0.12194
-0.07985
-0.04516
-0.01630
0.00980
0.03652
0.06655
0.10108
0.13973
0.18083
0.22207
0.26111
0.29616
0.32610
0.35055
0.36967
0.38392
0.39390
0.40023
0.40348
0.40405
0.40207
0.39727
0.38891
0.37595
0.35729
0.33211
0.30025
0.26225
0.21927
0.17289
0.12482
0.07681
0.03058
-0.01216
-0.04992
-0.08159
-0.10676
-0.12588
-0.14007
-0.15088
-0.15985
-0.16818
-0.17667
-0.18587
-0.19636
-0.20895
-0.22470
-0.24465
-0.26933
-0.29832
-0.32998
-0.36146
-0.38926
-0.40986
-0.42065
-0.42046
-0.40978
-0.39053
-0.36536
-0.33691
-0.30720
-0.27731
-0.24746
-0.21730
-0.18636
-0.15429
-0.12103
-0.08668
-0.05139
-0.01524
0.02179
0.05964
0.09803
0.13630
0.17352
0.20874
0.24130
0.27120
0.29916
0.32637
0.35398
0.38254
0.41151
0.43923
0.46316
0.48057
0.48927
0.48826
0.47792
0.45992
0.43658
0.41026
0.38272
0.35480
0.32638
0.29655
0.26391
0.22681
0.18364
0.13316
0.07498
0.01000
-0.05926
-0.12872
-0.19332
-0.24805
-0.28910
-0.31471
-0.32553
-0.32441
-0.31571
-0.30457
-0.29610
-0.29470
-0.30347
-0.32359
-0.35400
-0.39128
-0.43012
-0.46425
-0.48775
-0.49634
-0.48829
-0.46475
-0.42925
-0.38652
-0.34120
-0.29655
-0.25380
-0.21235
-0.17049
-0.12654
-0.07984
-0.03116
0.01760
0.06421
0.10707
0.14586
0.18165
0.21628
0.25157
0.28837
0.32616
0.36306
0.39635
0.42331
0.44186
0.45114
0.45150
0.44435
0.43157
0.41502
0.39610
0.37545
0.35302
0.32833
0.30082
0.27037
0.23757
0.20379
0.17089
0.14062
0.11392
0.09035
0.06798
0.04377
0.01456
-0.02186
-0.06590
-0.11594
-0.16892
-0.22150
-0.27115
-0.31683
-0.35881
-0.39775
-0.43360
-0.46472
-0.48786
-0.49894
-0.49434
-0.47230
-0.43380
-0.38256
-0.32419
-0.26475
-0.20919
-0.16029
-0.11819
-0.08092
-0.04533
-0.00839
0.03180
0.07541
0.12096
0.16591
0.20758
0.24404
0.27462
0.29987
0.32104
0.33918
0.35427
0.36484
0.36817
0.36118
0.34151
0.30855
0.26380
0.21044
0.15243
0.09339
0.03573
-0.01958
-0.07277
-0.12456
-0.17539
-0.22481
-0.27113
-0.31156
-0.34265
-0.36105
-0.36438
-0.35195
-0.32516
-0.28734
-0.24311
-0.19733
-0.15403
-0.11558
-0.08239
-0.05316
-0.02563
0.00255
0.03294
0.06586
0.10035
0.13456
0.16636
0.19396
0.21642
0.23381
0.24708
0.25770
0.26708
0.27613
0.28491
0.29254
0.29735
0.29726
0.29025
0.27478
0.25023
0.21710
0.17704
0.13274
0.08763
0.04530
0.00892
-0.01953
-0.03973
-0.05333
-0.06364
-0.07485
-0.09104
-0.11503
-0.14773
-0.18789
-0.23255
-0.27777
-0.31951
-0.35433
-0.37977
-0.39438
-0.39764
-0.38989
-0.37223
-0.34651
-0.31513
-0.28064
-0.24525
-0.21032
-0.17603
-0.14159
-0.10565
-0.06700
-0.02510
0.01960
0.06588
0.11215
0.15692
0.19914
0.23815
0.27343
0.30430
0.32971
0.34835
0.35896
0.36073
0.35363
0.33859
0.31740
0.29250
0.26655
0.24195
0.22037
0.20228
0.18680
0.17181
0.15446
0.13198
0.10252
0.06584
0.02335
-0.02225
-0.06787
-0.11093
-0.14991
-0.18452
-0.21516
-0.24237
-0.26630
-0.28661
-0.30285
-0.31498
-0.32381
-0.33104
-0.33875
-0.34846
-0.36035
-0.37263
-0.38172
-0.38298
-0.37194
-0.34559
-0.30326
-0.24702
-0.18110
-0.11091
-0.04172
0.02245
0.07949
0.12911
0.17235
0.21084
0.24606
0.27893
0.30962
0.33775
0.36263
0.38353
0.39992
0.41155
0.41834
0.42031
0.41746
0.40981
0.39757
0.38131
0.36208
0.34129
0.32035
0.30011
0.28041
0.25976
0.23561
0.20508
0.16599
0.11791
0.06259
0.00379
-0.05375
-0.10564
-0.14913
-0.18374
-0.21119
-0.23449
-0.25678
-0.28020
-0.30532
-0.33127
-0.35635
-0.37895
-0.39830
-0.41490
-0.43032
-0.44663
-0.46550
-0.48731
-0.51058
-0.53192
-0.54660
-0.54962
-0.53702
-0.50698
-0.46037
-0.40056
-0.33242
-0.26104
-0.19040
-0.12258
-0.05772
0.00525
0.06754
0.12954
0.19035
0.24805
0.30039
0.34570
0.38342
0.41428
0.43993
0.46237
0.48332
0.50386
0.52417
0.54357
0.56058
0.57302
0.57829
0.57372
0.55717
0.52764
0.48581
0.43405
0.37605
0.31598
0.25748
0.20291
0.15299
0.10702
0.06344
0.02062
-0.02248
-0.06593
-0.10884
-0.14974
-0.18713
-0.21995
-0.24796
-0.27168
-0.29216
-0.31049
-0.32746
-0.34341
-0.35834
-0.37219
-0.38516
-0.39776
-0.41059
-0.42387
-0.43688
-0.44760
-0.45284
-0.44883
-0.43221
-0.40114
-0.35594
-0.29921
-0.23502
-0.16779
-0.10097
-0.03630
0.02616
0.08736
0.14805
0.20791
0.26509
0.31664
0.35948
0.39147
0.41213
0.42257
0.42475
0.42044
0.41039
0.39397
0.36965
0.33589
0.29198
0.23872
0.17843
0.11453
0.05076
-0.00952
-0.06390
-0.11116
-0.15112
-0.18437
-0.21190
-0.23488
-0.25453
-0.27205
-0.28849
-0.30438
-0.31935
-0.33172
-0.33849
-0.33581
-0.31999
-0.28874
-0.24230
-0.18394
-0.11952
-0.05618
-0.00047
0.04346
0.07492
0.09666
0.11373
0.13165
0.15462
0.18432
0.21968
0.25751
0.29368
0.32435
0.34680
0.35984
0.36366
0.35942
0.34875
0.33342
0.31504
0.29504
0.27449
0.25396
0.23327
0.21127
0.18595
0.15474
0.11525
0.06611
0.00766
-0.05782
-0.12632
-0.19283
-0.25235
-0.30088
-0.33614
-0.35803
-0.36861
-0.37169
-0.37193
-0.37369
-0.37980
-0.39058
-0.40352
-0.41357
-0.41445
-0.40036
-0.36787
-0.31722
-0.25273
-0.18178
-0.11289
-0.05313
-0.00608
0.02919
0.05758
0.08599
0.12072
0.16499
0.21767
0.27333
0.32389
0.36099
0.37849
0.37418
0.35032
0.31279
0.26929
0.22723
0.19192
0.16563
0.14773
0.13570
0.12650
0.11776
0.10842
0.09853
0.08855
0.07853
0.06768
0.05451
0.03758
0.01630
-0.00840
-0.03421
-0.05805
-0.07717
-0.09009
-0.09712
-0.10016
-0.10200
-0.10542
-0.11227
-0.12300
-0.13654
-0.15060
-0.16222
-0.16846
-0.16708
-0.15714
-0.13933
-0.11599
-0.09066
-0.06729
-0.04924
-0.03850
-0.03525
-0.03809
-0.04474
-0.05294
-0.06112
-0.06861
-0.07533
-0.08111
-0.08495
-0.08477
-0.07763
-0.06058
-0.03184
0.00824
0.05680
0.10871
0.15762
0.19722
0.22240
0.23011
0.21967
0.19275
0.15299
0.10544
0.05590
0.01011
-0.02715
-0.05280
-0.06588
-0.06750
-0.06027
-0.04743
-0.03199
-0.01631
-0.00205
0.00941
0.01658
0.01775
0.01134
-0.00343
-0.02566
-0.05238
-0.07866
-0.09861
-0.10678
-0.09964
-0.07671
-0.04072
0.00309
0.04838
0.08921
0.12129
0.14251
0.15279
0.15345
0.14654
0.13419
0.11836
0.10075
0.08295
0.06652
0.05308
0.04418
0.04113
0.04455
0.05391
0.06714
0.08059
0.08951
0.08907
0.07567
0.04831
0.00921
-0.03637
-0.08137
-0.11883
-0.14380
-0.15462
-0.15312
-0.14368
-0.13152
-0.12087
-0.11365
-0.10919
-0.10482
-0.09732
-0.08439
-0.06578
-0.04354
-0.02146
-0.00386
0.00578
0.00600
-0.00229
-0.01606
-0.03116
-0.04365
-0.05091
-0.05232
-0.04919
-0.04416
-0.04020
-0.03973
-0.04398
-0.05285
-0.06513
-0.07913
-0.09329
-0.10678
-0.11968
-0.13265
-0.14626
-0.16008
-0.17214
-0.17888
-0.17582
-0.15886
-0.12569
-0.07684
-0.01594
0.05088
0.11655
0.17481
0.22168
0.25619
0.28006
0.29664
0.30946
0.32097
0.33197
0.34167
0.34841
0.35050
0.34678
0.33680
0.32049
0.29776
0.26820
0.23120
0.18645
0.13449
0.07717
0.01767
-0.04010
-0.09229
-0.13599
-0.16981
-0.19391
-0.20964
-0.21898
-0.22393
-0.22620
-0.22712
-0.22774
-0.22886
-0.23109
-0.23473
-0.23969
-0.24534
-0.25053
-0.25362
-0.25268
-0.24574
-0.23114
-0.20790
-0.17607
-0.13696
-0.09311
-0.04794
-0.00504
0.03263
0.06350
0.08772
0.10695
0.12363
0.14012
0.15788
0.17704
0.19653
0.21454
0.22921
0.23906
0.24325
0.24123
0.23241
0.21571
0.18965
0.15281
0.10474
0.04684
-0.01720
-0.08159
-0.13959
-0.18501
-0.21389
-0.22550
-0.22252
-0.21018
-0.19474
-0.18173
-0.17445
-0.17326
-0.17568
-0.17726
-0.17296
-0.15861
-0.13209
-0.09397
-0.04746
0.00232
0.04959
0.08926
0.11816
0.13564
0.14356
0.14558
0.14609
0.14897
0.15674
0.17006
0.18784
0.20767
0.22654
0.24155
0.25042
0.25189
0.24577
0.23291
0.21499
0.19421
0.17283
0.15278
0.13515
0.11994
0.10590
0.09076
0.07174
0.04633
0.01315
-0.02751
-0.07353
-0.12151
-0.16775
-0.20943
-0.24545
-0.27670
-0.30550
-0.33446
-0.36513
-0.39690
-0.42665
-0.44924
-0.45882
-0.45054
-0.42209
-0.37457
-0.31251
-0.24273
-0.17269
-0.10867
-0.05438
-0.01047
0.02503
0.05552
0.08441
0.11400
0.14492
0.17633
0.20654
0.23391
0.25743
0.27699
0.29321
0.30687
0.31845
0.32779
0.33405
0.33605
0.33273
0.32352
0.30856
0.28863
0.26486
0.23832
0.20961
0.17875
0.14530
0.10880
0.06933
0.02801
-0.01295
-0.05058
-0.08206
-0.10572
-0.12193
-0.13331
-0.14432
-0.15998
-0.18430
-0.21886
-0.26205
-0.30921
-0.35379
-0.38902
-0.40958
-0.41282
-0.39914
-0.37151
-0.33449
-0.29295
-0.25108
-0.21179
-0.17651
-0.14549
-0.11806
-0.09306
-0.06902
-0.04439
-0.01769
0.01244
0.04706
0.08685
0.13199
0.18204
0.23587
0.29163
0.34681
0.39849
0.44362
0.47927
0.50295
0.51294
0.50859
0.49056
0.46097
0.42323
0.38155
0.34008
0.30196
0.26843
0.23834
0.20834
0.17371
0.12980
0.07358
0.00481
-0.07348
-0.15546
-0.23387
-0.30176
-0.35412
-0.38893
-0.40735
-0.41307
-0.41131
-0.40769
-0.40729
-0.41396
-0.42977
-0.45459
-0.48566
-0.51767
-0.54342
-0.55522
-0.54679
-0.51508
-0.46142
-0.39123
-0.31260
-0.23390
-0.16146
-0.09807
-0.04284
0.00766
0.05762
0.11015
0.16618
0.22432
0.28156
0.33444
0.38021
0.41752
0.44660
0.46885
0.48608
0.49986
0.51093
0.51907
0.52320
0.52182
0.51352
0.49754
0.47408
0.44441
0.41063
0.37504
0.33951
0.30474
0.26994
0.23290
0.19056
0.14001
0.07962
0.00989
-0.06624
-0.14380
-0.21689
-0.28008
-0.32968
-0.36450
-0.38577
-0.39645
-0.40007
-0.39978
-0.39770
-0.39501
-0.39242
-0.39085
-0.39176
-0.39704
-0.40826
-0.42567
-0.44735
-0.46884
-0.48373
-0.48494
-0.46662
-0.42583
-0.36368
-0.28530
-0.19867
-0.11259
-0.03441
0.03162
0.08506
0.12871
0.16716
0.20500
0.24527
0.28874
0.33397
0.37816
0.41823
0.45178
0.47766
0.49588
0.50725
0.51271
0.51288
0.50778
0.49699
0.47999
0.45666
0.42749
0.39360
0.35631
0.31656
0.27444
0.22899
0.17853
0.12147
0.05718
-0.01313
-0.08615
-0.15696
-0.22009
-0.27096
-0.30703
-0.32841
-0.33761
-0.33859
-0.33559
-0.33201
-0.32983
-0.32952
-0.33054
-0.33200
-0.33330
-0.33447
-0.33615
-0.33923
-0.34433
-0.35130
-0.35902
-0.36538
-0.36768
-0.36315
-0.34951
-0.32554
-0.29122
-0.24781
-0.19755
-0.14321
-0.08759
-0.03302
0.01904
0.06818
0.11500
0.16076
0.20690
0.25440
0.30331
0.35252
0.39976
0.44205
0.47631
0.50004
0.51187
0.51183
0.50118
0.48207
0.45681
0.42736
0.39497
0.36010
0.32273
0.28277
0.24050
0.19678
0.15299
0.11073
0.07141
0.03595
0.00467
-0.02258
-0.04616
-0.06642
-0.08354
-0.09766
-0.10903
-0.11835
-0.12689
-0.13645
-0.14904
-0.16637
-0.18925
-0.21722
-0.24844
-0.28006
-0.30892
-0.33237
-0.34899
-0.35886
-0.36340
-0.36480
-0.36520
-0.36596
-0.36709
-0.36722
-0.36398
-0.35466
-0.33710
-0.31026
-0.27460
-0.23182
-0.18438
-0.13471
-0.08456
-0.03462
0.01536
0.06619
0.11853
0.17222
0.22602
0.27766
0.32437
0.36352
0.39321
0.41253
0.42162
0.42158
0.41422
0.40186
0.38690
0.37124
0.35556
0.33893
0.31886
0.29212
0.25599
0.20951
0.15425
0.09421
0.03482
-0.01845
-0.06149
-0.09239
-0.11156
-0.12113
-0.12402
-0.12305
-0.12050
-0.11809
-0.11728
-0.11960
-0.12675
-0.14021
-0.16067
-0.18738
-0.21779
-0.24777
-0.27246
-0.28744
-0.29000
-0.27996
-0.25976
-0.23373
-0.20676
-0.18268
-0.16309
-0.14680
-0.13024
-0.10866
-0.07770
-0.03493
0.01913
0.08084
0.14418
0.20224
0.24901
0.28095
0.29786
0.30259
0.29985
0.29436
0.28914
0.28453
0.27822
0.26637
0.24523
0.21281
0.16985
0.11999
0.06887
0.02274
-0.01326
-0.03632
-0.04664
-0.04731
-0.04352
-0.04138
-0.04659
-0.06336
-0.09358
-0.13654
-0.18907
-0.24609
-0.30145
-0.34886
-0.38278
-0.39928
-0.39660
-0.37550
-0.33910
-0.29238
-0.24119
-0.19108
-0.14619
-0.10842
-0.07726
-0.05028
-0.02414
0.00427
0.03673
0.07328
0.11229
0.15122
0.18750
0.21938
0.24632
0.26889
0.28831
0.30578
0.32191
0.33642
0.34824
0.35585
0.35775
0.35291
0.34092
0.32197
0.29659
0.26545
0.22919
0.18845
0.14407
0.09724
0.04960
0.00315
-0.04013
-0.07870
-0.11188
-0.13999
-0.16424
-0.18626
-0.20762
-0.22932
-0.25166
-0.27427
-0.29639
-0.31732
-0.33666
-0.35447
-0.37107
-0.38662
-0.40065
-0.41154
-0.41649
-0.41182
-0.39383
-0.35994
-0.30971
-0.24541
-0.17178
-0.09504
-0.02133
0.04470
0.10095
0.14794
0.18815
0.22488
0.26096
0.29786
0.33528
0.37134
0.40320
0.42781
0.44268
0.44643
0.43899
0.42147
0.39581
0.36434
0.32924
0.29226
0.25446
0.21619
0.17718
0.13682
0.09442
0.04951
0.00201
-0.04761
-0.09848
-0.14941
-0.19913
-0.24636
-0.28983
-0.32820
-0.35989
-0.38311
-0.39599
-0.39686
-0.38461
-0.35915
-0.32158
-0.27435
-0.22100
-0.16581
-0.11318
-0.06689
-0.02952
-0.00202
0.01638
0.02803
0.03632
0.04498
0.05735
0.07569
0.10072
0.13148
0.16554
0.19956
0.22996
0.25366
0.26864
0.27418
0.27083
0.26004
0.24369
0.22355
0.20092
0.17645
0.15009
0.12137
0.08968
0.05464
0.01632
-0.02465
-0.06724
-0.11032
-0.15296
-0.19456
-0.23479
-0.27318
-0.30868
-0.33937
-0.36247
-0.37488
-0.37385
-0.35783
-0.32690
-0.28289
-0.22902
-0.16925
-0.10760
-0.04759
0.00814
0.05796
0.10130
0.13852
0.17070
0.19927
0.22560
0.25053
0.27408
0.29537
0.31290
0.32494
0.33015
0.32796
0.31886
0.30416
0.28559
0.26468
0.24218
0.21784
0.19056
0.15883
0.12145
0.07814
0.02985
-0.02131
-0.07248
-0.12082
-0.16421
-0.20182
-0.23434
-0.26368
-0.29228
-0.32216
-0.35408
-0.38685
-0.41735
-0.44100
-0.45282
-0.44874
-0.42676
-0.38765
-0.33490
-0.27401
-0.21126
-0.15232
-0.10117
-0.05946
-0.02661
-0.00032
0.02249
0.04481
0.06891
0.09600
0.12630
0.15923
0.19366
0.22816
0.26111
0.29086
0.31593
0.33518
0.34808
0.35482
0.35627
0.35380
0.34888
0.34270
0.33585
0.32817
0.31891
0.30705
0.29170
0.27250
0.24980
0.22457
0.19810
0.17154
0.14550
0.11984
0.09371
0.06580
0.03481
-0.00009
-0.03891
-0.08069
-0.12354
-0.16507
-0.20300
-0.23580
-0.26326
-0.28665
-0.30838
-0.33137
-0.35811
-0.38995
-0.42661
-0.46621
-0.50551
-0.54041
-0.56645
-0.57926
-0.57511
-0.55154
-0.50798
-0.44626
-0.37060
-0.28704
-0.20227
-0.12237
-0.05171
0.00756
0.05542
0.09339
0.12380
0.14909
0.17135
0.19221
0.21278
0.23388
0.25609
0.27980
0.30514
0.33190
0.35948
0.38693
0.41308
0.43663
0.45627
0.47075
0.47905
0.48047
0.47479
0.46233
0.44386
0.42037
0.39279
0.36180
0.32775
0.29071
0.25076
0.20815
0.16352
0.11792
0.07261
0.02873
-0.01313
-0.05328
-0.09314
-0.13496
-0.18118
-0.23342
-0.29154
-0.35305
-0.41331
-0.46653
-0.50738
-0.53273
-0.54275
-0.54115
-0.53409
-0.52833
-0.52888
-0.53721
-0.55044
-0.56192
-0.56315
-0.54639
-0.50708
-0.44535
-0.36597
-0.27689
-0.18691
-0.10323
-0.02988
0.03269
0.08680
0.13607
0.18385
0.23215
0.28124
0.33005
0.37672
0.41941
0.45679
0.48819
0.51359
0.53335
0.54788
0.55749
0.56215
0.56156
0.55516
0.54227
0.52232
0.49495
0.46019
0.41847
0.37066
0.31802
0.26217
0.20502
0.14863
0.09489
0.04523
0.00030
-0.04026
-0.07771
-0.11387
-0.15053
-0.18878
-0.22849
-0.26817
-0.30535
-0.33736
-0.36220
-0.37928
-0.38951
-0.39490
-0.39763
-0.39921
-0.40002
-0.39940
-0.39638
-0.39056
-0.38287
-0.37573
-0.37247
-0.37613
-0.38802
-0.40668
-0.42751
-0.44349
-0.44681
-0.43097
-0.39271
-0.33300
-0.25688
-0.17203
-0.08662
-0.00723
0.06249
0.12214
0.17379
0.22073
0.26604
0.31163
0.35781
0.40350
0.44672
0.48533
0.51753
0.54222
0.55903
0.56822
0.57045
0.56653
0.55723
0.54312
0.52458
0.50179
0.47495
0.44430
0.41023
0.37316
0.33352
0.29161
0.24767
0.20197
0.15491
0.10705
0.05897
0.01095
-0.03724
-0.08637
-0.13736
-0.19065
-0.24552
-0.29972
-0.34978
-0.39184
-0.42282
-0.44140
-0.44838
-0.44633
-0.43860
-0.42822
-0.41704
-0.40560
-0.39363
-0.38103
-0.36883
-0.35953
-0.35659
-0.36313
-0.38024
-0.40563
-0.43328
-0.45451
-0.46011
-0.44302
-0.40058
-0.33538
-0.25452
-0.16750
-0.08352
-0.00922
0.05257
0.10263
0.14425
0.18158
0.21816
0.25610
0.29584
0.33655
0.37677
0.41504
0.45028
0.48181
0.50924
0.53217
0.54991
0.56149
0.56576
0.56178
0.54918
0.52841
0.50083
0.46845
0.43340
0.39743
0.36141
0.32512
0.28743
0.24673
0.20149
0.15083
0.09492
0.03501
-0.02674
-0.08774
-0.14551
-0.19815
-0.24469
-0.28517
-0.32049
-0.35221
-0.38214
-0.41207
-0.44346
-0.47717
-0.51334
-0.55114
-0.58863
-0.62270
-0.64912
-0.66305
-0.65978
-0.63588
-0.59019
-0.52462
-0.44408
-0.35561
-0.26689
-0.18444
-0.11231
-0.05144
-0.00000
0.04557
0.08922
0.13394
0.18098
0.22964
0.27768
0.32214
0.36032
0.39054
0.41248
0.42706
0.43598
0.44116
0.44425
0.44636
0.44802
0.44925
0.44959
0.44818
0.44373
0.43460
0.41908
0.39571
0.36386
0.32411
0.27842
0.22987
0.18203
0.13801
0.09948
0.06619
0.03591
0.00520
-0.02951
-0.07065
-0.11873
-0.17215
-0.22782
-0.28216
-0.33219
-0.37626
-0.41419
-0.44688
-0.47547
-0.50059
-0.52172
-0.53713
-0.54423
-0.54043
-0.52404
-0.49497
-0.45499
-0.40729
-0.35552
-0.30276
-0.25072
-0.19969
-0.14905
-0.09820
-0.04741
0.00190
0.04751
0.08711
0.11918
0.14356
0.16158
0.17560
0.18845
0.20264
0.21983
0.24061
0.26454
0.29046
0.31683
0.34208
0.36478
0.38372
0.39799
0.40698
0.41036
0.40809
0.40042
0.38784
0.37097
0.35055
0.32723
0.30155
0.27386
0.24433
0.21307
0.18024
0.14608
0.11094
0.07508
0.03850
0.00081
-0.03871
-0.08082
-0.12588
-0.17341
-0.22189
-0.26897
-0.31209
-0.34920
-0.37954
-0.40394
-0.42462
-0.44445
-0.46585
-0.48972
-0.51472
-0.53725
-0.55215
-0.55397
-0.53842
-0.50356
-0.45029
-0.38216
-0.30441
-0.22278
-0.14242
-0.06721
0.00053
0.05984
0.11082
0.15429
0.19149
0.22385
0.25271
0.27912
0.30354
0.32582
0.34529
0.36098
0.37199
0.37779
0.37837
0.37429
0.36650
0.35615
0.34435
0.33197
0.31953
0.30721
0.29485
0.28212
0.26854
0.25364
0.23699
0.21822
0.19698
0.17296
0.14586
0.11533
0.08104
0.04260
-0.00030
-0.04783
-0.09974
-0.15517
-0.21243
-0.26899
-0.32171
-0.36734
-0.40309
-0.42726
-0.43961
-0.44147
-0.43544
-0.42479
-0.41260
-0.40092
-0.39010
-0.37860
-0.36332
-0.34041
-0.30648
-0.25966
-0.20028
-0.13099
-0.05621
0.01893
0.08958
0.15210
0.20442
0.24604
0.27766
0.30073
0.31700
0.32818
0.33575
0.34085
0.34416
0.34576
0.34509
0.34091
0.33151
0.31515
0.29058
0.25765
0.21766
0.17339
0.12863
0.08730
0.05243
0.02533
0.00527
-0.01011
-0.02398
-0.03924
-0.05778
-0.08033
-0.10685
-0.13713
-0.17122
-0.20930
-0.25114
-0.29530
-0.33870
-0.37670
-0.40391
-0.41542
-0.40814
-0.38172
-0.33879
-0.28446
-0.22516
-0.16720
-0.11554
-0.07309
-0.04051
-0.01669
0.00057
0.01374
0.02500
0.03587
0.04713
0.05891
0.07096
0.08290
0.09450
0.10587
0.11756
0.13043
0.14544
0.16333
0.18425
0.20758
0.23190
0.25515
0.27503
0.28945
0.29706
0.29755
0.29172
0.28127
0.26832
0.25481
0.24200
0.23019
0.21866
0.20611
0.19107
0.17254
0.15034
0.12521
0.09868
0.07263
0.04872
0.02801
0.01058
-0.00447
-0.01886
-0.03476
-0.05430
-0.07915
-0.11011
-0.14694
-0.18827
-0.23182
-0.27476
-0.31422
-0.34788
-0.37452
-0.39431
-0.40870
-0.41997
-0.43030
-0.44081
-0.45086
-0.45793
-0.45819
-0.44768
-0.42370
-0.38572
-0.33569
-0.27742
-0.21552
-0.15420
-0.09649
-0.04404
0.00268
0.04389
0.08013
0.11208
0.14063
0.16691
0.19218
0.21760
0.24389
0.27109
0.29851
0.32493
0.34892
0.36924
0.38502
0.39584
0.40168
0.40278
0.39951
0.39231
0.38169
0.36819
0.35237
0.33470
0.31548
0.29472
0.27215
0.24731
0.21973
0.18921
0.15596
0.12078
0.08495
0.04999
0.01727
-0.01236
-0.03883
-0.06286
-0.08578
-0.10916
-0.13438
-0.16234
-0.19334
-0.22715
-0.26322
-0.30091
-0.33955
-0.37829
-0.41574
-0.44971
-0.47711
-0.49440
-0.49837
-0.48701
-0.46029
-0.42022
-0.37052
-0.31575
-0.26029
-0.20750
-0.15930
-0.11618
-0.07750
-0.04208
-0.00876
0.02324
0.05413
0.08358
0.11104
0.13604
0.15850
0.17893
0.19835
0.21804
0.23913
0.26208
0.28643
0.31064
0.33235
0.34896
0.35824
0.35902
0.35147
0.33700
0.31777
0.29593
0.27298
0.24936
0.22451
0.19729
0.16654
0.13167
0.09307
0.05208
0.01074
-0.02873
-0.06459
-0.09613
-0.12402
-0.15021
-0.17746
-0.20833
-0.24412
-0.28398
-0.32460
-0.36075
-0.38648
-0.39671
-0.38868
-0.36277
-0.32248
-0.27347
-0.22208
-0.17371
-0.13153
-0.09601
-0.06519
-0.03567
-0.00385
0.03282
0.07508
0.12154
0.16907
0.21345
0.25033
0.27619
0.28898
0.28861
0.27697
0.25760
0.23502
0.21377
0.19724
0.18678
0.18114
0.17660
0.16792
0.14970
0.11805
0.07181
0.01311
-0.05291
-0.11925
-0.17872
-0.22562
-0.25695
-0.27296
-0.27677
-0.27336
-0.26803
-0.26499
-0.26616
-0.27067
-0.27506
-0.27416
-0.26250
-0.23581
-0.19221
-0.13280
-0.06146
0.01605
0.09342
0.16506
0.22701
0.27726
0.31559
0.34294
0.36072
0.37029
0.37265
0.36848
0.35828
0.34251
0.32153
0.29541
0.26364
0.22514
0.17849
0.12273
0.05829
-0.01226
-0.08410
-0.15081
-0.20600
-0.24507
-0.26688
-0.27438
-0.27402
-0.27399
-0.28170
-0.30132
-0.33210
-0.36819
-0.39998
-0.41677
-0.40990
-0.37542
-0.31527
-0.23677
-0.15047
-0.06724
0.00441
0.05994
0.09893
0.12411
0.13979
0.15033
0.15923
0.16878
0.18019
0.19394
0.21000
0.22796
0.24700
0.26587
0.28302
0.29676
0.30561
0.30844
0.30461
0.29387
0.27624
0.25180
0.22066
0.18299
0.13916
0.08991
0.03630
-0.02029
-0.07838
-0.13655
-0.19345
-0.24771
-0.29770
-0.34129
-0.37587
-0.39866
-0.40729
-0.40046
-0.37857
-0.34379
-0.29982
-0.25102
-0.20150
-0.15417
-0.11039
-0.07003
-0.03215
0.00427
0.03962
0.07344
0.10460
0.13187
0.15444
0.17241
0.18685
0.19960
0.21274
0.22795
0.24596
0.26622
0.28697
0.30558
0.31922
0.32558
0.32340
0.31275
0.29471
0.27092
0.24279
0.21088
0.17465
0.13256
0.08268
0.02361
-0.04470
-0.12027
-0.19890
-0.27459
-0.34043
-0.38980
-0.41769
-0.42168
-0.40248
-0.36397
-0.31251
-0.25594
-0.20229
-0.15844
-0.12900
-0.11565
-0.11696
-0.12895
-0.14609
-0.16264
-0.17385
-0.17688
-0.17097
-0.15718
-0.13751
-0.11407
-0.08835
-0.06090
-0.03149
0.00043
0.03521
0.07252
0.11118
0.14939
0.18500
0.21608
0.24128
0.25998
0.27235
0.27907
0.28112
0.27948
0.27503
0.26841
0.26010
0.25042
0.23967
0.22809
0.21593
0.20342
0.19071
0.17789
0.16492
0.15159
0.13746
0.12187
0.10399
0.08287
0.05770
0.02792
-0.00658
-0.04537
-0.08758
-0.13212
-0.17799
-0.22460
-0.27180
-0.31969
-0.36808
-0.41585
-0.46056
-0.49841
-0.52478
-0.53511
-0.52592
-0.49558
-0.44474
-0.37620
-0.29441
-0.20475
-0.11279
-0.02359
0.05877
0.13164
0.19387
0.24583
0.28897
0.32531
0.35660
0.38378
0.40656
0.42354
0.43272
0.43225
0.42128
0.40042
0.37176
0.33838
0.30360
0.27010
0.23951
0.21225
0.18785
0.16542
0.14406
0.12318
0.10240
0.08146
0.05992
0.03700
0.01156
-0.01767
-0.05175
-0.09112
-0.13539
-0.18331
-0.23308
-0.28281
-0.33084
-0.37600
-0.41743
-0.45423
-0.48508
-0.50807
-0.52087
-0.52136
-0.50839
-0.48247
-0.44599
-0.40293
-0.35796
-0.31530
-0.27768
-0.24566
-0.21765
-0.19045
-0.16027
-0.12372
-0.07875
-0.02505
0.03598
0.10165
0.16866
0.23378
0.29438
0.34864
0.39548
0.43438
0.46507
0.48739
0.50123
0.50663
0.50384
0.49340
0.47609
0.45289
0.42479
0.39280
0.35789
0.32107
0.28349
0.24652
0.21160
0.18000
0.15250
0.12907
0.10885
0.09039
0.07214
0.05290
0.03205
0.00953
-0.01452
-0.04002
-0.06717
-0.09628
-0.12751
-0.16042
-0.19374
-0.22542
-0.25300
-0.27425
-0.28773
-0.29322
-0.29170
-0.28518
-0.27614
-0.26711
-0.26023
-0.25700
-0.25815
-0.26364
-0.27270
-0.28390
-0.29537
-0.30496
-0.31055
-0.31038
-0.30324
-0.28866
-0.26684
-0.23850
-0.20465
-0.16645
-0.12513
-0.08207
-0.03890
0.00256
0.04045
0.07328
0.10030
0.12172
0.13880
0.15349
0.16798
0.18409
0.20280
0.22390
0.24601
0.26684
0.28368
0.29418
0.29705
0.29270
0.28346
0.27324
0.26661
0.26749
0.27778
0.29645
0.31941
0.34039
0.35264
0.35081
0.33253
0.29897
0.25427
0.20416
0.15411
0.10796
0.06725
0.03141
-0.00142
-0.03333
-0.06579
-0.09911
-0.13256
-0.16475
-0.19426
-0.22019
-0.24252
-0.26207
-0.28034
-0.29897
-0.31934
-0.34208
-0.36682
-0.39215
-0.41579
-0.43501
-0.44717
-0.45038
-0.44390
-0.42838
-0.40577
-0.37882
-0.35044
-0.32292
-0.29733
-0.27310
-0.24813
-0.21935
-0.18355
-0.13842
-0.08330
-0.01950
0.04998
0.12117
0.19009
0.25344
0.30912
0.35612
0.39432
0.42414
0.44625
0.46161
0.47144
0.47724
0.48058
0.48272
0.48426
0.48486
0.48327
0.47779
0.46680
0.44938
0.42562
0.39652
0.36355
0.32800
0.29039
0.25021
0.20611
0.15651
0.10041
0.03820
-0.02791
-0.09407
-0.15558
-0.20799
-0.24832
-0.27575
-0.29169
-0.29914
-0.30169
-0.30253
-0.30377
-0.30629
-0.31002
-0.31446
-0.31921
-0.32422
-0.32976
-0.33619
-0.34360
-0.35159
-0.35925
-0.36542
-0.36894
-0.36894
-0.36504
-0.35728
-0.34594
-0.33135
-0.31354
-0.29212
-0.26631
-0.23510
-0.19760
-0.15346
-0.10318
-0.04828
0.00887
0.06538
0.11845
0.16596
0.20691
0.24167
0.27172
0.29912
0.32585
0.35302
0.38051
0.40688
0.42981
0.44677
0.45574
0.45565
0.44646
0.42902
0.40461
0.37472
0.34075
0.30410
0.26607
0.22790
0.19060
0.15468
0.11994
0.08548
0.04991
0.01184
-0.02956
-0.07412
-0.12050
-0.16649
-0.20955
-0.24753
-0.27926
-0.30468
-0.32463
-0.34018
-0.35201
-0.35993
-0.36295
-0.35968
-0.34905
-0.33086
-0.30599
-0.27621
-0.24358
-0.20992
-0.17631
-0.14306
-0.10975
-0.07564
-0.03995
-0.00213
0.03792
0.07974
0.12226
0.16389
0.20270
0.23669
0.26422
0.28432
0.29694
0.30293
0.30381
0.30131
0.29697
0.29173
0.28579
0.27869
0.26959
0.25765
0.24239
0.22387
0.20262
0.17946
0.15514
0.13013
0.10451
0.07806
0.05050
0.02173
-0.00810
-0.03854
-0.06902
-0.09910
-0.12867
-0.15793
-0.18744
-0.21781
-0.24955
-0.28285
-0.31744
-0.35256
-0.38698
-0.41913
-0.44725
-0.46957
-0.48437
-0.49015
-0.48567
-0.47016
-0.44347
-0.40635
-0.36049
-0.30846
-0.25336
-0.19835
-0.14604
-0.09811
-0.05503
-0.01606
0.02044
0.05648
0.09388
0.13374
0.17610
0.21990
0.26328
0.30399
0.33994
0.36966
0.39252
0.40871
0.41897
0.42423
0.42525
0.42255
0.41653
0.40764
0.39662
0.38448
0.37225
0.36064
0.34967
0.33851
0.32564
0.30925
0.28787
0.26080
0.22844
0.19226
0.15444
0.11730
0.08271
0.05157
0.02357
-0.00267
-0.02914
-0.05787
-0.09025
-0.12663
-0.16624
-0.20742
-0.24810
-0.28633
-0.32078
-0.35091
-0.37707
-0.40028
-0.42188
-0.44321
-0.46509
-0.48743
-0.50892
-0.52707
-0.53845
-0.53954
-0.52751
-0.50115
-0.46118
-0.41017
-0.35186
-0.29030
-0.22897
-0.17023
-0.11506
-0.06319
-0.01345
0.03574
0.08581
0.13747
0.19037
0.24298
0.29297
0.33789
0.37589
0.40626
0.42948
0.44687
0.45992
0.46971
0.47649
0.47974
0.47845
0.47156
0.45840
0.43890
0.41353
0.38314
0.34867
0.31090
0.27042
0.22758
0.18260
0.13570
0.08710
0.03724
-0.01317
-0.06307
-0.11101
-0.15533
-0.19450
-0.22750
-0.25428
-0.27594
-0.29462
-0.31301
-0.33354
-0.35752
-0.38452
-0.41222
-0.43690
-0.45430
-0.46072
-0.45381
-0.43301
-0.39943
-0.35542
-0.30405
-0.24869
-0.19287
-0.14018
-0.09401
-0.05719
-0.03124
-0.01575
-0.00808
-0.00361
0.00321
0.01745
0.04221
0.07771
0.12127
0.16827
0.21360
0.25320
0.28499
0.30907
0.32709
0.34121
0.35299
0.36268
0.36909
0.37003
0.36324
0.34742
0.32302
0.29242
0.25947
0.22840
0.20257
0.18345
0.17032
0.16061
0.15102
0.13863
0.12191
0.10105
0.07766
0.05398
0.03195
0.01248
-0.00475
-0.02109
-0.03834
-0.05809
-0.08127
-0.10798
-0.13758
-0.16904
-0.20118
-0.23297
-0.26364
-0.29270
-0.31992
-0.34523
-0.36862
-0.38997
-0.40883
-0.42424
-0.43465
-0.43807
-0.43245
-0.41615
-0.38848
-0.35001
-0.30255
-0.24890
-0.19223
-0.13543
-0.08059
-0.02868
0.02033
0.06704
0.11210
0.15556
0.19662
0.23365
0.26465
0.28784
0.30221
0.30781
0.30571
0.29759
0.28528
0.27037
0.25397
0.23678
0.21921
0.20154
0.18403
0.16692
0.15037
0.13447
0.11923
0.10463
0.09069
0.07747
0.06509
0.05364
0.04316
0.03358
0.02469
0.01619
0.00778
-0.00077
-0.00960
-0.01868
-0.02792
-0.03721
-0.04645
-0.05559
-0.06457
-0.07321
-0.08120
-0.08814
-0.09365
-0.09757
-0.10005
-0.10161
-0.10300
-0.10500
-0.10813
-0.11255
-0.11793
-0.12353
-0.12836
-0.13135
-0.13152
-0.12809
-0.12050
-0.10850
-0.09225
-0.07232
-0.04982
-0.02629
-0.00347
0.01702
0.03412
0.04770
0.05867
0.06880
0.08020
0.09457
0.11258
0.13347
0.15518
0.17491
0.18995
0.19839
0.19964
0.19436
0.18405
0.17049
0.15514
0.13883
0.12173
0.10357
0.08402
0.06299
0.04095
0.01890
-0.00179
-0.01973
-0.03392
-0.04400
-0.05037
-0.05398
-0.05608
-0.05784
-0.06025
-0.06395
-0.06932
-0.07649
-0.08527
-0.09513
-0.10514
-0.11412
-0.12100
-0.12528
-0.12754
-0.12967
-0.13452
-0.14516
-0.16371
-0.19026
-0.22232
-0.25503
-0.28225
-0.29818
-0.29904
-0.28418
-0.25622
-0.22024
-0.18220
-0.14717
-0.11808
-0.09515
-0.07632
-0.05829
-0.03778
-0.01261
0.01780
0.05243
0.08917
0.12552
0.15935
0.18929
0.21498
0.23684
0.25570
0.27234
0.28710
0.29966
0.30919
0.31459
0.31497
0.31008
0.30051
0.28767
0.27341
0.25953
0.24721
0.23663
0.22688
0.21623
0.20266
0.18453
0.16118
0.13328
0.10270
0.07205
0.04392
0.02014
0.00124
-0.01347
-0.02547
-0.03633
-0.04706
-0.05782
-0.06807
-0.07715
-0.08479
-0.09158
-0.09887
-0.10827
-0.12095
-0.13696
-0.15501
-0.17278
-0.18762
-0.19747
-0.20155
-0.20063
-0.19681
-0.19290
-0.19162
-0.19501
-0.20407
-0.21877
-0.23826
-0.26118
-0.28582
-0.31026
-0.33243
-0.35012
-0.36123
-0.36394
-0.35701
-0.33986
-0.31264
-0.27602
-0.23111
-0.17930
-0.12236
-0.06250
-0.00248
0.05452
0.10536
0.14747
0.17968
0.20258
0.21863
0.23160
0.24559
0.26397
0.28841
0.31842
0.35152
0.38381
0.41092
0.42899
0.43543
0.42937
0.41176
0.38507
0.35275
0.31852
0.28565
0.25645
0.23193
0.21190
0.19522
0.18029
0.16546
0.14939
0.13129
0.11095
0.08871
0.06521
0.04125
0.01752
-0.00557
-0.02794
-0.04979
-0.07148
-0.09339
-0.11577
-0.13867
-0.16189
-0.18503
-0.20750
-0.22861
-0.24768
-0.26417
-0.27786
-0.28905
-0.29860
-0.30788
-0.31844
-0.33152
-0.34753
-0.36560
-0.38356
-0.39829
-0.40649
-0.40558
-0.39440
-0.37356
-0.34504
-0.31152
-0.27541
-0.23810
-0.19961
-0.15886
-0.11426
-0.06454
-0.00943
0.05006
0.11177
0.17292
0.23069
0.28281
0.32788
0.36534
0.39520
0.41767
0.43280
0.44046
0.44048
0.43296
0.41861
0.39884
0.37561
0.35110
0.32730
0.30560
0.28662
0.27017
0.25537
0.24087
0.22513
0.20676
0.18475
0.15868
0.12880
0.09601
0.06166
0.02732
-0.00556
-0.03595
-0.06343
-0.08820
-0.11102
-0.13288
-0.15480
-0.17765
-0.20209
-0.22860
-0.25755
-0.28908
-0.32293
-0.35832
-0.39374
-0.42701
-0.45555
-0.47678
-0.48858
-0.48962
-0.47953
-0.45872
-0.42814
-0.38887
-0.34200
-0.28860
-0.22994
-0.16776
-0.10435
-0.04238
0.01553
0.06731
0.11187
0.14923
0.18030
0.20654
0.22947
0.25035
0.26998
0.28866
0.30622
0.32208
0.33538
0.34512
0.35040
0.35072
0.34620
0.33764
0.32639
0.31394
0.30150
0.28967
0.27836
0.26699
0.25477
0.24107
0.22557
0.20827
0.18929
0.16866
0.14617
0.12132
0.09354
0.06247
0.02826
-0.00829
-0.04578
-0.08254
-0.11703
-0.14831
-0.17622
-0.20136
-0.22467
-0.24697
-0.26848
-0.28871
-0.30657
-0.32086
-0.33082
-0.33645
-0.33866
-0.33895
-0.33883
-0.33916
-0.33962
-0.33857
-0.33336
-0.32119
-0.29997
-0.26916
-0.23008
-0.18570
-0.13984
-0.09618
-0.05728
-0.02398
0.00467
0.03097
0.05764
0.08689
0.11956
0.15484
0.19041
0.22321
0.25030
0.26977
0.28118
0.28557
0.28503
0.28194
0.27829
0.27514
0.27248
0.26947
0.26480
0.25717
0.24567
0.22999
0.21048
0.18798
0.16365
0.13871
0.11420
0.09083
0.06887
0.04818
0.02828
0.00847
-0.01199
-0.03378
-0.05737
-0.08295
-0.11027
-0.13853
-0.16627
-0.19134
-0.21118
-0.22337
-0.22655
-0.22120
-0.21014
-0.19817
-0.19072
-0.19191
-0.20268
-0.21974
-0.23597
-0.24240
-0.23099
-0.19734
-0.14227
-0.07172
0.00500
0.07781
0.13840
0.18209
0.20824
0.21968
0.22120
0.21791
0.21378
0.21087
0.20923
0.20742
0.20331
0.19489
0.18094
0.16121
0.13637
0.10779
0.07713
0.04609
0.01611
-0.01176
-0.03692
-0.05927
-0.07906
-0.09675
-0.11272
-0.12707
-0.13947
-0.14926
-0.15570
-0.15834
-0.15736
-0.15360
-0.14843
-0.14327
-0.13916
-0.13644
-0.13485
-0.13387
-0.13320
-0.13314
-0.13460
-0.13865
-0.14589
-0.15566
-0.16571
-0.17245
-0.17174
-0.16001
-0.13532
-0.09804
-0.05079
0.00208
0.05551
0.10472
0.14603
0.17738
0.19838
0.21019
0.21511
0.21611
0.21632
0.21845
0.22427
0.23419
0.24717
0.26086
0.27230
0.27867
0.27814
0.27036
0.25634
0.23795
0.21710
0.19508
0.17233
0.14862
0.12365
0.09759
0.07143
0.04684
0.02578
0.00978
-0.00063
-0.00620
-0.00891
-0.01149
-0.01665
-0.02646
-0.04178
-0.06210
-0.08575
-0.11038
-0.13363
-0.15373
-0.16997
-0.18291
-0.19424
-0.20645
-0.22219
-0.24369
-0.27197
-0.30651
-0.34498
-0.38354
-0.41743
-0.44188
-0.45302
-0.44863
-0.42854
-0.39454
-0.34994
-0.29882
-0.24520
-0.19225
-0.14184
-0.09426
-0.04854
-0.00302
0.04381
0.09252
0.14223
0.19063
0.23449
0.27058
0.29657
0.31176
0.31728
0.31575
0.31045
0.30443
0.29968
0.29677
0.29486
0.29226
0.28711
0.27809
0.26491
0.24839
0.23020
0.21240
0.19680
0.18452
0.17573
0.16965
0.16481
0.15951
0.15225
0.14204
0.12857
0.11211
0.09339
0.07335
0.05294
0.03299
0.01404
-0.00371
-0.02047
-0.03683
-0.05365
-0.07183
-0.09205
-0.11451
-0.13877
-0.16374
-0.18786
-0.20949
-0.22726
-0.24050
-0.24948
-0.25550
-0.26066
-0.26744
-0.27807
-0.29381
-0.31432
-0.33741
-0.35928
-0.37518
-0.38055
-0.37210
-0.34861
-0.31123
-0.26305
-0.20818
-0.15082
-0.09427
-0.04058
0.00946
0.05597
0.09940
0.14008
0.17797
0.21262
0.24323
0.26889
0.28872
0.30213
0.30892
0.30944
0.30461
0.29591
0.28510
0.27392
0.26369
0.25497
0.24749
0.24022
0.23182
0.22105
0.20724
0.19052
0.17180
0.15248
0.13394
0.11709
0.10199
0.08786
0.07322
0.05641
0.03601
0.01125
-0.01787
-0.05065
-0.08603
-0.12288
-0.16028
-0.19770
-0.23488
-0.27165
-0.30761
-0.34187
-0.37290
-0.39860
-0.41655
-0.42457
-0.42114
-0.40581
-0.37928
-0.34326
-0.30002
-0.25193
-0.20097
-0.14851
-0.09532
-0.04172
0.01206
0.06559
0.11796
0.16779
0.21335
0.25286
0.28482
0.30833
0.32317
0.32976
0.32899
0.32198
0.30992
0.29397
0.27529
0.25505
0.23438
0.21427
0.19539
0.17796
0.16164
0.14570
0.12935
0.11204
0.09380
0.07528
0.05760
0.04191
0.02892
0.01855
0.00980
0.00096
-0.00995
-0.02461
-0.04391
-0.06769
-0.09478
-0.12338
-0.15156
-0.17783
-0.20151
-0.22286
-0.24281
-0.26256
-0.28294
-0.30391
-0.32421
-0.34145
-0.35247
-0.35407
-0.34389
-0.32108
-0.28660
-0.24308
-0.19410
-0.14332
-0.09362
-0.04662
-0.00265
0.03885
0.07872
0.11748
0.15507
0.19077
0.22349
0.25217
0.27600
0.29462
0.30803
0.31634
0.31956
0.31745
0.30958
0.29564
0.27566
0.25037
0.22113
0.18974
0.15808
0.12762
0.09914
0.07266
0.04757
0.02303
-0.00164
-0.02664
-0.05152
-0.07522
-0.09644
-0.11392
-0.12691
-0.13540
-0.14023
-0.14291
-0.14535
-0.14946
-0.15672
-0.16789
-0.18274
-0.20007
-0.21782
-0.23339
-0.24407
-0.24749
-0.24212
-0.22756
-0.20460
-0.17512
-0.14171
-0.10717
-0.07386
-0.04322
-0.01548
0.01033
0.03599
0.06340
0.09392
0.12779
0.16391
0.20003
0.23320
0.26054
0.27986
0.29018
0.29184
0.28631
0.27569
0.26218
0.24754
0.23280
0.21816
0.20311
0.18671
0.16791
0.14593
0.12041
0.09154
0.05993
0.02651
-0.00770
-0.04168
-0.07454
-0.10554
-0.13408
-0.15981
-0.18261
-0.20269
-0.22051
-0.23667
-0.25168
-0.26575
-0.27864
-0.28962
-0.29762
-0.30144
-0.30010
-0.29309
-0.28047
-0.26293
-0.24149
-0.21723
-0.19096
-0.16295
-0.13301
-0.10069
-0.06563
-0.02803
0.01120
0.05043
0.08760
0.12074
0.14851
0.17060
0.18785
0.20197
0.21495
0.22835
0.24274
0.25750
0.27103
0.28131
0.28656
0.28582
0.27921
0.26773
0.25294
0.23636
0.21907
0.20150
0.18341
0.16416
0.14296
0.11916
0.09249
0.06307
0.03150
-0.00127
-0.03397
-0.06522
-0.09367
-0.11826
-0.13842
-0.15423
-0.16639
-0.17606
-0.18462
-0.19331
-0.20303
-0.21420
-0.22669
-0.23985
-0.25245
-0.26282
-0.26893
-0.26871
-0.26040
-0.24310
-0.21709
-0.18394
-0.14627
-0.10713
-0.06915
-0.03389
-0.00155
0.02886
0.05885
0.08964
0.12152
0.15353
0.18370
0.20965
0.22931
0.24156
0.24648
0.24521
0.23941
0.23070
0.22016
0.20818
0.19466
0.17928
0.16187
0.14255
0.12163
0.09952
0.07643
0.05239
0.02728
0.00107
-0.02597
-0.05320
-0.07970
-0.10459
-0.12737
-0.14819
-0.16787
-0.18768
-0.20883
-0.23204
-0.25700
-0.28219
-0.30490
-0.32165
-0.32881
-0.32332
-0.30353
-0.26962
-0.22384
-0.17012
-0.11340
-0.05854
-0.00937
0.03211
0.06586
0.09354
0.11772
0.14099
0.16518
0.19090
0.21753
0.24351
0.26683
0.28556
0.29831
0.30441
0.30404
0.29814
0.28814
0.27576
0.26253
0.24939
0.23643
0.22274
0.20668
0.18643
0.16069
0.12938
0.09381
0.05661
0.02092
-0.01045
-0.03592
-0.05557
-0.07112
-0.08520
-0.10052
-0.11897
-0.14106
-0.16593
-0.19181
-0.21671
-0.23925
-0.25905
-0.27672
-0.29352
-0.31056
-0.32818
-0.34551
-0.36047
-0.37024
-0.37190
-0.36319
-0.34299
-0.31154
-0.27029
-0.22148
-0.16777
-0.11184
-0.05613
-0.00276
0.04658
0.09077
0.12935
0.16260
0.19145
0.21718
0.24102
0.26369
0.28512
0.30441
0.32011
0.33069
0.33507
0.33296
0.32501
0.31258
0.29731
0.28066
0.26350
0.24593
0.22744
0.20716
0.18419
0.15798
0.12838
0.09572
0.06067
0.02416
-0.01270
-0.04872
-0.08266
-0.11348
-0.14055
-0.16393
-0.18449
-0.20383
-0.22389
-0.24642
-0.27228
-0.30093
-0.33026
-0.35677
-0.37624
-0.38461
-0.37894
-0.35815
-0.32326
-0.27729
-0.22451
-0.16964
-0.11685
-0.06911
-0.02786
0.00698
0.03660
0.06291
0.08799
0.11376
0.14164
0.17228
0.20537
0.23961
0.27285
0.30247
0.32599
0.34161
0.34856
0.34728
0.33917
0.32616
0.31022
0.29289
0.27502
0.25670
0.23742
0.21634
0.19257
0.16546
0.13470
0.10047
0.06339
0.02450
-0.01491
-0.05352
-0.09028
-0.12466
-0.15693
-0.18805
-0.21942
-0.25236
-0.28761
-0.32489
-0.36279
-0.39896
-0.43043
-0.45412
-0.46731
-0.46805
-0.45547
-0.42990
-0.39291
-0.34703
-0.29540
-0.24128
-0.18755
-0.13639
-0.08910
-0.04616
-0.00744
0.02753
0.05932
0.08852
0.11578
0.14178
0.16726
0.19285
0.21881
0.24489
0.27030
0.29378
0.31393
0.32953
0.33976
0.34433
0.34343
0.33763
0.32773
0.31467
0.29955
0.28344
0.26730
0.25167
0.23648
0.22092
0.20360
0.18295
0.15777
0.12774
0.09373
0.05772
0.02232
-0.00996
-0.03753
-0.06016
-0.07911
-0.09671
-0.11558
-0.13786
-0.16451
-0.19510
-0.22802
-0.26098
-0.29173
-0.31861
-0.34090
-0.35868
-0.37248
-0.38271
-0.38919
-0.39096
-0.38638
-0.37354
-0.35086
-0.31760
-0.27423
-0.22238
-0.16461
-0.10392
-0.04327
0.01481
0.06849
0.11669
0.15909
0.19599
0.22801
0.25590
0.28029
0.30149
0.31951
0.33404
0.34452
0.35033
0.35082
0.34548
0.33407
0.31670
0.29396
0.26686
0.23669
0.20488
0.17268
0.14099
0.11026
0.08045
0.05120
0.02204
-0.00746
-0.03747
-0.06788
-0.09831
-0.12820
-0.15691
-0.18388
-0.20870
-0.23120
-0.25148
-0.26980
-0.28653
-0.30191
-0.31582
-0.32764
-0.33615
-0.33980
-0.33707
-0.32691
-0.30920
-0.28484
-0.25562
-0.22373
-0.19128
-0.15970
-0.12954
-0.10051
-0.07168
-0.04188
-0.00996
0.02502
0.06365
0.10617
0.15229
0.20104
0.25062
0.29842
0.34119
0.37556
0.39862
0.40870
0.40579
0.39169
0.36968
0.34379
0.31785
0.29468
0.27557
0.26016
0.24690
0.23366
0.21847
0.20010
0.17828
0.15358
0.12706
0.09991
0.07315
0.04761
0.02392
0.00259
-0.01611
-0.03233
-0.04688
-0.06116
-0.07694
-0.09585
-0.11883
-0.14577
-0.17547
-0.20596
-0.23512
-0.26135
-0.28404
-0.30369
-0.32172
-0.33996
-0.36004
-0.38289
-0.40843
-0.43541
-0.46159
-0.48398
-0.49931
-0.50453
-0.49736
-0.47677
-0.44323
-0.39858
-0.34567
-0.28763
-0.22720
-0.16616
-0.10520
-0.04408
0.01797
0.08166
0.14726
0.21437
0.28189
0.34812
0.41102
0.46836
0.51796
0.55784
0.58649
0.60306
0.60760
0.60113
0.58554
0.56334
0.53720
0.50937
0.48129
0.45326
0.42462
0.39402
0.36013
0.32218
0.28036
0.23587
0.19054
0.14627
0.10435
0.06503
0.02746
-0.01003
-0.04931
-0.09183
-0.13801
-0.18703
-0.23690
-0.28484
-0.32784
-0.36332
-0.38959
-0.40634
-0.41477
-0.41739
-0.41751
-0.41852
-0.42298
-0.43189
-0.44443
-0.45803
-0.46912
-0.47402
-0.47002
-0.45605
-0.43297
-0.40316
-0.36978
-0.33572
-0.30277
-0.27121
-0.23988
-0.20683
-0.17010
-0.12858
-0.08235
-0.03274
0.01812
0.06786
0.11448
0.15671
0.19412
0.22706
0.25636
0.28305
0.30799
0.33168
0.35417
0.37509
0.39380
0.40962
0.42202
0.43077
0.43603
0.43837
0.43866
0.43796
0.43730
0.43738
0.43827
0.43919
0.43842
0.43345
0.42144
0.39989
0.36739
0.32413
0.27213
0.21481
0.15622
0.10000
0.04845
0.00207
-0.04034
-0.08108
-0.12261
-0.16666
-0.21362
-0.26229
-0.31014
-0.35393
-0.39053
-0.41777
-0.43507
-0.44377
-0.44682
-0.44813
-0.45154
-0.45977
-0.47365
-0.49178
-0.51085
-0.52643
-0.53403
-0.53011
-0.51284
-0.48239
-0.44073
-0.39105
-0.33696
-0.28163
-0.22717
-0.17434
-0.12271
-0.07112
-0.01828
0.03664
0.09360
0.15158
0.20875
0.26282
0.31158
0.35333
0.38715
0.41296
0.43130
0.44303
0.44905
0.45014
0.44694
0.44005
0.43003
0.41746
0.40281
0.38639
0.36825
0.34820
0.32598
0.30144
0.27465
0.24596
0.21598
0.18539
0.15488
0.12499
0.09605
0.06818
0.04121
0.01477
-0.01170
-0.03878
-0.06690
-0.09618
-0.12629
-0.15649
-0.18583
-0.21338
-0.23858
-0.26146
-0.28263
-0.30309
-0.32378
-0.34513
-0.36667
-0.38703
-0.40411
-0.41566
-0.41983
-0.41564
-0.40311
-0.38307
-0.35676
-0.32527
-0.28922
-0.24870
-0.20344
-0.15327
-0.09859
-0.04064
0.01845
0.07603
0.12949
0.17687
0.21730
0.25105
0.27926
0.30348
0.32510
0.34497
0.36321
0.37928
0.39215
0.40062
0.40364
0.40053
0.39104
0.37532
0.35383
0.32711
0.29578
0.26052
0.22219
0.18196
0.14128
0.10168
0.06453
0.03055
-0.00032
-0.02903
-0.05715
-0.08638
-0.11804
-0.15265
-0.18965
-0.22748
-0.26389
-0.29647
-0.32320
-0.34301
-0.35600
-0.36338
-0.36707
-0.36911
-0.37098
-0.37312
-0.37479
-0.37431
-0.36957
-0.35869
-0.34054
-0.31497
-0.28268
-0.24489
-0.20295
-0.15806
-0.11118
-0.06316
-0.01483
0.03294
0.07922
0.12330
0.16472
0.20339
0.23943
0.27295
0.30380
0.33151
0.35528
0.37434
0.38812
0.39658
0.40024
0.40000
0.39687
0.39160
0.38440
0.37478
0.36163
0.34356
0.31931
0.28822
0.25066
0.20813
0.16311
0.11852
0.07710
0.04069
0.00984
-0.01618
-0.03898
-0.06039
-0.08183
-0.10392
-0.12648
-0.14878
-0.16998
-0.18953
-0.20735
-0.22378
-0.23939
-0.25463
-0.26953
-0.28364
-0.29612
-0.30609
-0.31306
-0.31726
-0.31963
-0.32161
-0.32454
-0.32906
-0.33465
-0.33954
-0.34106
-0.33632
-0.32302
-0.30007
-0.26784
-0.22794
-0.18264
-0.13408
-0.08370
-0.03210
0.02071
0.07481
0.12977
0.18435
0.23654
0.28397
0.32441
0.35627
0.37897
0.39293
0.39943
0.40018
0.39689
0.39090
0.38292
0.37297
0.36052
0.34474
0.32478
0.29993
0.26979
0.23420
0.19332
0.14774
0.09868
0.04817
-0.00098
-0.04548
-0.08219
-0.10893
-0.12516
-0.13228
-0.13337
-0.13237
-0.13305
-0.13796
-0.14783
-0.16152
-0.17657
-0.19016
-0.20002
-0.20517
-0.20620
-0.20493
-0.20383
-0.20524
-0.21063
-0.22017
-0.23255
-0.24519
-0.25465
-0.25727
-0.24994
-0.23084
-0.19990
-0.15904
-0.11175
-0.06231
-0.01469
0.02837
0.06599
0.09896
0.12916
0.15854
0.18818
0.21788
0.24619
0.27097
0.29021
0.30270
0.30836
0.30812
0.30347
0.29578
0.28583
0.27349
0.25792
0.23788
0.21231
0.18076
0.14365
0.10232
0.05876
0.01531
-0.02569
-0.06226
-0.09301
-0.11735
-0.13550
-0.14854
-0.15811
-0.16614
-0.17441
-0.18409
-0.19556
-0.20828
-0.22110
-0.23258
-0.24158
-0.24763
-0.25120
-0.25355
-0.25623
-0.26040
-0.26610
-0.27194
-0.27525
-0.27279
-0.26186
-0.24117
-0.21138
-0.17492
-0.13521
-0.09549
-0.05788
-0.02286
0.01063
0.04447
0.08055
0.11994
0.16248
0.20686
0.25091
0.29225
0.32873
0.35890
0.38210
0.39843
0.40852
0.41321
0.41330
0.40930
0.40133
0.38913
0.37221
0.35009
0.32255
0.28976
0.25232
0.21116
0.16734
0.12191
0.07581
0.02998
-0.01461
-0.05683
-0.09547
-0.12942
-0.15795
-0.18100
-0.19921
-0.21393
-0.22682
-0.23945
-0.25294
-0.26757
-0.28279
-0.29725
-0.30927
-0.31728
-0.32037
-0.31872
-0.31368
-0.30758
-0.30314
-0.30265
-0.30712
-0.31557
-0.32494
-0.33057
-0.32726
-0.31078
-0.27910
-0.23316
-0.17667
-0.11512
-0.05423
0.00166
0.05061
0.09332
0.13243
0.17129
0.21255
0.25710
0.30375
0.34953
0.39055
0.42311
0.44459
0.45402
0.45212
0.44098
0.42336
0.40192
0.37858
0.35415
0.32829
0.29980
0.26722
0.22940
0.18603
0.13796
0.08707
0.03602
-0.01237
-0.05561
-0.09205
-0.12112
-0.14341
-0.16043
-0.17433
-0.18731
-0.20112
-0.21661
-0.23351
-0.25061
-0.26613
-0.27839
-0.28635
-0.29001
-0.29035
-0.28902
-0.28768
-0.28740
-0.28818
-0.28877
-0.28692
-0.27983
-0.26486
-0.24023
-0.20554
-0.16192
-0.11192
-0.05887
-0.00617
0.04340
0.08811
0.12737
0.16151
0.19138
0.21791
0.24187
0.26365
0.28328
0.30046
0.31473
0.32553
0.33229
0.33451
0.33172
0.32363
0.31010
0.29123
0.26737
0.23913
0.20734
0.17300
0.13718
0.10093
0.06506
0.03012
-0.00370
-0.03646
-0.06836
-0.09952
-0.12974
-0.15845
-0.18465
-0.20715
-0.22493
-0.23745
-0.24491
-0.24824
-0.24886
-0.24825
-0.24752
-0.24701
-0.24622
-0.24384
-0.23823
-0.22782
-0.21159
-0.18934
-0.16171
-0.13000
-0.09584
-0.06095
-0.02684
0.00525
0.03443
0.06021
0.08255
0.10191
0.11914
0.13534
0.15152
0.16828
0.18551
0.20229
0.21701
0.22766
0.23240
0.22992
0.21991
0.20319
0.18158
0.15752
0.13349
0.11132
0.09171
0.07399
0.05638
0.03657
0.01257
-0.01660
-0.05039
-0.08683
-0.12295
-0.15569
-0.18267
-0.20274
-0.21615
-0.22420
-0.22867
-0.23119
-0.23272
-0.23337
-0.23246
-0.22874
-0.22076
-0.20711
-0.18665
-0.15866
-0.12293
-0.07992
-0.03083
0.02227
0.07662
0.12900
0.17622
0.21566
0.24571
0.26600
0.27735
0.28144
0.28033
0.27590
0.26945
0.26151
0.25192
0.24008
0.22536
0.20735
0.18610
0.16213
0.13637
0.10996
0.08414
0.06003
0.03844
0.01974
0.00382
-0.00992
-0.02236
-0.03442
-0.04684
-0.06008
-0.07424
-0.08920
-0.10473
-0.12058
-0.13646
-0.15203
-0.16686
-0.18043
-0.19229
-0.20217
-0.21012
-0.21648
-0.22181
-0.22664
-0.23131
-0.23579
-0.23963
-0.24197
-0.24163
-0.23732
-0.22785
-0.21239
-0.19073
-0.16339
-0.13161
-0.09709
-0.06171
-0.02705
0.00585
0.03667
0.06574
0.09378
0.12154
0.14946
0.17747
0.20491
0.23069
0.25352
0.27212
0.28539
0.29245
0.29269
0.28581
0.27187
0.25140
0.22547
0.19564
0.16372
0.13151
0.10032
0.07073
0.04242
0.01436
-0.01476
-0.04592
-0.07928
-0.11384
-0.14752
-0.17754
-0.20106
-0.21570
-0.22011
-0.21410
-0.19857
-0.17517
-0.14583
-0.11238
-0.07634
-0.03888
-0.00098
0.03642
0.07229
0.10555
0.13518
0.16035
0.18059
0.19577
0.20603
0.21166
0.21289
0.20972
0.20180
0.18854
0.16917
0.14315
0.11041
0.07169
0.02867
-0.01608
-0.05946
-0.09835
-0.13026
-0.15385
-0.16932
-0.17843
-0.18416
-0.19013
-0.19975
-0.21539
-0.23758
-0.26463
-0.29264
-0.31622
-0.32954
-0.32782
-0.30850
-0.27208
-0.22205
-0.16412
-0.10478
-0.04974
-0.00273
0.03518
0.06530
0.09060
0.11456
0.14008
0.16870
0.20025
0.23307
0.26450
0.29160
0.31194
0.32400
0.32738
0.32261
0.31071
0.29274
0.26941
0.24096
0.20724
0.16799
0.12328
0.07381
0.02111
-0.03248
-0.08419
-0.13129
-0.17164
-0.20412
-0.22885
-0.24693
-0.26011
-0.27007
-0.27786
-0.28355
-0.28613
-0.28381
-0.27458
-0.25678
-0.22963
-0.19352
-0.15005
-0.10176
-0.05173
-0.00301
0.04187
0.08128
0.11464
0.14232
0.16524
0.18447
0.20090
0.21502
0.22702
0.23691
0.24468
0.25041
0.25420
0.25605
0.25566
0.25236
0.24511
0.23271
0.21405
0.18850
0.15609
0.11770
0.07492
0.02985
-0.01535
-0.05871
-0.09877
-0.13463
-0.16591
-0.19277
-0.21579
-0.23593
-0.25444
-0.27252
-0.29093
-0.30954
-0.32706
-0.34108
-0.34848
-0.34624
-0.33225
-0.30600
-0.26876
-0.22332
-0.17322
-0.12189
-0.07192
-0.02465
0.01964
0.06136
0.10104
0.13890
0.17466
0.20761
0.23676
0.26118
0.28025
0.29380
0.30214
0.30602
0.30637
0.30403
0.29952
0.29284
0.28339
0.27011
0.25167
0.22681
0.19465
0.15502
0.10868
0.05730
0.00342
-0.04990
-0.09950
-0.14268
-0.17759
-0.20364
-0.22154
-0.23316
-0.24125
-0.24882
-0.25857
-0.27220
-0.28978
-0.30952
-0.32784
-0.34001
-0.34114
-0.32739
-0.29700
-0.25095
-0.19291
-0.12852
-0.06407
-0.00505
0.04511
0.08557
0.11794
0.14538
0.17134
0.19848
0.22783
0.25871
0.28907
0.31630
0.33797
0.35245
0.35921
0.35860
0.35158
0.33916
0.32207
0.30061
0.27465
0.24390
0.20816
0.16760
0.12283
0.07485
0.02499
-0.02538
-0.07494
-0.12256
-0.16734
-0.20864
-0.24612
-0.27986
-0.31030
-0.33829
-0.36488
-0.39092
-0.41664
-0.44116
-0.46228
-0.47661
-0.48016
-0.46929
-0.44179
-0.39764
-0.33928
-0.27121
-0.19894
-0.12776
-0.06161
-0.00240
0.04999
0.09714
0.14116
0.18380
0.22586
0.26697
0.30594
0.34120
0.37138
0.39559
0.41364
0.42584
0.43287
0.43554
0.43458
0.43056
0.42377
0.41414
0.40117
0.38395
0.36125
0.33186
0.29494
0.25043
0.19929
0.14348
0.08566
0.02871
-0.02495
-0.07376
-0.11733
-0.15626
-0.19181
-0.22533
-0.25774
-0.28935
-0.31992
-0.34903
-0.37642
-0.40228
-0.42712
-0.45133
-0.47459
-0.49533
-0.51058
-0.51642
-0.50893
-0.48541
-0.44547
-0.39148
-0.32832
-0.26223
-0.19933
-0.14415
-0.09863
-0.06203
-0.03154
-0.00336
0.02606
0.05922
0.09709
0.13927
0.18437
0.23060
0.27616
0.31956
0.35964
0.39551
0.42636
0.45143
0.46997
0.48132
0.48514
0.48152
0.47108
0.45485
0.43407
0.40991
0.38311
0.35388
0.32186
0.28635
0.24666
0.20240
0.15373
0.10149
0.04702
-0.00804
-0.06204
-0.11362
-0.16180
-0.20607
-0.24628
-0.28255
-0.31511
-0.34422
-0.37011
-0.39294
-0.41279
-0.42974
-0.44378
-0.45481
-0.46249
-0.46613
-0.46458
-0.45630
-0.43958
-0.41299
-0.37588
-0.32870
-0.27313
-0.21182
-0.14793
-0.08447
-0.02378
0.03280
0.08482
0.13250
0.17632
0.21676
0.25410
0.28849
0.31991
0.34820
0.37300
0.39369
0.40939
0.41921
0.42250
0.41910
0.40943
0.39428
0.37448
0.35043
0.32185
0.28782
0.24717
0.19904
0.14345
0.08172
0.01643
-0.04899
-0.11106
-0.16704
-0.21562
-0.25709
-0.29301
-0.32543
-0.35583
-0.38434
-0.40924
-0.42717
-0.43394
-0.42567
-0.40003
-0.35711
-0.29973
-0.23294
-0.16290
-0.09549
-0.03505
0.01639
0.05906
0.09489
0.12654
0.15647
0.18622
0.21616
0.24552
0.27273
0.29578
0.31271
0.32196
0.32263
0.31476
0.29932
0.27804
0.25308
0.22651
0.19978
0.17340
0.14688
0.11903
0.08846
0.05420
0.01613
-0.02481
-0.06676
-0.10741
-0.14461
-0.17694
-0.20410
-0.22686
-0.24681
-0.26581
-0.28551
-0.30689
-0.33007
-0.35427
-0.37785
-0.39850
-0.41344
-0.41978
-0.41484
-0.39665
-0.36432
-0.31832
-0.26055
-0.19412
-0.12297
-0.05130
0.01700
0.07888
0.13242
0.17707
0.21360
0.24389
0.27047
0.29597
0.32244
0.35085
0.38081
0.41057
0.43749
0.45860
0.47139
0.47442
0.46761
0.45220
0.43032
0.40437
0.37632
0.34729
0.31732
0.28562
0.25094
0.21212
0.16859
0.12054
0.06899
0.01543
-0.03845
-0.09118
-0.14165
-0.18917
-0.23334
-0.27383
-0.31029
-0.34234
-0.36971
-0.39252
-0.41150
-0.42797
-0.44364
-0.46001
-0.47769
-0.49593
-0.51238
-0.52347
-0.52518
-0.51410
-0.48834
-0.44815
-0.39592
-0.33564
-0.27204
-0.20958
-0.15161
-0.09992
-0.05466
-0.01472
0.02181
0.05696
0.09243
0.12923
0.16764
0.20725
0.24722
0.28646
0.32383
0.35830
0.38900
0.41530
0.43681
0.45335
0.46498
0.47184
0.47413
0.47198
0.46538
0.45427
0.43857
0.41833
0.39388
0.36579
0.33483
0.30180
0.26732
0.23164
0.19459
0.15573
0.11458
0.07094
0.02518
-0.02167
-0.06813
-0.11251
-0.15332
-0.18954
-0.22079
-0.24726
-0.26957
-0.28855
-0.30500
-0.31956
-0.33271
-0.34482
-0.35627
-0.36750
-0.37895
-0.39084
-0.40296
-0.41445
-0.42373
-0.42863
-0.42680
-0.41620
-0.39564
-0.36517
-0.32616
-0.28111
-0.23309
-0.18506
-0.13927
-0.09689
-0.05794
-0.02167
0.01296
0.04678
0.08016
0.11308
0.14541
0.17719
0.20877
0.24066
0.27315
0.30589
0.33761
0.36618
0.38901
0.40378
0.40912
0.40509
0.39328
0.37636
0.35730
0.33851
0.32120
0.30507
0.28854
0.26939
0.24542
0.21520
0.17842
0.13602
0.08993
0.04270
-0.00296
-0.04465
-0.08058
-0.10971
-0.13177
-0.14718
-0.15679
-0.16182
-0.16366
-0.16383
-0.16378
-0.16480
-0.16771
-0.17272
-0.17930
-0.18633
-0.19231
-0.19585
-0.19604
-0.19275
-0.18661
-0.17890
-0.17111
-0.16455
-0.15999
-0.15750
-0.15644
-0.15570
-0.15403
-0.15041
-0.14434
-0.13594
-0.12598
-0.11559
-0.10605
-0.09837
-0.09301
-0.08967
-0.08715
-0.08348
-0.07620
-0.06278
-0.04125
-0.01065
0.02862
0.07481
0.12508
0.17601
0.22418
0.26666
0.30143
0.32748
0.34497
0.35500
0.35938
0.36010
0.35869
0.35567
0.35018
0.34009
0.32259
0.29514
0.25650
0.20739
0.15073
0.09107
0.03363
-0.01696
-0.05763
-0.08746
-0.10760
-0.12077
-0.13037
-0.13968
-0.15113
-0.16591
-0.18396
-0.20416
-0.22489
-0.24456
-0.26209
-0.27724
-0.29051
-0.30281
-0.31489
-0.32683
-0.33769
-0.34548
-0.34758
-0.34128
-0.32448
-0.29619
-0.25670
-0.20747
-0.15088
-0.08976
-0.02716
0.03394
0.09086
0.14146
0.18438
0.21931
0.24701
0.26912
0.28765
0.30437
0.32025
0.33511
0.34778
0.35651
0.35968
0.35631
0.34641
0.33090
0.31125
0.28892
0.26496
0.23977
0.21324
0.18503
0.15502
0.12352
0.09133
0.05955
0.02914
0.00061
-0.02626
-0.05248
-0.07958
-0.10920
-0.14248
-0.17962
-0.21957
-0.26023
-0.29895
-0.33331
-0.36178
-0.38415
-0.40147
-0.41541
-0.42739
-0.43776
-0.44536
-0.44768
-0.44167
-0.42473
-0.39565
-0.35510
-0.30536
-0.24969
-0.19134
-0.13277
-0.07538
-0.01958
0.03467
0.08725
0.13760
0.18468
0.22727
0.26446
0.29596
0.32216
0.34397
0.36244
0.37838
0.39216
0.40370
0.41261
0.41845
0.42090
0.41984
0.41523
0.40697
0.39468
0.37772
0.35529
0.32674
0.29197
0.25168
0.20751
0.16187
0.11750
0.07685
0.04150
0.01180
-0.01324
-0.03556
-0.05753
-0.08127
-0.10809
-0.13814
-0.17049
-0.20339
-0.23479
-0.26296
-0.28686
-0.30639
-0.32232
-0.33603
-0.34905
-0.36269
-0.37763
-0.39378
-0.41023
-0.42538
-0.43715
-0.44332
-0.44177
-0.43086
-0.40974
-0.37853
-0.33844
-0.29163
-0.24078
-0.18854
-0.13694
-0.08706
-0.03897
0.00797
0.05452
0.10105
0.14722
0.19190
0.23349
0.27037
0.30129
0.32572
0.34398
0.35713
0.36672
0.37444
0.38172
0.38938
0.39736
0.40467
0.40951
0.40957
0.40253
0.38668
0.36144
0.32777
0.28814
0.24606
0.20524
0.16860
0.13744
0.11122
0.08777
0.06426
0.03817
0.00825
-0.02517
-0.06030
-0.09467
-0.12592
-0.15257
-0.17436
-0.19214
-0.20749
-0.22217
-0.23753
-0.25423
-0.27203
-0.28992
-0.30629
-0.31922
-0.32679
-0.32741
-0.32005
-0.30453
-0.28154
-0.25262
-0.22001
-0.18624
-0.15379
-0.12471
-0.10028
-0.08083
-0.06583
-0.05411
-0.04425
-0.03505
-0.02579
-0.01637
-0.00713
0.00144
0.00898
0.01539
0.02091
0.02599
0.03119
0.03711
0.04428
0.05304
0.06342
0.07496
0.08668
0.09722
0.10509
0.10919
0.10919
0.10578
0.10056
0.09567
0.09315
0.09434
0.09945
0.10755
0.11680
0.12507
0.13053
0.13218
0.13016
0.12564
0.12047
0.11669
0.11584
0.11856
0.12433
0.13160
0.13827
0.14227
0.14214
0.13735
0.12831
0.11612
0.10216
0.08777
0.07399
0.06149
0.05057
0.04123
0.03328
0.02637
0.02024
0.01474
0.00994
0.00597
0.00276
-0.00028
-0.00449
-0.01183
-0.02446
-0.04407
-0.07117
-0.10459
-0.14155
-0.17808
-0.20999
-0.23381
-0.24765
-0.25157
-0.24745
-0.23834
-0.22756
-0.21778
-0.21039
-0.20532
-0.20132
-0.19659
-0.18945
-0.17886
-0.16459
-0.14703
-0.12693
-0.10507
-0.08215
-0.05886
-0.03609
-0.01506
0.00267
0.01560
0.02278
0.02439
0.02198
0.01839
0.01704
0.02093
0.03159
0.04836
0.06824
0.08664
0.09863
0.10063
0.09173
0.07445
0.05438
0.03893
0.03533
0.04853
0.07965
0.12542
0.17874
0.23033
0.27085
0.29290
0.29242
0.26919
0.22649
0.17009
0.10698
0.04420
-0.01226
-0.05814
-0.09119
-0.11115
-0.11938
-0.11823
-0.11034
-0.09803
-0.08288
-0.06562
-0.04629
-0.02465
-0.00060
0.02551
0.05272
0.07956
0.10435
0.12558
0.14225
0.15400
0.16108
0.16416
0.16406
0.16146
0.15686
0.15050
0.14248
0.13278
0.12131
0.10785
0.09202
0.07323
0.05085
0.02441
-0.00613
-0.04009
-0.07606
-0.11212
-0.14628
-0.17713
-0.20431
-0.22866
-0.25192
-0.27601
-0.30208
-0.32979
-0.35698
-0.38004
-0.39478
-0.39756
-0.38631
-0.36104
-0.32384
-0.27819
-0.22803
-0.17684
-0.12699
-0.07962
-0.03491
0.00743
0.04766
0.08566
0.12095
0.15279
0.18049
0.20361
0.22206
0.23608
0.24602
0.25232
0.25535
0.25552
0.25326
0.24902
0.24320
0.23597
0.22707
0.21586
0.20142
0.18304
0.16054
0.13466
0.10697
0.07951
0.05413
0.03174
0.01198
-0.00679
-0.02687
-0.05036
-0.07829
-0.11014
-0.14383
-0.17618
-0.20376
-0.22358
-0.23377
-0.23382
-0.22449
-0.20754
-0.18513
-0.15928
-0.13133
-0.10175
-0.07019
-0.03589
0.00167
0.04221
0.08423
0.12510
0.16151
0.19022
0.20886
0.21645
0.21361
0.20239
0.18572
0.16674
0.14810
0.13148
0.11736
0.10512
0.09342
0.08073
0.06585
0.04828
0.02830
0.00693
-0.01444
-0.03439
-0.05188
-0.06665
-0.07932
-0.09133
-0.10465
-0.12121
-0.14223
-0.16771
-0.19612
-0.22453
-0.24917
-0.26623
-0.27275
-0.26727
-0.25010
-0.22305
-0.18889
-0.15063
-0.11088
-0.07157
-0.03390
0.00138
0.03372
0.06260
0.08748
0.10806
0.12446
0.13733
0.14771
0.15668
0.16493
0.17250
0.17867
0.18224
0.18197
0.17707
0.16765
0.15474
0.14012
0.12576
0.11324
0.10321
0.09525
0.08804
0.07988
0.06930
0.05550
0.03860
0.01941
-0.00092
-0.02136
-0.04137
-0.06104
-0.08092
-0.10173
-0.12390
-0.14722
-0.17067
-0.19249
-0.21050
-0.22257
-0.22709
-0.22341
-0.21189
-0.19385
-0.17110
-0.14550
-0.11845
-0.09067
-0.06223
-0.03279
-0.00204
0.02996
0.06253
0.09442
0.12399
0.14961
0.16997
0.18434
0.19264
0.19545
0.19371
0.18853
0.18089
0.17143
0.16044
0.14790
0.13363
0.11745
0.09935
0.07955
0.05855
0.03713
0.01627
-0.00291
-0.01937
-0.03234
-0.04155
-0.04741
-0.05098
-0.05383
-0.05770
-0.06415
-0.07414
-0.08779
-0.10434
-0.12231
-0.13981
-0.15501
-0.16643
-0.17318
-0.17491
-0.17167
-0.16369
-0.15123
-0.13464
-0.11443
-0.09140
-0.06669
-0.04157
-0.01726
0.00536
0.02582
0.04406
0.06030
0.07483
0.08796
0.09998
0.11121
0.12200
0.13266
0.14331
0.15370
0.16314
0.17056
0.17471
0.17446
0.16913
0.15865
0.14363
0.12520
0.10476
0.08363
0.06286
0.04301
0.02412
0.00583
-0.01242
-0.03115
-0.05060
-0.07061
-0.09059
-0.10967
-0.12695
-0.14183
-0.15426
-0.16487
-0.17479
-0.18523
-0.19688
-0.20942
-0.22126
-0.22977
-0.23187
-0.22496
-0.20779
-0.18096
-0.14698
-0.10964
-0.07305
-0.04050
-0.01367
0.00774
0.02574
0.04329
0.06325
0.08749
0.11621
0.14776
0.17910
0.20661
0.22708
0.23862
0.24120
0.23657
0.22765
0.21759
0.20889
0.20273
0.19888
0.19603
0.19244
0.18659
0.17761
0.16541
0.15049
0.13361
0.11547
0.09657
0.07716
0.05739
0.03748
0.01777
-0.00141
-0.01996
-0.03829
-0.05734
-0.07846
-0.10306
-0.13217
-0.16608
-0.20421
-0.24510
-0.28660
-0.32601
-0.36041
-0.38691
-0.40306
-0.40725
-0.39906
-0.37933
-0.34994
-0.31334
-0.27186
-0.22723
-0.18039
-0.13172
-0.08159
-0.03096
0.01835
0.06376
0.10246
0.13211
0.15153
0.16100
0.16225
0.15805
0.15158
0.14578
0.14279
0.14359
0.14802
0.15497
0.16288
0.17025
0.17613
0.18043
0.18384
0.18753
0.19262
0.19970
0.20849
0.21791
0.22636
0.23222
0.23425
0.23178
0.22471
0.21336
0.19826
0.18013
0.15993
0.13888
0.11846
0.10012
0.08486
0.07281
0.06301
0.05361
0.04234
0.02718
0.00694
-0.01846
-0.04805
-0.08030
-0.11363
-0.14709
-0.18056
-0.21475
-0.25080
-0.28966
-0.33141
-0.37480
-0.41720
-0.45481
-0.48343
-0.49932
-0.50009
-0.48525
-0.45628
-0.41623
-0.36895
-0.31820
-0.26696
-0.21712
-0.16956
-0.12443
-0.08160
-0.04095
-0.00251
0.03358
0.06713
0.09803
0.12625
0.15190
0.17513
0.19618
0.21524
0.23255
0.24835
0.26293
0.27659
0.28956
0.30185
0.31304
0.32223
0.32805
0.32904
0.32409
0.31300
0.29683
0.27789
0.25922
0.24381
0.23361
0.22880
0.22758
0.22657
0.22189
0.21031
0.19035
0.16274
0.13018
0.09651
0.06555
0.03997
0.02069
0.00681
-0.00391
-0.01426
-0.02683
-0.04345
-0.06495
-0.09127
-0.12161
-0.15472
-0.18916
-0.22352
-0.25675
-0.28837
-0.31865
-0.34841
-0.37864
-0.40976
-0.44097
-0.46987
-0.49265
-0.50490
-0.50277
-0.48407
-0.44896
-0.39993
-0.34114
-0.27733
-0.21282
-0.15076
-0.09295
-0.04004
0.00805
0.05176
0.09158
0.12796
0.16127
0.19179
0.21964
0.24472
0.26666
0.28487
0.29861
0.30718
0.31007
0.30714
0.29873
0.28567
0.26931
0.25132
0.23354
0.21760
0.20462
0.19487
0.18767
0.18149
0.17441
0.16476
0.15165
0.13544
0.11764
0.10055
0.08645
0.07689
0.07209
0.07080
0.07066
0.06889
0.06310
0.05199
0.03571
0.01575
-0.00549
-0.02530
-0.04140
-0.05245
-0.05832
-0.06009
-0.05977
-0.05981
-0.06261
-0.06992
-0.08257
-0.10026
-0.12175
-0.14518
-0.16865
-0.19071
-0.21077
-0.22925
-0.24741
-0.26683
-0.28874
-0.31329
-0.33908
-0.36305
-0.38096
-0.38824
-0.38112
-0.35767
-0.31837
-0.26621
-0.20610
-0.14385
-0.08499
-0.03379
0.00740
0.03833
0.06053
0.07681
0.09055
0.10501
0.12282
0.14557
0.17359
0.20597
0.24066
0.27487
0.30552
0.32982
0.34585
0.35291
0.35166
0.34386
0.33188
0.31797
0.30369
0.28958
0.27511
0.25914
0.24047
0.21846
0.19339
0.16649
0.13965
0.11491
0.09386
0.07720
0.06459
0.05470
0.04557
0.03508
0.02144
0.00362
-0.01844
-0.04383
-0.07081
-0.09722
-0.12085
-0.13993
-0.15344
-0.16133
-0.16455
-0.16487
-0.16458
-0.16604
-0.17114
-0.18086
-0.19500
-0.21223
-0.23045
-0.24741
-0.26141
-0.27177
-0.27905
-0.28478
-0.29095
-0.29930
-0.31059
-0.32410
-0.33746
-0.34698
-0.34845
-0.33832
-0.31481
-0.27872
-0.23345
-0.18426
-0.13680
-0.09547
-0.06204
-0.03519
-0.01106
0.01536
0.04840
0.09023
0.14007
0.19446
0.24836
0.29681
0.33638
0.36616
0.38782
0.40477
0.42077
0.43840
0.45803
0.47764
0.49356
0.50187
0.49989
0.48724
0.46592
0.43952
0.41189
0.38570
0.36151
0.33772
0.31129
0.27894
0.23852
0.18972
0.13429
0.07540
0.01672
-0.03865
-0.08875
-0.13289
-0.17136
-0.20488
-0.23415
-0.25962
-0.28152
-0.30008
-0.31572
-0.32913
-0.34116
-0.35262
-0.36411
-0.37584
-0.38769
-0.39932
-0.41026
-0.42007
-0.42827
-0.43435
-0.43770
-0.43752
-0.43296
-0.42310
-0.40717
-0.38458
-0.35513
-0.31903
-0.27700
-0.23035
-0.18084
-0.13059
-0.08169
-0.03587
0.00586
0.04325
0.07670
0.10686
0.13436
0.15958
0.18277
0.20427
0.22474
0.24509
0.26629
0.28881
0.31228
0.33536
0.35602
0.37218
0.38251
0.38695
0.38680
0.38420
0.38139
0.37974
0.37930
0.37877
0.37602
0.36906
0.35674
0.33930
0.31819
0.29543
0.27270
0.25056
0.22806
0.20302
0.17288
0.13581
0.09168
0.04255
-0.00772
-0.05450
-0.09385
-0.12380
-0.14488
-0.15988
-0.17273
-0.18718
-0.20561
-0.22847
-0.25435
-0.28070
-0.30476
-0.32439
-0.33873
-0.34830
-0.35479
-0.36039
-0.36714
-0.37616
-0.38721
-0.39868
-0.40792
-0.41194
-0.40824
-0.39547
-0.37386
-0.34513
-0.31201
-0.27749
-0.24400
-0.21279
-0.18373
-0.15548
-0.12610
-0.09374
-0.05721
-0.01634
0.02797
0.07394
0.11928
0.16163
0.19895
0.22992
0.25410
0.27198
0.28475
0.29396
0.30118
0.30766
0.31411
0.32059
0.32654
0.33090
0.33226
0.32922
0.32081
0.30691
0.28868
0.26865
0.25041
0.23782
0.23393
0.23994
0.25444
0.27344
0.29110
0.30111
0.29827
0.27989
0.24645
0.20162
0.15137
0.10249
0.06087
0.02995
0.00982
-0.00282
-0.01367
-0.02915
-0.05463
-0.09299
-0.14413
-0.20527
-0.27197
-0.33921
-0.40233
-0.45749
-0.50171
-0.53288
-0.54972
-0.55194
-0.54036
-0.51700
-0.48470
-0.44649
-0.40478
-0.36081
-0.31447
-0.26489
-0.21125
-0.15382
-0.09453
-0.03693
0.01455
0.05580
0.08419
0.09942
0.10367
0.10109
0.09677
0.09551
0.10074
0.11384
0.13401
0.15872
0.18452
0.20802
0.22667
0.23926
0.24598
0.24802
0.24702
0.24441
0.24100
0.23670
0.23067
0.22160
0.20823
0.18977
0.16624
0.13854
0.10828
0.07743
0.04791
0.02124
-0.00170
-0.02067
-0.03596
-0.04823
-0.05821
-0.06654
-0.07364
-0.07962
-0.08430
-0.08723
-0.08791
-0.08589
-0.08099
-0.07344
-0.06384
-0.05309
-0.04219
-0.03198
-0.02300
-0.01533
-0.00866
-0.00232
0.00443
0.01229
0.02176
0.03304
0.04603
0.06036
0.07536
0.09003
0.10299
0.11254
0.11687
0.11442
0.10432
0.08679
0.06321
0.03580
0.00706
-0.02094
-0.04706
-0.07123
-0.09418
-0.11690
-0.14003
-0.16343
-0.18604
-0.20617
-0.22194
-0.23186
-0.23524
-0.23241
-0.22458
-0.21351
-0.20095
-0.18813
-0.17541
-0.16209
-0.14664
-0.12709
-0.10164
-0.06925
-0.03004
0.01463
0.06235
0.11012
0.15493
0.19426
0.22643
0.25079
0.26758
0.27774
0.28249
0.28299
0.28007
0.27419
0.26553
0.25425
0.24064
0.22522
0.20857
0.19115
0.17305
0.15387
0.13283
0.10908
0.08187
0.05083
0.01587
-0.02294
-0.06551
-0.11174
-0.16122
-0.21282
-0.26412
-0.31133
-0.34958
-0.37394
-0.38081
-0.36917
-0.34134
-0.30268
-0.26041
-0.22170
-0.19183
-0.17290
-0.16358
-0.15980
-0.15620
-0.14767
-0.13058
-0.10335
-0.06641
-0.02167
0.02818
0.08024
0.13176
0.18031
0.22372
0.26014
0.28806
0.30648
0.31506
0.31426
0.30532
0.29013
0.27089
0.24978
0.22851
0.20806
0.18860
0.16956
0.15006
0.12916
0.10633
0.08152
0.05518
0.02812
0.00123
-0.02464
-0.04882
-0.07075
-0.08993
-0.10591
-0.11831
-0.12694
-0.13199
-0.13408
-0.13429
-0.13398
-0.13448
-0.13685
-0.14158
-0.14851
-0.15691
-0.16574
-0.17390
-0.18054
-0.18512
-0.18736
-0.18711
-0.18412
-0.17797
-0.16817
-0.15427
-0.13603
-0.11353
-0.08712
-0.05729
-0.02470
0.00994
0.04576
0.08170
0.11652
0.14885
0.17745
0.20128
0.21971
0.23245
0.23956
0.24133
0.23821
0.23084
0.21999
0.20653
0.19128
0.17488
0.15760
0.13939
0.11996
0.09911
0.07702
0.05449
0.03286
0.01378
-0.00129
-0.01156
-0.01715
-0.01919
-0.01948
-0.02007
-0.02282
-0.02896
-0.03892
-0.05238
-0.06836
-0.08554
-0.10265
-0.11868
-0.13320
-0.14639
-0.15892
-0.17167
-0.18533
-0.19998
-0.21482
-0.22812
-0.23754
-0.24060
-0.23545
-0.22147
-0.19957
-0.17219
-0.14263
-0.11432
-0.08975
-0.06989
-0.05389
-0.03953
-0.02394
-0.00467
0.01959
0.04857
0.08062
0.11320
0.14359
0.16956
0.18979
0.20397
0.21266
0.21696
0.21810
0.21719
0.21495
0.21177
0.20773
0.20273
0.19659
0.18914
0.18018
0.16951
0.15697
0.14249
0.12619
0.10840
0.08968
0.07066
0.05196
0.03403
0.01703
0.00081
-0.01499
-0.03081
-0.04692
-0.06330
-0.07954
-0.09507
-0.10936
-0.12227
-0.13414
-0.14578
-0.15811
-0.17176
-0.18673
-0.20226
-0.21695
-0.22909
-0.23709
-0.23972
-0.23635
-0.22700
-0.21227
-0.19324
-0.17139
-0.14831
-0.12551
-0.10404
-0.08429
-0.06581
-0.04749
-0.02782
-0.00539
0.02062
0.05017
0.08231
0.11541
0.14757
0.17705
0.20259
0.22352
0.23970
0.25136
0.25897
0.26313
0.26447
0.26356
0.26078
0.25621
0.24964
0.24061
0.22868
0.21365
0.19568
0.17533
0.15332
0.13031
0.10659
0.08207
0.05631
0.02881
-0.00066
-0.03188
-0.06410
-0.09620
-0.12701
-0.15552
-0.18115
-0.20367
-0.22311
-0.23959
-0.25317
-0.26391
-0.27196
-0.27775
-0.28200
-0.28564
-0.28950
-0.29395
-0.29859
-0.30220
-0.30294
-0.29878
-0.28814
-0.27028
-0.24553
-0.21521
-0.18125
-0.14574
-0.11045
-0.07651
-0.04434
-0.01370
0.01606
0.04568
0.07573
0.10641
0.13746
0.16822
0.19777
0.22508
0.24917
0.26928
0.28499
0.29624
0.30333
0.30683
0.30736
0.30546
0.30141
0.29532
0.28718
0.27710
0.26542
0.25277
0.23990
0.22752
0.21596
0.20511
0.19433
0.18262
0.16880
0.15179
0.13075
0.10529
0.07552
0.04214
0.00651
-0.02941
-0.06330
-0.09284
-0.11617
-0.13229
-0.14132
-0.14441
-0.14346
-0.14068
-0.13822
-0.13787
-0.14086
-0.14783
-0.15874
-0.17287
-0.18885
-0.20477
-0.21851
-0.22817
-0.23246
-0.23109
-0.22477
-0.21500
-0.20353
-0.19192
-0.18114
-0.17149
-0.16273
-0.15439
-0.14600
-0.13723
-0.12775
-0.11711
-0.10460
-0.08926
-0.07024
-0.04736
-0.02167
0.00419
0.02628
0.04019
0.04251
0.03222
0.01159
-0.01394
-0.03698
-0.05023
-0.04857
-0.03061
0.00098
0.04045
0.08068
0.11527
0.14011
0.15411
0.15892
0.15786
0.15461
0.15201
0.15144
0.15287
0.15546
0.15827
0.16094
0.16380
0.16767
0.17332
0.18095
0.18988
0.19854
0.20483
0.20650
0.20165
0.18902
0.16818
0.13964
0.10473
0.06554
0.02463
-0.01531
-0.05184
-0.08312
-0.10813
-0.12676
-0.13965
-0.14801
-0.15327
-0.15684
-0.15979
-0.16263
-0.16525
-0.16690
-0.16645
-0.16267
-0.15469
-0.14225
-0.12585
-0.10661
-0.08596
-0.06521
-0.04520
-0.02614
-0.00769
0.01078
0.02989
0.04996
0.07092
0.09232
0.11358
0.13421
0.15388
0.17237
0.18933
0.20401
0.21501
0.22044
0.21822
0.20676
0.18552
0.15549
0.11925
0.08065
0.04398
0.01311
-0.00946
-0.02309
-0.02924
-0.03112
-0.03319
-0.04024
-0.05648
-0.08459
-0.12501
-0.17563
-0.23203
-0.28825
-0.33800
-0.37588
-0.39843
-0.40460
-0.39562
-0.37434
-0.34439
-0.30927
-0.27185
-0.23423
-0.19775
-0.16328
-0.13136
-0.10231
-0.07620
-0.05292
-0.03216
-0.01353
0.00350
0.01960
0.03566
0.05277
0.07204
0.09436
0.12005
0.14876
0.17949
0.21082
0.24118
0.26905
0.29302
0.31186
0.32456
0.33044
0.32939
0.32192
0.30915
0.29256
0.27372
0.25398
0.23426
0.21506
0.19663
0.17913
0.16281
0.14798
0.13493
0.12376
0.11427
0.10586
0.09766
0.08871
0.07819
0.06557
0.05077
0.03414
0.01643
-0.00140
-0.01828
-0.03325
-0.04576
-0.05591
-0.06480
-0.07468
-0.08887
-0.11123
-0.14533
-0.19336
-0.25518
-0.32777
-0.40522
-0.47954
-0.54201
-0.58482
-0.60271
-0.59410
-0.56137
-0.51015
-0.44788
-0.38193
-0.31798
-0.25893
-0.20485
-0.15365
-0.10233
-0.04824
0.00989
0.07159
0.13469
0.19592
0.25161
0.29851
0.33440
0.35844
0.37125
0.37458
0.37087
0.36262
0.35196
0.34030
0.32828
0.31588
0.30271
0.28834
0.27262
0.25591
0.23907
0.22330
0.20975
0.19895
0.19041
0.18237
0.17207
0.15638
0.13278
0.10025
0.05986
0.01471
-0.03081
-0.07209
-0.10564
-0.12996
-0.14594
-0.15652
-0.16586
-0.17817
-0.19669
-0.22292
-0.25630
-0.29448
-0.33377
-0.36986
-0.39854
-0.41624
-0.42057
-0.41055
-0.38679
-0.35132
-0.30722
-0.25810
-0.20737
-0.15759
-0.11008
-0.06473
-0.02032
0.02490
0.07249
0.12296
0.17531
0.22694
0.27407
0.31268
0.33962
0.35354
0.35527
0.34757
0.33428
0.31909
0.30459
0.29160
0.27923
0.26543
0.24785
0.22475
0.19564
0.16144
0.12425
0.08663
0.05088
0.01839
-0.01064
-0.03703
-0.06214
-0.08733
-0.11353
-0.14113
-0.17001
-0.19984
-0.23019
-0.26056
-0.29021
-0.31795
-0.34205
-0.36026
-0.37021
-0.36985
-0.35793
-0.33435
-0.30015
-0.25735
-0.20845
-0.15605
-0.10245
-0.04949
0.00149
0.04956
0.09411
0.13475
0.17125
0.20355
0.23159
0.25526
0.27427
0.28820
0.29659
0.29925
0.29651
0.28935
0.27921
0.26769
0.25595
0.24435
0.23225
0.21823
0.20051
0.17766
0.14906
0.11530
0.07808
0.03983
0.00312
-0.03016
-0.05934
-0.08530
-0.11031
-0.13733
-0.16909
-0.20700
-0.25049
-0.29674
-0.34109
-0.37793
-0.40186
-0.40882
-0.39696
-0.36703
-0.32217
-0.26721
-0.20757
-0.14819
-0.09253
-0.04216
0.00310
0.04450
0.08350
0.12093
0.15657
0.18924
0.21725
0.23901
0.25349
0.26052
0.26064
0.25487
0.24443
0.23044
0.21383
0.19536
0.17567
0.15537
0.13510
0.11534
0.09636
0.07801
0.05976
0.04086
0.02061
-0.00129
-0.02460
-0.04864
-0.07253
-0.09571
-0.11820
-0.14081
-0.16478
-0.19128
-0.22056
-0.25132
-0.28044
-0.30332
-0.31485
-0.31068
-0.28850
-0.24891
-0.19553
-0.13422
-0.07178
-0.01440
0.03365
0.07069
0.09749
0.11659
0.13126
0.14448
0.15814
0.17281
0.18776
0.20145
0.21217
0.21866
0.22063
0.21885
0.21495
0.21080
0.20778
0.20617
0.20483
0.20144
0.19317
0.17766
0.15382
0.12230
0.08532
0.04603
0.00759
-0.02768
-0.05873
-0.08574
-0.10970
-0.13173
-0.15255
-0.17226
-0.19038
-0.20621
-0.21924
-0.22950
-0.23758
-0.24451
-0.25146
-0.25934
-0.26847
-0.27838
-0.28771
-0.29442
-0.29606
-0.29024
-0.27527
-0.25049
-0.21659
-0.17541
-0.12952
-0.08161
-0.03397
0.01183
0.05479
0.09422
0.12932
0.15913
0.18261
0.19910
0.20872
0.21269
0.21327
0.21336
0.21578
0.22261
0.23458
0.25098
0.26994
0.28893
0.30552
0.31782
0.32471
0.32579
0.32112
0.31096
0.29564
0.27559
0.25148
0.22434
0.19555
0.16660
0.13878
0.11281
0.08858
0.06520
0.04119
0.01488
-0.01511
-0.04944
-0.08784
-0.12908
-0.17126
-0.21244
-0.25118
-0.28716
-0.32132
-0.35559
-0.39214
-0.43232
-0.47568
-0.51936
-0.55825
-0.58583
-0.59570
-0.58327
-0.54701
-0.48910
-0.41494
-0.33190
-0.24759
-0.16812
-0.09705
-0.03500
0.01974
0.07017
0.11928
0.16905
0.21979
0.27011
0.31733
0.35821
0.38985
0.41049
0.41996
0.41972
0.41248
0.40144
0.38948
0.37847
0.36908
0.36081
0.35249
0.34278
0.33058
0.31522
0.29645
0.27425
0.24865
0.21966
0.18723
0.15135
0.11214
0.06993
0.02527
-0.02109
-0.06828
-0.11540
-0.16164
-0.20635
-0.24914
-0.28979
-0.32818
-0.36409
-0.39702
-0.42598
-0.44952
-0.46579
-0.47293
-0.46950
-0.45485
-0.42942
-0.39471
-0.35294
-0.30660
-0.25789
-0.20846
-0.15936
-0.11128
-0.06492
-0.02128
0.01831
0.05247
0.08020
0.10138
0.11699
0.12900
0.13991
0.15207
0.16701
0.18508
0.20537
0.22605
0.24487
0.25983
0.26968
0.27419
0.27411
0.27086
0.26601
0.26077
0.25566
0.25043
0.24434
0.23648
0.22618
0.21326
0.19805
0.18133
0.16406
0.14714
0.13122
0.11652
0.10273
0.08902
0.07421
0.05703
0.03646
0.01207
-0.01581
-0.04614
-0.07743
-0.10813
-0.13719
-0.16437
-0.19040
-0.21677
-0.24508
-0.27632
-0.31013
-0.34436
-0.37526
-0.39822
-0.40892
-0.40457
-0.38475
-0.35161
-0.30930
-0.26277
-0.21645
-0.17321
-0.13396
-0.09796
-0.06366
-0.02974
0.00429
0.03798
0.07037
0.10070
0.12893
0.15586
0.18271
0.21030
0.23835
0.26510
0.28759
0.30242
0.30692
0.30006
0.28296
0.25865
0.23130
0.20507
0.18300
0.16635
0.15452
0.14541
0.13625
0.12443
0.10819
0.08691
0.06110
0.03205
0.00134
-0.02958
-0.05972
-0.08863
-0.11636
-0.14328
-0.16990
-0.19676
-0.22423
-0.25240
-0.28096
-0.30910
-0.33541
-0.35793
-0.37429
-0.38198
-0.37886
-0.36367
-0.33646
-0.29880
-0.25354
-0.20430
-0.15463
-0.10722
-0.06333
-0.02270
0.01607
0.05480
0.09486
0.13657
0.17901
0.22034
0.25841
0.29158
0.31924
0.34195
0.36113
0.37827
0.39426
0.40883
0.42056
0.42737
0.42739
0.41976
0.40505
0.38511
0.36235
0.33879
0.31520
0.29074
0.26326
0.23016
0.18942
0.14051
0.08474
0.02500
-0.03498
-0.09161
-0.14229
-0.18587
-0.22259
-0.25362
-0.28042
-0.30414
-0.32529
-0.34378
-0.35927
-0.37157
-0.38102
-0.38862
-0.39582
-0.40411
-0.41443
-0.42669
-0.43945
-0.45009
-0.45525
-0.45165
-0.43691
-0.41017
-0.37223
-0.32537
-0.27262
-0.21704
-0.16105
-0.10618
-0.05314
-0.00223
0.04633
0.09211
0.13451
0.17295
0.20712
0.23713
0.26350
0.28701
0.30842
0.32822
0.34641
0.36239
0.37502
0.38288
0.38464
0.37944
0.36724
0.34902
0.32661
0.30245
0.27902
0.25824
0.24099
0.22686
0.21426
0.20091
0.18454
0.16357
0.13766
0.10774
0.07575
0.04404
0.01468
-0.01099
-0.03266
-0.05097
-0.06716
-0.08274
-0.09904
-0.11690
-0.13653
-0.15747
-0.17865
-0.19869
-0.21608
-0.22952
-0.23820
-0.24192
-0.24116
-0.23686
-0.23019
-0.22205
-0.21273
-0.20168
-0.18761
-0.16890
-0.14422
-0.11320
-0.07682
-0.03737
0.00192
0.03762
0.06678
0.08750
0.09914
0.10224
0.09830
0.08938
0.07780
0.06580
0.05528
0.04762
0.04351
0.04286
0.04482
0.04790
0.05018
0.04969
0.04471
0.03417
0.01787
-0.00347
-0.02832
-0.05481
-0.08112
-0.10598
-0.12891
-0.15012
-0.17012
-0.18919
-0.20687
-0.22182
-0.23198
-0.23522
-0.23002
-0.21601
-0.19423
-0.16676
-0.13614
-0.10445
-0.07269
-0.04038
-0.00579
0.03340
0.07907
0.13177
0.19015
0.25097
0.30975
0.36171
0.40292
0.43106
0.44576
0.44835
0.44121
0.42687
0.40727
0.38340
0.35529
0.32242
0.28433
0.24119
0.19408
0.14504
0.09679
0.05213
0.01340
-0.01811
-0.04233
-0.06043
-0.07439
-0.08647
-0.09860
-0.11200
-0.12704
-0.14339
-0.16043
-0.17753
-0.19440
-0.21107
-0.22771
-0.24445
-0.26107
-0.27701
-0.29151
-0.30389
-0.31389
-0.32181
-0.32841
-0.33459
-0.34082
-0.34680
-0.35118
-0.35179
-0.34613
-0.33208
-0.30843
-0.27526
-0.23388
-0.18639
-0.13515
-0.08223
-0.02917
0.02297
0.07338
0.12124
0.16557
0.20542
0.24013
0.26961
0.29448
0.31586
0.33508
0.35317
0.37056
0.38690
0.40117
0.41198
0.41793
0.41794
0.41145
0.39846
0.37944
0.35516
0.32649
0.29426
0.25918
0.22185
0.18285
0.14274
0.10208
0.06135
0.02091
-0.01905
-0.05842
-0.09706
-0.13468
-0.17078
-0.20467
-0.23567
-0.26327
-0.28740
-0.30850
-0.32755
-0.34575
-0.36417
-0.38319
-0.40213
-0.41911
-0.43132
-0.43564
-0.42943
-0.41135
-0.38181
-0.34295
-0.29818
-0.25128
-0.20550
-0.16283
-0.12377
-0.08746
-0.05222
-0.01621
0.02197
0.06294
0.10642
0.15139
0.19628
0.23940
0.27915
0.31431
0.34403
0.36790
0.38575
0.39756
0.40338
0.40337
0.39782
0.38727
0.37250
0.35443
0.33398
0.31187
0.28846
0.26376
0.23755
0.20957
0.17975
0.14834
0.11589
0.08311
0.05063
0.01875
-0.01264
-0.04407
-0.07627
-0.10988
-0.14513
-0.18158
-0.21810
-0.25302
-0.28445
-0.31076
-0.33093
-0.34485
-0.35327
-0.35767
-0.35984
-0.36136
-0.36309
-0.36482
-0.36511
-0.36166
-0.35185
-0.33356
-0.30590
-0.26970
-0.22744
-0.18268
-0.13917
-0.09971
-0.06541
-0.03536
-0.00708
0.02252
0.05600
0.09443
0.13698
0.18126
0.22407
0.26250
0.29472
0.32035
0.34025
0.35595
0.36879
0.37939
0.38743
0.39179
0.39114
0.38443
0.37131
0.35231
0.32866
0.30202
0.27401
0.24590
0.21828
0.19099
0.16319
0.13355
0.10070
0.06363
0.02210
-0.02315
-0.07042
-0.11741
-0.16173
-0.20146
-0.23554
-0.26397
-0.28766
-0.30802
-0.32658
-0.34452
-0.36246
-0.38041
-0.39793
-0.41423
-0.42829
-0.43890
-0.44460
-0.44370
-0.43441
-0.41514
-0.38491
-0.34371
-0.29279
-0.23462
-0.17252
-0.11009
-0.05048
0.00417
0.05308
0.09670
0.13635
0.17364
0.20981
0.24537
0.27991
0.31231
0.34102
0.36461
0.38219
0.39358
0.39940
0.40073
0.39883
0.39471
0.38898
0.38176
0.37283
0.36180
0.34823
0.33173
0.31203
0.28897
0.26264
0.23338
0.20179
0.16866
0.13479
0.10074
0.06677
0.03282
-0.00131
-0.03573
-0.07025
-0.10429
-0.13696
-0.16717
-0.19391
-0.21643
-0.23446
-0.24831
-0.25889
-0.26767
-0.27650
-0.28736
-0.30204
-0.32178
-0.34689
-0.37645
-0.40807
-0.43794
-0.46137
-0.47356
-0.47082
-0.45157
-0.41703
-0.37113
-0.31971
-0.26915
-0.22490
-0.19020
-0.16540
-0.14803
-0.13329
-0.11520
-0.08785
-0.04676
0.00993
0.08074
0.16069
0.24207
0.31584
0.37364
0.40968
0.42214
0.41351
0.38987
0.35916
0.32926
0.30619
0.29305
0.28982
0.29402
0.30167
0.30846
0.31054
0.30502
0.29009
0.26501
0.23009
0.18684
0.13799
0.08760
0.04074
0.00298
-0.02048
-0.02584
-0.01170
0.02040
0.06593
0.11815
0.16935
0.21231
0.24146
0.25343
0.24695
0.22242
0.18140
0.12626
0.06020
-0.01268
-0.08748
-0.15909
-0.22303
-0.27663
-0.31968
-0.35453
-0.38511
-0.41539
-0.44773
-0.48171
-0.51418
-0.54024
-0.55495
-0.55489
-0.53918
-0.50942
-0.46892
-0.42148
-0.37040
-0.31787
-0.26507
-0.21248
-0.16039
-0.10917
-0.05930
-0.01130
0.03440
0.07746
0.11753
0.15418
0.18686
0.21505
0.23851
0.25753
0.27304
0.28661
0.30019
0.31573
0.33469
0.35769
0.38424
0.41265
0.44028
0.46390
0.48023
0.48643
0.48056
0.46182
0.43063
0.38850
0.33783
0.28149
0.22251
0.16368
0.10732
0.05510
0.00793
-0.03406
-0.07150
-0.10562
-0.13797
-0.17012
-0.20336
-0.23843
-0.27552
-0.31433
-0.35413
-0.39381
-0.43176
-0.46583
-0.49325
-0.51091
-0.51595
-0.50642
-0.48195
-0.44399
-0.39564
-0.34083
-0.28345
-0.22646
-0.17151
-0.11899
-0.06858
-0.01998
0.02654
0.06996
0.10867
0.14113
0.16645
0.18488
0.19793
0.20808
0.21818
0.23068
0.24695
0.26683
0.28858
0.30935
0.32585
0.33536
0.33648
0.32949
0.31636
0.30009
0.28395
0.27055
0.26116
0.25536
0.25120
0.24565
0.23539
0.21764
0.19083
0.15501
0.11173
0.06368
0.01392
-0.03470
-0.08012
-0.12128
-0.15808
-0.19119
-0.22177
-0.25116
-0.28072
-0.31147
-0.34398
-0.37805
-0.41258
-0.44553
-0.47402
-0.49466
-0.50405
-0.49942
-0.47923
-0.44363
-0.39458
-0.33562
-0.27131
-0.20639
-0.14494
-0.08975
-0.04200
-0.00137
0.03360
0.06493
0.09467
0.12444
0.15519
0.18711
0.21964
0.25170
0.28193
0.30905
0.33215
0.35081
0.36514
0.37554
0.38246
0.38606
0.38611
0.38211
0.37360
0.36067
0.34418
0.32574
0.30730
0.29050
0.27597
0.26307
0.24999
0.23432
0.21382
0.18709
0.15392
0.11529
0.07300
0.02913
-0.01447
-0.05652
-0.09645
-0.13440
-0.17096
-0.20692
-0.24291
-0.27923
-0.31568
-0.35170
-0.38649
-0.41928
-0.44945
-0.47653
-0.50008
-0.51939
-0.53334
-0.54028
-0.53834
-0.52588
-0.50212
-0.46757
-0.42413
-0.37464
-0.32217
-0.26909
-0.21650
-0.16414
-0.11080
-0.05516
0.00336
0.06409
0.12506
0.18356
0.23690
0.28317
0.32164
0.35263
0.37709
0.39601
0.40999
0.41911
0.42319
0.42217
0.41643
0.40693
0.39503
0.38211
0.36911
0.35624
0.34294
0.32815
0.31068
0.28966
0.26482
0.23654
0.20579
0.17381
0.14190
0.11116
0.08231
0.05561
0.03081
0.00719
-0.01632
-0.04087
-0.06730
-0.09586
-0.12598
-0.15642
-0.18565
-0.21234
-0.23582
-0.25629
-0.27475
-0.29265
-0.31127
-0.33124
-0.35214
-0.37236
-0.38935
-0.40002
-0.40136
-0.39106
-0.36796
-0.33241
-0.28620
-0.23238
-0.17466
-0.11680
-0.06184
-0.01166
0.03327
0.07366
0.11086
0.14615
0.18009
0.21226
0.24130
0.26542
0.28302
0.29315
0.29576
0.29158
0.28175
0.26744
0.24963
0.22905
0.20630
0.18204
0.15702
0.13197
0.10729
0.08275
0.05741
0.02974
-0.00179
-0.03809
-0.07884
-0.12223
-0.16524
-0.20422
-0.23580
-0.25772
-0.26938
-0.27186
-0.26754
-0.25927
-0.24950
-0.23956
-0.22936
-0.21766
-0.20259
-0.18253
-0.15671
-0.12566
-0.09108
-0.05542
-0.02125
0.00929
0.03496
0.05544
0.07129
0.08369
0.09421
0.10463
0.11677
0.13221
0.15212
0.17684
0.20563
0.23659
0.26688
0.29321
0.31262
0.32311
0.32408
0.31641
0.30203
0.28344
0.26300
0.24249
0.22284
0.20409
0.18564
0.16657
0.14602
0.12349
0.09896
0.07293
0.04626
0.01988
-0.00546
-0.02941
-0.05214
-0.07429
-0.09672
-0.12027
-0.14551
-0.17257
-0.20121
-0.23093
-0.26118
-0.29153
-0.32167
-0.35124
-0.37964
-0.40573
-0.42786
-0.44402
-0.45230
-0.45135
-0.44074
-0.42099
-0.39338
-0.35936
-0.32007
-0.27605
-0.22731
-0.17382
-0.11605
-0.05546
0.00556
0.06412
0.11764
0.16445
0.20418
0.23756
0.26595
0.29072
0.31281
0.33251
0.34958
0.36347
0.37357
0.37940
0.38066
0.37733
0.36960
0.35791
0.34292
0.32539
0.30608
0.28563
0.26444
0.24261
0.21999
0.19621
0.17079
0.14324
0.11323
0.08062
0.04552
0.00825
-0.03072
-0.07078
-0.11123
-0.15121
-0.18965
-0.22539
-0.25731
-0.28456
-0.30682
-0.32440
-0.33815
-0.34916
-0.35835
-0.36594
-0.37118
-0.37234
-0.36698
-0.35256
-0.32718
-0.29020
-0.24272
-0.18756
-0.12885
-0.07116
-0.01843
0.02698
0.06482
0.09677
0.12567
0.15434
0.18443
0.21582
0.24658
0.27371
0.29410
0.30552
0.30724
0.30006
0.28598
0.26745
0.24675
0.22537
0.20385
0.18186
0.15862
0.13340
0.10604
0.07716
0.04819
0.02091
-0.00295
-0.02231
-0.03697
-0.04775
-0.05635
-0.06505
-0.07634
-0.09247
-0.11511
-0.14496
-0.18151
-0.22299
-0.26636
-0.30763
-0.34220
-0.36541
-0.37327
-0.36314
-0.33452
-0.28936
-0.23204
-0.16867
-0.10578
-0.04895
-0.00156
0.03581
0.06511
0.08984
0.11375
0.13960
0.16841
0.19939
0.23044
0.25892
0.28246
0.29946
0.30924
0.31187
0.30799
0.29843
0.28410
0.26591
0.24473
0.22142
0.19672
0.17127
0.14548
0.11956
0.09361
0.06770
0.04211
0.01737
-0.00564
-0.02596
-0.04280
-0.05595
-0.06606
-0.07474
-0.08429
-0.09722
-0.11558
-0.14045
-0.17177
-0.20845
-0.24889
-0.29139
-0.33440
-0.37628
-0.41483
-0.44690
-0.46841
-0.47502
-0.46337
-0.43227
-0.38351
-0.32175
-0.25347
-0.18542
-0.12291
-0.06876
-0.02301
0.01642
0.05253
0.08806
0.12455
0.16212
0.19970
0.23563
0.26827
0.29639
0.31940
0.33719
0.35001
0.35827
0.36234
0.36254
0.35904
0.35199
0.34158
0.32828
0.31301
0.29722
0.28269
0.27113
0.26344
0.25902
0.25541
0.24848
0.23336
0.20589
0.16407
0.10911
0.04542
-0.02040
-0.08142
-0.13231
-0.17077
-0.19788
-0.21734
-0.23392
-0.25167
-0.27266
-0.29640
-0.32028
-0.34071
-0.35450
-0.36008
-0.35806
-0.35110
-0.34302
-0.33754
-0.33713
-0.34219
-0.35080
-0.35912
-0.36223
-0.35516
-0.33396
-0.29654
-0.24317
-0.17668
-0.10207
-0.02578
0.04553
0.10626
0.15306
0.18544
0.20571
0.21812
0.22756
0.23821
0.25249
0.27067
0.29110
0.31095
0.32725
0.33780
0.34169
0.33940
0.33239
0.32244
0.31096
0.29849
0.28467
0.26842
0.24839
0.22353
0.19341
0.15846
0.11996
0.07987
0.04053
0.00434
-0.02669
-0.05134
-0.06946
-0.08205
-0.09099
-0.09849
-0.10635
-0.11538
-0.12509
-0.13399
-0.14023
-0.14252
-0.14102
-0.13760
-0.13565
-0.13912
-0.15137
-0.17400
-0.20617
-0.24464
-0.28440
-0.31983
-0.34591
-0.35926
-0.35869
-0.34527
-0.32183
-0.29204
-0.25940
-0.22632
-0.19374
-0.16126
-0.12784
-0.09252
-0.05513
-0.01649
0.02192
0.05850
0.09217
0.12273
0.15085
0.17766
0.20424
0.23110
0.25792
0.28359
0.30646
0.32482
0.33729
0.34324
0.34294
0.33746
0.32836
0.31720
0.30511
0.29234
0.27830
0.26173
0.24129
0.21618
0.18667
0.15438
0.12208
0.09305
0.07024
0.05527
0.04779
0.04536
0.04395
0.03903
0.02682
0.00547
-0.02447
-0.06021
-0.09764
-0.13244
-0.16128
-0.18248
-0.19619
-0.20401
-0.20839
-0.21186
-0.21641
-0.22307
-0.23176
-0.24131
-0.24982
-0.25516
-0.25561
-0.25051
-0.24076
-0.22892
-0.21883
-0.21470
-0.21975
-0.23494
-0.25807
-0.28377
-0.30454
-0.31266
-0.30244
-0.27209
-0.22449
-0.16654
-0.10723
-0.05506
-0.01562
0.00963
0.02335
0.03085
0.03808
0.04971
0.06807
0.09297
0.12243
0.15384
0.18499
0.21468
0.24276
0.26972
0.29593
0.32110
0.34389
0.36210
0.37324
0.37536
0.36791
0.35230
0.33187
0.31129
0.29537
0.28761
0.28898
0.29720
0.30700
0.31133
0.30317
0.27750
0.23284
0.17169
0.09995
0.02537
-0.04434
-0.10310
-0.14737
-0.17632
-0.19122
-0.19468
-0.18990
-0.18010
-0.16835
-0.15738
-0.14953
-0.14649
-0.14909
-0.15718
-0.16977
-0.18542
-0.20278
-0.22100
-0.23986
-0.25947
-0.27982
-0.30022
-0.31906
-0.33393
-0.34211
-0.34137
-0.33069
-0.31067
-0.28348
-0.25223
-0.22015
-0.18960
-0.16153
-0.13541
-0.10960
-0.08212
-0.05139
-0.01687
0.02081
0.05995
0.09826
0.13344
0.16370
0.18824
0.20749
0.22316
0.23791
0.25478
0.27628
0.30356
0.33577
0.36999
0.40177
0.42618
0.43907
0.43812
0.42334
0.39696
0.36263
0.32444
0.28583
0.24876
0.21339
0.17812
0.14015
0.09627
0.04391
-0.01792
-0.08790
-0.16232
-0.23558
-0.30142
-0.35447
-0.39174
-0.41346
-0.42295
-0.42558
-0.42696
-0.43112
-0.43927
-0.44945
-0.45728
-0.45745
-0.44545
-0.41887
-0.37797
-0.32529
-0.26474
-0.20042
-0.13575
-0.07303
-0.01357
0.04195
0.09308
0.13934
0.18028
0.21566
0.24568
0.27102
0.29271
0.31179
0.32895
0.34429
0.35728
0.36704
0.37270
0.37380
0.37048
0.36352
0.35401
0.34304
0.33129
0.31887
0.30521
0.28926
0.26973
0.24542
0.21557
0.18021
0.14033
0.09781
0.05518
0.01499
-0.02093
-0.05217
-0.08011
-0.10764
-0.13831
-0.17507
-0.21902
-0.26878
-0.32063
-0.36960
-0.41107
-0.44224
-0.46296
-0.47542
-0.48296
-0.48829
-0.49203
-0.49214
-0.48441
-0.46407
-0.42763
-0.37442
-0.30711
-0.23110
-0.15304
-0.07903
-0.01323
0.04265
0.08913
0.12799
0.16134
0.19087
0.21758
0.24197
0.26422
0.28446
0.30283
0.31936
0.33398
0.34638
0.35612
0.36277
0.36602
0.36577
0.36206
0.35491
0.34408
0.32889
0.30832
0.28128
0.24714
0.20629
0.16037
0.11216
0.06496
0.02169
-0.01601
-0.04824
-0.07670
-0.10397
-0.13247
-0.16353
-0.19696
-0.23125
-0.26423
-0.29389
-0.31906
-0.33957
-0.35599
-0.36892
-0.37834
-0.38317
-0.38133
-0.37026
-0.34780
-0.31296
-0.26649
-0.21085
-0.14987
-0.08801
-0.02962
0.02179
0.06405
0.09662
0.12059
0.13843
0.15341
0.16887
0.18731
0.20978
0.23550
0.26205
0.28599
0.30384
0.31301
0.31251
0.30319
0.28738
0.26813
0.24822
0.22933
0.21160
0.19377
0.17382
0.14988
0.12106
0.08785
0.05194
0.01570
-0.01865
-0.04969
-0.07705
-0.10128
-0.12340
-0.14429
-0.16429
-0.18301
-0.19962
-0.21331
-0.22384
-0.23185
-0.23877
-0.24625
-0.25531
-0.26555
-0.27479
-0.27941
-0.27534
-0.25946
-0.23087
-0.19145
-0.14558
-0.09888
-0.05663
-0.02226
0.00348
0.02240
0.03798
0.05400
0.07329
0.09691
0.12403
0.15248
0.17960
0.20319
0.22202
0.23603
0.24598
0.25287
0.25738
0.25943
0.25815
0.25208
0.23963
0.21956
0.19136
0.15544
0.11308
0.06626
0.01733
-0.03134
-0.07767
-0.12011
-0.15775
-0.19032
-0.21797
-0.24092
-0.25914
-0.27206
-0.27849
-0.27684
-0.26556
-0.24372
-0.21159
-0.17093
-0.12491
-0.07762
-0.03336
0.00425
0.03291
0.05201
0.06253
0.06671
0.06747
0.06774
0.07003
0.07599
0.08636
0.10092
0.11870
0.13819
0.15767
0.17555
0.19072
0.20266
0.21148
0.21761
0.22148
0.22305
0.22165
0.21603
0.20473
0.18666
0.16161
0.13058
0.09566
0.05965
0.02531
-0.00526
-0.03112
-0.05257
-0.07093
-0.08806
-0.10579
-0.12544
-0.14753
-0.17173
-0.19705
-0.22224
-0.24609
-0.26780
-0.28697
-0.30353
-0.31744
-0.32841
-0.33571
-0.33820
-0.33465
-0.32416
-0.30650
-0.28231
-0.25296
-0.22009
-0.18512
-0.14881
-0.11120
-0.07195
-0.03081
0.01179
0.05455
0.09549
0.13254
0.16419
0.19004
0.21090
0.22847
0.24469
0.26110
0.27834
0.29604
0.31305
0.32786
0.33913
0.34599
0.34820
0.34598
0.33976
0.32982
0.31616
0.29844
0.27627
0.24947
0.21837
0.18404
0.14810
0.11244
0.07871
0.04785
0.01983
-0.00624
-0.03174
-0.05792
-0.08545
-0.11415
-0.14313
-0.17111
-0.19700
-0.22028
-0.24125
-0.26084
-0.28019
-0.30007
-0.32030
-0.33952
-0.35528
-0.36460
-0.36475
-0.35409
-0.33257
-0.30181
-0.26471
-0.22458
-0.18429
-0.14559
-0.10882
-0.07320
-0.03731
0.00009
0.03956
0.08067
0.12200
0.16156
0.19713
0.22673
0.24887
0.26263
0.26774
0.26453
0.25397
0.23754
0.21705
0.19442
0.17125
0.14858
0.12662
0.10484
