244.00000
501.00000
754.00000
1008.00000
1265.00000
1517.00000
1774.00000
2026.00000
2283.00000
2536.00000
2787.00000
3038.00000
3286.00000
3539.00000
3793.00000
4048.00000
4303.00000
4560.00000
4823.00000
5078.00000
5328.00000
5577.00000
5827.00000
6074.00000
6323.00000
6570.00000
6818.00000
7067.00000
7317.00000
7573.00000
7826.00000
8078.00000
8333.00000
8585.00000
8840.00000
9093.00000
9346.00000
9599.00000
9848.00000
10098.00000
10346.00000
10595.00000
10841.00000
11086.00000
11335.00000
11582.00000
11832.00000
12081.00000
12331.00000
12583.00000
12841.00000
13094.00000
13344.00000
13595.00000
13843.00000
14094.00000
14346.00000
14598.00000
14849.00000
15098.00000
15351.00000
15600.00000
15851.00000
16099.00000
16350.00000
16603.00000
16853.00000
17109.00000
17360.00000
17615.00000
17866.00000
18120.00000
18370.00000
18622.00000
18872.00000
19122.00000
19368.00000
19616.00000
19864.00000
20112.00000
20361.00000
20610.00000
20861.00000
21115.00000
21366.00000
21618.00000
21874.00000
22128.00000
22384.00000
22637.00000
22888.00000
23137.00000
23382.00000
23629.00000
23874.00000
24121.00000
24367.00000
24613.00000
24862.00000
25109.00000
25357.00000
25604.00000
25854.00000
26101.00000
26348.00000
26595.00000
26847.00000
27094.00000
27341.00000
27587.00000
27832.00000
28077.00000
28323.00000
28569.00000
28814.00000
29061.00000
29306.00000
29550.00000
29793.00000
30036.00000
30278.00000
30520.00000
30765.00000
31010.00000
31254.00000
31501.00000
31746.00000
31991.00000
32238.00000
32482.00000
32730.00000
32977.00000
33224.00000
33472.00000
33719.00000
33969.00000
34221.00000
34468.00000
34716.00000
34962.00000
35211.00000
35462.00000
35709.00000
35958.00000
36205.00000
36451.00000
36703.00000
36952.00000
37199.00000
37447.00000
37698.00000
37946.00000
38195.00000
38441.00000
38685.00000
38931.00000
39177.00000
39420.00000
39670.00000
39920.00000
40168.00000
40415.00000
40660.00000
40904.00000
41148.00000
41389.00000
41630.00000
41869.00000
42106.00000
42346.00000
42592.00000
42836.00000
43076.00000
43318.00000
43558.00000
43798.00000
44043.00000
44285.00000
44533.00000
44780.00000
45026.00000
45276.00000
45523.00000
45772.00000
46018.00000
46266.00000
46515.00000
46760.00000
47008.00000
47252.00000
47496.00000
47739.00000
47983.00000
48226.00000
48468.00000
48710.00000
48953.00000
49195.00000
49436.00000
49677.00000
49917.00000
50157.00000
50395.00000
50630.00000
50866.00000
51102.00000
51335.00000
51569.00000
51804.00000
52038.00000
52272.00000
52510.00000
52751.00000
52989.00000
53234.00000
53478.00000
53721.00000
53969.00000
54213.00000
54458.00000
54707.00000
54954.00000
55202.00000
55450.00000
55695.00000
55941.00000
56186.00000
56429.00000
56673.00000
56919.00000
57162.00000
57407.00000
57652.00000
57897.00000
58147.00000
58395.00000
58645.00000
58892.00000
59139.00000
59389.00000
59635.00000
59881.00000
60125.00000
60369.00000
60617.00000
60864.00000
61111.00000
61363.00000
61613.00000
61868.00000
62120.00000
62368.00000
62618.00000
62867.00000
63113.00000
63361.00000
63607.00000
63853.00000
64104.00000
64351.00000
64597.00000
64852.00000
65104.00000
65354.00000
65610.00000
65861.00000
66112.00000
66368.00000
66621.00000
66871.00000
67125.00000
67378.00000
67628.00000
67878.00000
68128.00000
68379.00000
68633.00000
68882.00000
69136.00000
69386.00000
69640.00000
69894.00000
70147.00000
70402.00000
70652.00000
70902.00000
71150.00000
71397.00000
71651.00000
71900.00000
72153.00000
72404.00000
72658.00000
72912.00000
73164.00000
73418.00000
73671.00000
73926.00000
74179.00000
74434.00000
74685.00000
74933.00000
75180.00000
75425.00000
75670.00000
75914.00000
76159.00000
76406.00000
76652.00000
76909.00000
77163.00000
77416.00000
77668.00000
77921.00000
78176.00000
78431.00000
78685.00000
78939.00000
79190.00000
79439.00000
79687.00000
79933.00000
80179.00000
80431.00000
80679.00000
80927.00000
81174.00000
81421.00000
81668.00000
81914.00000
82162.00000
82410.00000
82656.00000
82906.00000
83154.00000
83403.00000
83655.00000
83907.00000
84159.00000
84413.00000
84663.00000
84918.00000
85175.00000
85428.00000
85685.00000
85939.00000
86196.00000
86448.00000
86705.00000
86960.00000
87212.00000
87467.00000
87720.00000
87975.00000
88230.00000
88483.00000
88738.00000
88992.00000
89247.00000
89501.00000
89753.00000
90007.00000
90261.00000
90513.00000
90764.00000
91013.00000
91263.00000
91513.00000
91762.00000
92012.00000
92261.00000
92509.00000
92756.00000
93001.00000
93249.00000
93493.00000
93741.00000
93994.00000
94243.00000
94490.00000
94736.00000
94981.00000
95228.00000
95473.00000
95718.00000
95965.00000
96211.00000
96458.00000
96708.00000
96956.00000
97208.00000
97462.00000
97713.00000
97969.00000
98224.00000
98483.00000
98741.00000
98998.00000
99254.00000
99506.00000
99760.00000
