-0.02518
-0.04260
-0.06198
-0.08460
-0.11006
-0.13615
-0.15938
-0.17587
-0.18235
-0.17680
-0.15883
-0.12950
-0.09092
-0.04576
0.00316
0.05310
0.10163
0.14671
0.18689
0.22146
0.25053
0.27484
0.29543
0.31316
0.32836
0.34063
0.34903
0.35244
0.35008
0.34182
0.32833
0.31083
0.29066
0.26884
0.24571
0.22090
0.19353
0.16271
0.12800
0.08980
0.04952
0.00931
-0.02836
-0.06141
-0.08867
-0.11026
-0.12746
-0.14236
-0.15715
-0.17352
-0.19224
-0.21307
-0.23499
-0.25668
-0.27691
-0.29498
-0.31077
-0.32466
-0.33728
-0.34922
-0.36089
-0.37238
-0.38351
-0.39387
-0.40287
-0.40965
-0.41302
-0.41144
-0.40308
-0.38615
-0.35930
-0.32204
-0.27508
-0.22032
-0.16059
-0.09909
-0.03873
0.01841
0.07140
0.12043
0.16641
0.21038
0.25293
0.29383
0.33204
0.36602
0.39426
0.41577
0.43037
0.43867
0.44185
0.44125
0.43793
0.43246
0.42479
0.41444
0.40074
0.38314
0.36143
0.33592
0.30732
0.27664
0.24487
0.21280
0.18088
0.14923
0.11778
0.08643
0.05520
0.02424
-0.00614
-0.03565
-0.06404
-0.09125
-0.11744
-0.14300
-0.16852
-0.19458
-0.22147
-0.24889
-0.27574
-0.30014
-0.31974
-0.33234
-0.33646
-0.33188
-0.31979
-0.30256
-0.28323
-0.26478
-0.24955
-0.23872
-0.23214
-0.22855
-0.22593
-0.22217
-0.21573
-0.20611
-0.19398
-0.18101
-0.16911
-0.15968
-0.15277
-0.14670
-0.13836
-0.12400
-0.10045
-0.06623
-0.02219
0.02869
0.08209
0.13365
0.18011
0.22000
0.25365
0.28247
0.30805
0.33112
0.35116
0.36641
0.37457
0.37366
0.36283
0.34275
0.31548
0.28392
0.25101
0.21901
0.18912
0.16141
0.13520
0.10948
0.08351
0.05715
0.03105
0.00647
-0.01506
-0.03222
-0.04440
-0.05196
-0.05624
-0.05920
-0.06287
-0.06883
-0.07781
-0.08965
-0.10350
-0.11822
-0.13282
-0.14672
-0.15981
-0.17232
-0.18463
-0.19701
-0.20955
-0.22213
-0.23442
-0.24588
-0.25570
-0.26270
-0.26537
-0.26202
-0.25119
-0.23206
-0.20487
-0.17099
-0.13272
-0.09264
-0.05298
-0.01500
0.02116
0.05624
0.09133
0.12715
0.16356
0.19938
0.23263
0.26093
0.28217
0.29495
0.29891
0.29480
0.28424
0.26935
0.25237
0.23515
0.21885
0.20373
0.18921
0.17408
0.15702
0.13707
0.11409
0.08890
0.06316
0.03891
0.01805
0.00173
-0.00998
-0.01806
-0.02421
-0.03034
-0.03796
-0.04781
-0.05979
-0.07309
-0.08656
-0.09906
-0.10970
-0.11799
-0.12386
-0.12767
-0.13017
-0.13245
-0.13576
-0.14138
-0.15024
-0.16270
-0.17828
-0.19568
-0.21293
-0.22784
-0.23840
-0.24331
-0.24217
-0.23556
-0.22478
-0.21145
-0.19708
-0.18274
-0.16895
-0.15574
-0.14281
-0.12977
-0.11624
-0.10188
-0.08640
-0.06953
-0.05097
-0.03042
-0.00760
0.01779
0.04600
0.07714
0.11109
0.14731
0.18473
0.22179
0.25650
0.28686
0.31115
0.32836
0.33830
0.34161
0.33952
0.33345
0.32470
0.31418
0.30237
0.28938
0.27517
0.25968
0.24294
0.22496
0.20567
0.18486
0.16210
0.13699
0.10933
0.07939
0.04808
0.01686
-0.01250
-0.03833
-0.05949
-0.07554
-0.08686
-0.09441
-0.09951
-0.10350
-0.10749
-0.11223
-0.11803
-0.12473
-0.13181
-0.13850
-0.14397
-0.14756
-0.14894
-0.14827
-0.14615
-0.14354
-0.14150
-0.14091
-0.14228
-0.14558
-0.15037
-0.15597
-0.16170
-0.16706
-0.17191
-0.17637
-0.18080
-0.18557
-0.19100
-0.19726
-0.20430
-0.21183
-0.21927
-0.22573
-0.23005
-0.23097
-0.22730
-0.21818
-0.20330
-0.18294
-0.15787
-0.12905
-0.09744
-0.06374
-0.02844
0.00806
0.04531
0.08266
0.11936
0.15468
0.18815
0.21964
0.24938
0.27786
0.30553
0.33253
0.35852
0.38256
0.40322
0.41890
0.42811
0.42992
0.42416
0.41144
0.39299
0.37030
0.34461
0.31664
0.28640
0.25329
0.21650
0.17542
0.13015
0.08168
0.03193
-0.01666
-0.06165
-0.10121
-0.13457
-0.16214
-0.18523
-0.20561
-0.22484
-0.24387
-0.26277
-0.28083
-0.29687
-0.30971
-0.31858
-0.32349
-0.32528
-0.32544
-0.32564
-0.32716
-0.33041
-0.33460
-0.33780
-0.33729
-0.33026
-0.31446
-0.28882
-0.25364
-0.21049
-0.16173
-0.10987
-0.05707
-0.00478
0.04639
0.09643
0.14564
0.19418
0.24177
0.28747
0.32971
0.36659
0.39632
0.41769
0.43038
0.43508
0.43318
0.42628
0.41558
0.40143
0.38315
0.35933
0.32836
0.28919
0.24196
0.18832
0.13136
0.07510
0.02367
-0.01961
-0.05297
-0.07658
-0.09238
-0.10350
-0.11340
-0.12496
-0.13988
-0.15844
-0.17978
-0.20241
-0.22481
-0.24600
-0.26558
-0.28367
-0.30046
-0.31589
-0.32948
-0.34049
-0.34826
-0.35268
-0.35436
-0.35455
-0.35469
-0.35577
-0.35780
-0.35959
-0.35902
-0.35365
-0.34150
-0.32164
-0.29439
-0.26105
-0.22338
-0.18295
-0.14082
-0.09732
-0.05233
-0.00553
0.04325
0.09381
0.14561
0.19789
0.24991
0.30110
0.35116
0.39999
0.44746
0.49327
0.53670
0.57661
0.61154
0.63989
0.66020
0.67133
0.67258
0.66372
0.64484
0.61630
0.57858
0.53218
0.47772
0.41596
0.34799
0.27535
0.20009
0.12473
0.05203
-0.01530
-0.07501
-0.12563
-0.16672
-0.19888
-0.22359
-0.24278
-0.25846
-0.27222
-0.28500
-0.29699
-0.30778
-0.31669
-0.32312
-0.32693
-0.32860
-0.32917
-0.33005
-0.33255
-0.33759
-0.34533
-0.35511
-0.36557
-0.37498
-0.38175
-0.38488
-0.38436
-0.38128
-0.37768
-0.37595
-0.37813
-0.38511
-0.39607
-0.40832
-0.41785
-0.42019
-0.41156
-0.38996
-0.35560
-0.31085
-0.25950
-0.20563
-0.15254
-0.10198
-0.05393
-0.00693
0.04112
0.09212
0.14708
0.20581
0.26702
0.32882
0.38927
0.44684
0.50062
0.55020
0.59529
0.63541
0.66963
0.69661
0.71491
0.72336
0.72144
0.70943
0.68833
0.65963
0.62486
0.58525
0.54156
0.49402
0.44259
0.38716
0.32781
0.26495
0.19938
0.13219
0.06460
-0.00206
-0.06650
-0.12745
-0.18377
-0.23447
-0.27888
-0.31668
-0.34794
-0.37308
-0.39272
-0.40753
-0.41821
-0.42538
-0.42956
-0.43124
-0.43080
-0.42863
-0.42514
-0.42084
-0.41634
-0.41234
-0.40958
-0.40869
-0.41005
-0.41353
-0.41828
-0.42257
-0.42381
-0.41883
-0.40456
-0.37874
-0.34069
-0.29167
-0.23472
-0.17395
-0.11342
-0.05619
-0.00361
0.04475
0.09054
0.13575
0.18180
0.22882
0.27544
0.31914
0.35693
0.38627
0.40585
0.41608
0.41902
0.41782
0.41578
0.41539
0.41765
0.42187
0.42608
0.42780
0.42496
0.41655
0.40281
0.38494
0.36439
0.34219
0.31844
0.29217
0.26175
0.22547
0.18232
0.13248
0.07757
0.02032
-0.03588
-0.08780
-0.13304
-0.17047
-0.20041
-0.22443
-0.24478
-0.26380
-0.28329
-0.30416
-0.32632
-0.34890
-0.37058
-0.38994
-0.40576
-0.41720
-0.42387
-0.42588
-0.42371
-0.41809
-0.40985
-0.39970
-0.38808
-0.37505
-0.36026
-0.34301
-0.32225
-0.29679
-0.26544
-0.22732
-0.18214
-0.13051
-0.07397
-0.01480
0.04439
0.10136
0.15472
0.20421
0.25053
0.29482
0.33804
0.38034
0.42081
0.45752
0.48797
0.50967
0.52083
0.52073
0.50998
0.49033
0.46427
0.43450
0.40340
0.37264
0.34302
0.31455
0.28671
0.25877
0.23007
0.20023
0.16921
0.13725
0.10487
0.07272
0.04145
0.01160
-0.01655
-0.04303
-0.06821
-0.09270
-0.11726
-0.14260
-0.16918
-0.19708
-0.22591
-0.25489
-0.28302
-0.30934
-0.33315
-0.35428
-0.37314
-0.39056
-0.40756
-0.42484
-0.44241
-0.45933
-0.47374
-0.48322
-0.48531
-0.47815
-0.46093
-0.43401
-0.39878
-0.35710
-0.31074
-0.26081
-0.20763
-0.15084
-0.08988
-0.02460
0.04432
0.11511
0.18506
0.25097
0.30983
0.35938
0.39852
0.42736
0.44690
0.45862
0.46399
0.46413
0.45976
0.45124
0.43884
0.42293
0.40407
0.38296
0.36018
0.33599
0.31016
0.28198
0.25055
0.21519
0.17581
0.13326
0.08928
0.04617
0.00624
-0.02879
-0.05832
-0.08294
-0.10421
-0.12409
-0.14432
-0.16592
-0.18894
-0.21262
-0.23579
-0.25735
-0.27674
-0.29404
-0.30995
-0.32535
-0.34085
-0.35629
-0.37050
-0.38132
-0.38601
-0.38182
-0.36667
-0.33969
-0.30138
-0.25351
-0.19870
-0.13988
-0.07984
-0.02088
0.03541
0.08820
0.13736
0.18329
0.22651
0.26728
0.30530
0.33950
0.36831
0.38997
0.40311
0.40719
0.40270
0.39106
0.37418
0.35393
0.33156
0.30746
0.28113
0.25158
0.21778
0.17920
0.13613
0.08973
0.04186
-0.00528
-0.04966
-0.08979
-0.12498
-0.15539
-0.18182
-0.20541
-0.22732
-0.24839
-0.26908
-0.28947
-0.30947
-0.32903
-0.34828
-0.36744
-0.38654
-0.40493
-0.42103
-0.43225
-0.43539
-0.42743
-0.40645
-0.37235
-0.32707
-0.27420
-0.21800
-0.16227
-0.10939
-0.05984
-0.01255
0.03439
0.08271
0.13317
0.18526
0.23734
0.28717
0.33259
0.37200
0.40471
0.43086
0.45119
0.46663
0.47793
0.48538
0.48877
0.48753
0.48096
0.46861
0.45045
0.42701
0.39917
0.36792
0.33396
0.29748
0.25814
0.21530
0.16843
0.11758
0.06364
0.00840
-0.04583
-0.09672
-0.14247
-0.18221
-0.21615
-0.24532
-0.27130
-0.29569
-0.31974
-0.34404
-0.36837
-0.39177
-0.41278
-0.42987
-0.44203
-0.44922
-0.45254
-0.45402
-0.45595
-0.45995
-0.46621
-0.47298
-0.47691
-0.47374
-0.45955
-0.43186
-0.39032
-0.33687
-0.27516
-0.20967
-0.14469
-0.08353
-0.02803
0.02143
0.06573
0.10654
0.14587
0.18555
0.22684
0.27012
0.31491
0.35991
0.40347
0.44393
0.48000
0.51097
0.53657
0.55682
0.57174
0.58110
0.58447
0.58127
0.57102
0.55351
0.52890
0.49772
0.46072
0.41866
0.37218
0.32167
0.26734
0.20945
0.14846
0.08531
0.02145
-0.04129
-0.10089
-0.15549
-0.20368
-0.24458
-0.27793
-0.30393
-0.32317
-0.33648
-0.34487
-0.34942
-0.35127
-0.35145
-0.35087
-0.35017
-0.34967
-0.34944
-0.34936
-0.34928
-0.34929
-0.34982
-0.35164
-0.35565
-0.36244
-0.37173
-0.38204
-0.39061
-0.39386
-0.38814
-0.37072
-0.34044
-0.29802
-0.24577
-0.18694
-0.12493
-0.06257
-0.00187
0.05601
0.11050
0.16126
0.20807
0.25078
0.28945
0.32443
0.35635
0.38589
0.41353
0.43924
0.46234
0.48155
0.49516
0.50146
0.49915
0.48770
0.46753
0.43995
0.40681
0.37005
0.33128
0.29149
0.25098
0.20957
0.16686
0.12269
0.07736
0.03174
-0.01276
-0.05458
-0.09236
-0.12535
-0.15368
-0.17834
-0.20091
-0.22312
-0.24622
-0.27058
-0.29554
-0.31965
-0.34115
-0.35859
-0.37130
-0.37943
-0.38375
-0.38516
-0.38412
-0.38039
-0.37304
-0.36071
-0.34214
-0.31654
-0.28384
-0.24460
-0.19980
-0.15055
-0.09787
-0.04264
0.01438
0.07240
0.13049
0.18751
0.24211
0.29278
0.33798
0.37629
0.40663
0.42836
0.44134
0.44585
0.44243
0.43167
0.41400
0.38969
0.35889
0.32191
0.27939
0.23253
0.18308
0.13319
0.08520
0.04121
0.00280
-0.02927
-0.05513
-0.07576
-0.09271
-0.10782
-0.12277
-0.13879
-0.15646
-0.17561
-0.19546
-0.21484
-0.23256
-0.24772
-0.25998
-0.26961
-0.27738
-0.28423
-0.29092
-0.29772
-0.30435
-0.31005
-0.31386
-0.31486
-0.31234
-0.30575
-0.29462
-0.27850
-0.25699
-0.22998
-0.19784
-0.16165
-0.12303
-0.08374
-0.04513
-0.00753
0.02993
0.06907
0.11198
0.16012
0.21353
0.27053
0.32798
0.38191
0.42854
0.46495
0.48964
0.50251
0.50455
0.49734
0.48256
0.46162
0.43552
0.40490
0.37026
0.33206
0.29091
0.24752
0.20263
0.15692
0.11101
0.06548
0.02103
-0.02148
-0.06101
-0.09657
-0.12748
-0.15363
-0.17563
-0.19472
-0.21239
-0.23004
-0.24854
-0.26798
-0.28763
-0.30616
-0.32193
-0.33348
-0.33988
-0.34104
-0.33770
-0.33125
-0.32337
-0.31547
-0.30824
-0.30127
-0.29309
-0.28149
-0.26417
-0.23954
-0.20732
-0.16876
-0.12648
-0.08380
-0.04395
-0.00938
0.01874
0.04057
0.05740
0.07118
0.08410
0.09816
0.11492
0.13541
0.16005
0.18859
0.22013
0.25313
0.28558
0.31527
0.34021
0.35899
0.37095
0.37626
0.37557
0.36964
0.35892
0.34335
0.32237
0.29530
0.26176
0.22208
0.17753
0.13016
0.08248
0.03689
-0.00487
-0.04204
-0.07484
-0.10416
-0.13112
-0.15657
-0.18081
-0.20358
-0.22432
-0.24251
-0.25791
-0.27074
-0.28158
-0.29115
-0.30005
-0.30847
-0.31607
-0.32201
-0.32498
-0.32350
-0.31612
-0.30170
-0.27964
-0.24999
-0.21349
-0.17148
-0.12579
-0.07848
-0.03156
0.01325
0.05477
0.09247
0.12643
0.15724
0.18570
0.21255
0.23825
0.26279
0.28570
0.30610
0.32297
0.33539
0.34275
0.34492
0.34214
0.33489
0.32367
0.30880
0.29035
0.26816
0.24196
0.21156
0.17698
0.13859
0.09712
0.05369
0.00968
-0.03336
-0.07395
-0.11088
-0.14342
-0.17144
-0.19535
-0.21585
-0.23365
-0.24919
-0.26252
-0.27346
-0.28191
-0.28818
-0.29322
-0.29846
-0.30541
-0.31505
-0.32717
-0.34011
-0.35081
-0.35551
-0.35062
-0.33369
-0.30413
-0.26338
-0.21453
-0.16157
-0.10838
-0.05792
-0.01176
0.02990
0.06784
0.10321
0.13695
0.16953
0.20088
0.23057
0.25810
0.28309
0.30536
0.32493
0.34190
0.35635
0.36824
0.37734
0.38325
0.38545
0.38340
0.37668
0.36517
0.34917
0.32932
0.30650
0.28150
0.25468
0.22588
0.19439
0.15934
0.12018
0.07712
0.03145
-0.01457
-0.05822
-0.09697
-0.12920
-0.15456
-0.17401
-0.18934
-0.20259
-0.21547
-0.22891
-0.24302
-0.25724
-0.27068
-0.28240
-0.29170
-0.29821
-0.30188
-0.30288
-0.30155
-0.29835
-0.29392
-0.28911
-0.28492
-0.28231
-0.28185
-0.28336
-0.28569
-0.28668
-0.28353
-0.27341
-0.25416
-0.22491
-0.18630
-0.14038
-0.09003
-0.03836
0.01196
0.05906
0.10207
0.14092
0.17617
0.20866
0.23928
0.26878
0.29759
0.32572
0.35265
0.37730
0.39814
0.41349
0.42186
0.42238
0.41495
0.40033
0.37984
0.35495
0.32687
0.29619
0.26286
0.22645
0.18650
0.14305
0.09684
0.04942
0.00286
-0.04066
-0.07927
-0.11186
-0.13819
-0.15892
-0.17527
-0.18865
-0.20022
-0.21061
-0.21979
-0.22725
-0.23236
-0.23475
-0.23468
-0.23321
-0.23201
-0.23297
-0.23764
-0.24654
-0.25879
-0.27200
-0.28256
-0.28633
-0.27949
-0.25949
-0.22565
-0.17938
-0.12394
-0.06374
-0.00341
0.05307
0.10309
0.14579
0.18191
0.21331
0.24222
0.27035
0.29826
0.32510
0.34876
0.36649
0.37575
0.37492
0.36387
0.34392
0.31745
0.28716
0.25529
0.22307
0.19051
0.15668
0.12031
0.08043
0.03696
-0.00897
-0.05519
-0.09889
-0.13734
-0.16858
-0.19192
-0.20806
-0.21876
-0.22630
-0.23276
-0.23951
-0.24702
-0.25501
-0.26295
-0.27061
-0.27840
-0.28746
-0.29921
-0.31464
-0.33354
-0.35396
-0.37224
-0.38366
-0.38365
-0.36916
-0.33970
-0.29770
-0.24788
-0.19591
-0.14680
-0.10356
-0.06665
-0.03431
-0.00364
0.02822
0.06300
0.10091
0.14083
0.18107
0.22017
0.25756
0.29370
0.32967
0.36647
0.40424
0.44184
0.47691
0.50641
0.52745
0.53816
0.53821
0.52887
0.51251
0.49189
0.46934
0.44610
0.42220
0.39665
0.36796
0.33475
0.29630
0.25272
0.20493
0.15426
0.10211
0.04952
-0.00287
-0.05479
-0.10604
-0.15623
-0.20453
-0.24973
-0.29040
-0.32520
-0.35326
-0.37433
-0.38883
-0.39768
-0.40198
-0.40282
-0.40106
-0.39735
-0.39214
-0.38589
-0.37909
-0.37240
-0.36655
-0.36234
-0.36050
-0.36161
-0.36593
-0.37324
-0.38261
-0.39230
-0.39980
-0.40219
-0.39659
-0.38087
-0.35411
-0.31694
-0.27138
-0.22038
-0.16717
-0.11454
-0.06430
-0.01698
0.02809
0.07251
0.11822
0.16694
0.21960
0.27599
0.33475
0.39361
0.44990
0.50119
0.54575
0.58283
0.61247
0.63521
0.65158
0.66175
0.66541
0.66193
0.65063
0.63108
0.60312
0.56680
0.52220
0.46933
0.40828
0.33952
0.26434
0.18511
0.10529
0.02888
-0.04037
-0.09985
-0.14878
-0.18827
-0.22091
-0.24971
-0.27714
-0.30434
-0.33092
-0.35544
-0.37616
-0.39189
-0.40254
-0.40920
-0.41378
-0.41838
-0.42464
-0.43332
-0.44410
-0.45576
-0.46640
-0.47373
-0.47529
-0.46859
-0.45132
-0.42170
-0.37894
-0.32366
-0.25813
-0.18616
-0.11253
-0.04201
0.02153
0.07600
0.12132
0.15918
0.19227
0.22327
0.25403
0.28495
0.31502
0.34216
0.36394
0.37829
0.38410
0.38143
0.37152
0.35644
0.33867
0.32058
0.30393
0.28952
0.27698
0.26471
0.25025
0.23081
0.20403
0.16868
0.12524
0.07590
0.02420
-0.02591
-0.07107
-0.10940
-0.14086
-0.16701
-0.19029
-0.21310
-0.23705
-0.26259
-0.28898
-0.31465
-0.33758
-0.35573
-0.36729
-0.37090
-0.36577
-0.35181
-0.32964
-0.30050
-0.26599
-0.22781
-0.18733
-0.14550
-0.10281
-0.05950
-0.01579
0.02801
0.07155
0.11448
0.15660
0.19784
0.23813
0.27723
0.31454
0.34901
0.37927
0.40379
0.42125
0.43082
0.43230
0.42613
0.41317
0.39432
0.37027
0.34126
0.30716
0.26770
0.22291
0.17345
0.12070
0.06664
0.01336
-0.03748
-0.08500
-0.12923
-0.17087
-0.21089
-0.25010
-0.28887
-0.32701
-0.36380
-0.39812
-0.42848
-0.45315
-0.47025
-0.47799
-0.47504
-0.46089
-0.43605
-0.40211
-0.36143
-0.31666
-0.27027
-0.22414
-0.17942
-0.13662
-0.09582
-0.05684
-0.01939
0.01694
0.05263
0.08820
0.12402
0.16021
0.19649
0.23226
0.26682
0.29950
0.32984
0.35742
0.38170
0.40181
0.41644
0.42413
0.42361
0.41434
0.39676
0.37231
0.34313
0.31146
0.27903
0.24654
0.21354
0.17868
0.14032
0.09720
0.04913
-0.00277
-0.05616
-0.10805
-0.15549
-0.19641
-0.23010
-0.25735
-0.28022
-0.30135
-0.32324
-0.34743
-0.37403
-0.40147
-0.42672
-0.44592
-0.45522
-0.45174
-0.43427
-0.40360
-0.36228
-0.31395
-0.26258
-0.21159
-0.16334
-0.11895
-0.07839
-0.04081
-0.00492
0.03059
0.06685
0.10453
0.14379
0.18418
0.22469
0.26383
0.29982
0.33084
0.35534
0.37230
0.38145
0.38325
0.37874
0.36923
0.35607
0.34044
0.32325
0.30517
0.28668
0.26802
0.24914
0.22972
0.20914
0.18663
0.16153
0.13355
0.10292
0.07049
0.03748
0.00522
-0.02531
-0.05374
-0.08044
-0.10630
-0.13237
-0.15942
-0.18754
-0.21606
-0.24364
-0.26866
-0.28967
-0.30577
-0.31676
-0.32313
-0.32572
-0.32544
-0.32300
-0.31879
-0.31302
-0.30582
-0.29742
-0.28817
-0.27848
-0.26857
-0.25828
-0.24698
-0.23362
-0.21694
-0.19576
-0.16931
-0.13733
-0.10011
-0.05845
-0.01350
0.03334
0.08047
0.12623
0.16904
0.20761
0.24120
0.26972
0.29372
0.31412
0.33180
0.34718
0.35995
0.36909
0.37311
0.37058
0.36056
0.34303
0.31887
0.28970
0.25746
0.22398
0.19066
0.15837
0.12753
0.09830
0.07086
0.04546
0.02250
0.00238
-0.01460
-0.02839
-0.03920
-0.04750
-0.05391
-0.05911
-0.06368
-0.06801
-0.07226
-0.07644
-0.08051
-0.08453
-0.08871
-0.09345
-0.09918
-0.10622
-0.11469
-0.12447
-0.13519
-0.14642
-0.15770
-0.16866
-0.17898
-0.18838
-0.19645
-0.20260
-0.20596
-0.20555
-0.20047
-0.19035
-0.17569
-0.15799
-0.13958
-0.12308
-0.11061
-0.10315
-0.10018
-0.09975
-0.09912
-0.09553
-0.08705
-0.07306
-0.05422
-0.03212
-0.00859
0.01495
0.03792
0.06064
0.08402
0.10900
0.13602
0.16469
0.19372
0.22125
0.24536
0.26453
0.27798
0.28572
0.28825
0.28626
0.28021
0.27018
0.25598
0.23740
0.21456
0.18817
0.15950
0.13014
0.10160
0.07499
0.05081
0.02900
0.00912
-0.00934
-0.02680
-0.04341
-0.05914
-0.07386
-0.08740
-0.09969
-0.11075
-0.12064
-0.12941
-0.13713
-0.14386
-0.14976
-0.15502
-0.15986
-0.16451
-0.16905
-0.17350
-0.17782
-0.18210
-0.18657
-0.19170
-0.19794
-0.20544
-0.21374
-0.22158
-0.22701
-0.22775
-0.22181
-0.20804
-0.18651
-0.15848
-0.12607
-0.09163
-0.05717
-0.02386
0.00795
0.03857
0.06843
0.09771
0.12613
0.15300
0.17759
0.19946
0.21880
0.23638
0.25334
0.27075
0.28906
0.30788
0.32588
0.34107
0.35128
0.35470
0.35028
0.33805
0.31912
0.29538
0.26908
0.24226
0.21627
0.19146
0.16721
0.14221
0.11496
0.08423
0.04949
0.01104
-0.03006
-0.07225
-0.11377
-0.15297
-0.18839
-0.21891
-0.24372
-0.26241
-0.27502
-0.28214
-0.28489
-0.28467
-0.28295
-0.28090
-0.27911
-0.27758
-0.27586
-0.27333
-0.26961
-0.26474
-0.25926
-0.25405
-0.25002
-0.24781
-0.24742
-0.24816
-0.24866
-0.24725
-0.24232
-0.23280
-0.21837
-0.19942
-0.17675
-0.15113
-0.12305
-0.09258
-0.05959
-0.02402
0.01385
0.05335
0.09350
0.13335
0.17218
0.20970
0.24597
0.28121
0.31551
0.34861
0.37988
0.40832
0.43284
0.45240
0.46627
0.47403
0.47559
0.47106
0.46068
0.44480
0.42387
0.39849
0.36947
0.33765
0.30387
0.26868
0.23237
0.19488
0.15604
0.11569
0.07394
0.03124
-0.01161
-0.05347
-0.09308
-0.12921
-0.16086
-0.18738
-0.20868
-0.22512
-0.23755
-0.24706
-0.25483
-0.26190
-0.26894
-0.27620
-0.28347
-0.29015
-0.29547
-0.29870
-0.29937
-0.29743
-0.29321
-0.28728
-0.28021
-0.27237
-0.26387
-0.25472
-0.24503
-0.23541
-0.22705
-0.22169
-0.22114
-0.22658
-0.23790
-0.25329
-0.26936
-0.28186
-0.28667
-0.28092
-0.26365
-0.23594
-0.20041
-0.16030
-0.11859
-0.07726
-0.03713
0.00203
0.04103
0.08082
0.12209
0.16512
0.20974
0.25540
0.30129
0.34653
0.39024
0.43163
0.46999
0.50464
0.53486
0.55979
0.57848
0.59002
0.59375
0.58951
0.57774
0.55933
0.53537
0.50672
0.47383
0.43666
0.39496
0.34858
0.29784
0.24364
0.18739
0.13059
0.07457
0.02016
-0.03229
-0.08281
-0.13151
-0.17828
-0.22265
-0.26378
-0.30059
-0.33204
-0.35740
-0.37654
-0.38998
-0.39883
-0.40448
-0.40826
-0.41113
-0.41345
-0.41502
-0.41533
-0.41382
-0.41032
-0.40523
-0.39953
-0.39453
-0.39145
-0.39099
-0.39291
-0.39598
-0.39805
-0.39662
-0.38943
-0.37512
-0.35361
-0.32602
-0.29422
-0.26006
-0.22461
-0.18779
-0.14846
-0.10501
-0.05613
-0.00162
0.05740
0.11858
0.17904
0.23620
0.28851
0.33582
0.37918
0.42034
0.46089
0.50166
0.54225
0.58110
0.61580
0.64363
0.66218
0.66972
0.66557
0.65009
0.62460
0.59110
0.55188
0.50904
0.46416
0.41798
0.37046
0.32106
0.26910
0.21427
0.15679
0.09745
0.03747
-0.02183
-0.07919
-0.13352
-0.18385
-0.22929
-0.26906
-0.30256
-0.32955
-0.35022
-0.36519
-0.37535
-0.38167
-0.38506
-0.38628
-0.38600
-0.38485
-0.38352
-0.38267
-0.38279
-0.38402
-0.38594
-0.38765
-0.38803
-0.38619
-0.38198
-0.37615
-0.37022
-0.36586
-0.36406
-0.36433
-0.36440
-0.36049
-0.34831
-0.32432
-0.28695
-0.23715
-0.17815
-0.11450
-0.05069
0.00992
0.06572
0.11667
0.16358
0.20732
0.24816
0.28567
0.31900
0.34749
0.37119
0.39117
0.40939
0.42822
0.44972
0.47493
0.50346
0.53342
0.56175
0.58498
0.60001
0.60477
0.59856
0.58191
0.55609
0.52248
0.48205
0.43520
0.38187
0.32206
0.25622
0.18567
0.11256
0.03962
-0.03031
-0.09477
-0.15200
-0.20108
-0.24196
-0.27521
-0.30182
-0.32297
-0.33989
-0.35374
-0.36564
-0.37667
-0.38778
-0.39977
-0.41322
-0.42842
-0.44535
-0.46374
-0.48300
-0.50230
-0.52052
-0.53631
-0.54819
-0.55471
-0.55459
-0.54681
-0.53066
-0.50564
-0.47142
-0.42782
-0.37492
-0.31323
-0.24381
-0.16833
-0.08890
-0.00784
0.07254
0.15010
0.22301
0.28985
0.34977
0.40265
0.44906
0.49013
0.52707
0.56063
0.59055
0.61545
0.63306
0.64088
0.63702
0.62094
0.59369
0.55774
0.51630
0.47253
0.42888
0.38671
0.34635
0.30739
0.26908
0.23070
0.19175
0.15201
0.11155
0.07059
0.02949
-0.01139
-0.05174
-0.09143
-0.13057
-0.16945
-0.20841
-0.24758
-0.28670
-0.32500
-0.36136
-0.39456
-0.42371
-0.44854
-0.46950
-0.48766
-0.50429
-0.52028
-0.53561
-0.54901
-0.55794
-0.55905
-0.54887
-0.52469
-0.48519
-0.43080
-0.36360
-0.28682
-0.20423
-0.11959
-0.03626
0.04301
0.11613
0.18173
0.23914
0.28845
0.33037
0.36605
0.39675
0.42351
0.44693
0.46698
0.48306
0.49407
0.49868
0.49549
0.48337
0.46169
0.43053
0.39085
0.34450
0.29401
0.24228
0.19212
0.14578
0.10458
0.06871
0.03727
0.00855
-0.01943
-0.04842
-0.07933
-0.11200
-0.14514
-0.17667
-0.20432
-0.22623
-0.24150
-0.25046
-0.25462
-0.25627
-0.25802
-0.26212
-0.26993
-0.28166
-0.29628
-0.31181
-0.32576
-0.33573
-0.33990
-0.33736
-0.32810
-0.31281
-0.29234
-0.26729
-0.23773
-0.20320
-0.16311
-0.11734
-0.06678
-0.01352
0.03934
0.08846
0.13120
0.16639
0.19466
0.21821
0.23992
0.26238
0.28699
0.31359
0.34060
0.36562
0.38623
0.40066
0.40814
0.40881
0.40341
0.39270
0.37714
0.35674
0.33121
0.30037
0.26456
0.22495
0.18348
0.14258
0.10449
0.07067
0.04136
0.01552
-0.00884
-0.03399
-0.06182
-0.09323
-0.12798
-0.16475
-0.20153
-0.23622
-0.26702
-0.29288
-0.31348
-0.32916
-0.34065
-0.34880
-0.35442
-0.35826
-0.36103
-0.36345
-0.36625
-0.36990
-0.37440
-0.37896
-0.38203
-0.38144
-0.37495
-0.36081
-0.33821
-0.30743
-0.26960
-0.22624
-0.17883
-0.12851
-0.07604
-0.02209
0.03255
0.08678
0.13940
0.18930
0.23586
0.27907
0.31945
0.35770
0.39436
0.42950
0.46258
0.49261
0.51836
0.53862
0.55246
0.55929
0.55887
0.55121
0.53643
0.51463
0.48593
0.45052
0.40877
0.36139
0.30943
0.25421
0.19722
0.13987
0.08339
0.02876
-0.02317
-0.07164
-0.11588
-0.15523
-0.18924
-0.21792
-0.24180
-0.26193
-0.27957
-0.29594
-0.31179
-0.32727
-0.34189
-0.35483
-0.36529
-0.37297
-0.37836
-0.38281
-0.38824
-0.39664
-0.40941
-0.42673
-0.44718
-0.46783
-0.48469
-0.49354
-0.49092
-0.47496
-0.44577
-0.40539
-0.35720
-0.30499
-0.25212
-0.20084
-0.15205
-0.10559
-0.06074
-0.01687
0.02625
0.06832
0.10882
0.14747
0.18452
0.22083
0.25759
0.29582
0.33589
0.37733
0.41886
0.45881
0.49547
0.52747
0.55384
0.57393
0.58730
0.59365
0.59290
0.58533
0.57169
0.55308
0.53065
0.50517
0.47667
0.44431
0.40660
0.36198
0.30945
0.24920
0.18284
0.11328
0.04417
-0.02088
-0.07913
-0.12923
-0.17133
-0.20681
-0.23761
-0.26553
-0.29172
-0.31643
-0.33921
-0.35924
-0.37577
-0.38842
-0.39727
-0.40284
-0.40580
-0.40682
-0.40631
-0.40436
-0.40074
-0.39502
-0.38669
-0.37545
-0.36137
-0.34511
-0.32801
-0.31193
-0.29895
-0.29085
-0.28842
-0.29099
-0.29604
-0.29948
-0.29630
-0.28186
-0.25323
-0.21032
-0.15622
-0.09647
-0.03741
0.01612
0.06283
0.10606
0.15325
0.21369
0.29510
0.40011
0.52378
0.65336
0.77041
0.85490
0.88991
0.86553
0.78087
0.64387
0.46938
0.27644
0.08575
-0.08250
-0.21041
-0.28430
-0.29690
-0.24944
-0.15288
-0.02708
0.10230
0.20882
0.27101
0.27708
0.22752
0.13467
0.01969
-0.09244
-0.17862
-0.22274
-0.21900
-0.17277
-0.09857
-0.01583
0.05653
0.10491
0.12387
0.11607
0.08960
0.05384
0.01559
-0.02299
-0.06415
-0.11219
-0.17025
-0.23764
-0.30875
-0.37397
-0.42212
-0.44368
-0.43345
-0.39213
-0.32615
-0.24611
-0.16438
-0.09251
-0.03921
-0.00926
-0.00319
-0.01775
-0.04657
-0.08110
-0.11173
-0.12917
-0.12623
-0.09945
-0.05012
0.01568
0.08845
0.15749
0.21354
0.25087
0.26839
0.26948
0.26065
0.24956
0.24289
0.24465
0.25541
0.27240
0.29052
0.30374
0.30653
0.29496
0.26724
0.22383
0.16715
0.10122
0.03106
-0.03792
-0.10072
-0.15353
-0.19434
-0.22321
-0.24199
-0.25362
-0.26115
-0.26675
-0.27111
-0.27330
-0.27122
-0.26256
-0.24583
-0.22125
-0.19105
-0.15908
-0.12971
-0.10655
-0.09128
-0.08319
-0.07952
-0.07645
-0.07025
-0.05830
-0.03949
-0.01417
0.01633
0.05022
0.08560
0.12065
0.15367
0.18310
0.20765
0.22642
0.23905
0.24574
0.24714
0.24412
0.23762
0.22839
0.21701
0.20383
0.18908
0.17288
0.15535
0.13660
0.11677
0.09604
0.07473
0.05335
0.03265
0.01354
-0.00305
-0.01634
-0.02595
-0.03195
-0.03489
-0.03564
-0.03530
-0.03493
-0.03545
-0.03757
-0.04176
-0.04837
-0.05766
-0.06984
-0.08495
-0.10275
-0.12254
-0.14316
-0.16311
-0.18084
-0.19513
-0.20535
-0.21154
-0.21430
-0.21441
-0.21263
-0.20948
-0.20533
-0.20058
-0.19577
-0.19155
-0.18845
-0.18652
-0.18508
-0.18267
-0.17730
-0.16703
-0.15046
-0.12717
-0.09777
-0.06357
-0.02610
0.01341
0.05430
0.09642
0.13969
0.18370
0.22731
0.26860
0.30516
0.33451
0.35473
0.36475
0.36461
0.35538
0.33897
0.31774
0.29418
0.27047
0.24815
0.22784
0.20922
0.19117
0.17218
0.15083
0.12626
0.09840
0.06797
0.03629
0.00498
-0.02438
-0.05047
-0.07240
-0.08967
-0.10220
-0.11025
-0.11441
-0.11554
-0.11469
-0.11305
-0.11169
-0.11146
-0.11284
-0.11598
-0.12079
-0.12706
-0.13461
-0.14329
-0.15293
-0.16325
-0.17375
-0.18375
-0.19248
-0.19928
-0.20383
-0.20623
-0.20704
-0.20699
-0.20670
-0.20621
-0.20477
-0.20081
-0.19218
-0.17677
-0.15303
-0.12064
-0.08069
-0.03565
0.01118
0.05634
0.09705
0.13175
0.16022
0.18336
0.20261
0.21930
0.23417
0.24722
0.25784
0.26519
0.26859
0.26784
0.26327
0.25558
0.24554
0.23371
0.22017
0.20454
0.18616
0.16437
0.13891
0.11017
0.07929
0.04798
0.01815
-0.00855
-0.03122
-0.04986
-0.06528
-0.07877
-0.09155
-0.10443
-0.11752
-0.13035
-0.14212
-0.15206
-0.15972
-0.16509
-0.16855
-0.17057
-0.17149
-0.17137
-0.16993
-0.16678
-0.16167
-0.15464
-0.14621
-0.13723
-0.12874
-0.12168
-0.11669
-0.11399
-0.11331
-0.11395
-0.11485
-0.11468
-0.11200
-0.10545
-0.09398
-0.07705
-0.05475
-0.02781
0.00261
0.03514
0.06848
0.10156
0.13360
0.16402
0.19235
0.21812
0.24081
0.25993
0.27512
0.28624
0.29337
0.29678
0.29678
0.29357
0.28719
0.27747
0.26408
0.24668
0.22505
0.19923
0.16967
0.13728
0.10342
0.06975
0.03798
0.00961
-0.01448
-0.03413
-0.04998
-0.06317
-0.07501
-0.08657
-0.09844
-0.11074
-0.12324
-0.13565
-0.14782
-0.15976
-0.17155
-0.18316
-0.19432
-0.20455
-0.21342
-0.22078
-0.22702
-0.23310
-0.24027
-0.24973
-0.26209
-0.27706
-0.29322
-0.30818
-0.31898
-0.32269
-0.31704
-0.30106
-0.27528
-0.24177
-0.20370
-0.16470
-0.12803
-0.09590
-0.06906
-0.04682
-0.02748
-0.00903
0.01018
0.03104
0.05367
0.07776
0.10309
0.12987
0.15885
0.19101
0.22697
0.26646
0.30796
0.34885
0.38589
0.41599
0.43687
0.44754
0.44836
0.44075
0.42679
0.40870
0.38845
0.36752
0.34674
0.32634
0.30604
0.28522
0.26317
0.23923
0.21297
0.18419
0.15299
0.11970
0.08482
0.04908
0.01330
-0.02163
-0.05490
-0.08589
-0.11422
-0.13978
-0.16266
-0.18312
-0.20158
-0.21862
-0.23500
-0.25150
-0.26882
-0.28725
-0.30653
-0.32575
-0.34354
-0.35838
-0.36911
-0.37526
-0.37730
-0.37652
-0.37472
-0.37364
-0.37441
-0.37712
-0.38062
-0.38272
-0.38061
-0.37154
-0.35351
-0.32577
-0.28909
-0.24560
-0.19839
-0.15073
-0.10540
-0.06410
-0.02727
0.00591
0.03702
0.06794
0.10028
0.13498
0.17214
0.21101
0.25030
0.28850
0.32425
0.35657
0.38490
0.40900
0.42873
0.44389
0.45414
0.45906
0.45835
0.45201
0.44044
0.42437
0.40475
0.38248
0.35830
0.33272
0.30605
0.27849
0.25017
0.22116
0.19146
0.16094
0.12947
0.09696
0.06357
0.02977
-0.00365
-0.03573
-0.06547
-0.09204
-0.11491
-0.13388
-0.14911
-0.16112
-0.17078
-0.17926
-0.18790
-0.19793
-0.21019
-0.22488
-0.24146
-0.25880
-0.27539
-0.28982
-0.30103
-0.30857
-0.31257
-0.31363
-0.31249
-0.30987
-0.30630
-0.30207
-0.29733
-0.29208
-0.28628
-0.27978
-0.27226
-0.26323
-0.25202
-0.23788
-0.22009
-0.19818
-0.17198
-0.14165
-0.10770
-0.07094
-0.03253
0.00614
0.04346
0.07790
0.10828
0.13411
0.15580
0.17468
0.19265
0.21173
0.23344
0.25832
0.28572
0.31398
0.34086
0.36420
0.38232
0.39439
0.40030
0.40046
0.39542
0.38567
0.37152
0.35321
0.33105
0.30547
0.27708
0.24651
0.21443
0.18151
0.14848
0.11625
0.08582
0.05813
0.03382
0.01298
-0.00502
-0.02137
-0.03753
-0.05482
-0.07398
-0.09491
-0.11676
-0.13816
-0.15763
-0.17408
-0.18708
-0.19703
-0.20503
-0.21260
-0.22127
-0.23216
-0.24565
-0.26119
-0.27741
-0.29252
-0.30482
-0.31329
-0.31796
-0.31993
-0.32097
-0.32281
-0.32636
-0.33107
-0.33491
-0.33475
-0.32727
-0.30999
-0.28209
-0.24476
-0.20095
-0.15458
-0.10957
-0.06882
-0.03363
-0.00359
0.02307
0.04882
0.07610
0.10666
0.14128
0.17958
0.22024
0.26125
0.30032
0.33524
0.36428
0.38643
0.40158
0.41038
0.41400
0.41373
0.41056
0.40486
0.39633
0.38414
0.36729
0.34503
0.31712
0.28410
0.24711
0.20770
0.16746
0.12768
0.08924
0.05261
0.01804
-0.01426
-0.04403
-0.07096
-0.09481
-0.11550
-0.13306
-0.14752
-0.15869
-0.16610
-0.16912
-0.16722
-0.16041
-0.14951
-0.13623
-0.12292
-0.11202
-0.10548
-0.10426
-0.10813
-0.11580
-0.12536
-0.13485
-0.14271
-0.14806
-0.15072
-0.15100
-0.14947
-0.14672
-0.14324
-0.13940
-0.13549
-0.13175
-0.12832
-0.12522
-0.12223
-0.11900
-0.11510
-0.11022
-0.10431
-0.09758
-0.09048
-0.08350
-0.07708
-0.07149
-0.06684
-0.06318
-0.06053
-0.05888
-0.05822
-0.05845
-0.05939
-0.06078
-0.06235
-0.06377
-0.06465
-0.06439
-0.06208
-0.05646
-0.04604
-0.02936
-0.00541
0.02603
0.06416
0.10714
0.15245
0.19728
0.23904
0.27575
0.30615
0.32963
0.34608
0.35561
0.35844
0.35485
0.34526
0.33028
0.31077
0.28774
0.26221
0.23499
0.20667
0.17758
0.14799
0.11827
0.08904
0.06110
0.03528
0.01221
-0.00788
-0.02518
-0.04023
-0.05365
-0.06589
-0.07706
-0.08690
-0.09489
-0.10051
-0.10354
-0.10417
-0.10310
-0.10132
-0.09986
-0.09951
-0.10065
-0.10323
-0.10691
-0.11130
-0.11612
-0.12135
-0.12710
-0.13341
-0.14004
-0.14641
-0.15169
-0.15517
-0.15664
-0.15670
-0.15675
-0.15875
-0.16453
-0.17520
-0.19058
-0.20909
-0.22804
-0.24425
-0.25476
-0.25753
-0.25173
-0.23783
-0.21727
-0.19206
-0.16427
-0.13561
-0.10715
-0.07921
-0.05143
-0.02305
0.00677
0.03851
0.07204
0.10659
0.14089
0.17356
0.20343
0.22974
0.25226
0.27108
0.28649
0.29875
0.30802
0.31435
0.31769
0.31804
0.31544
0.31005
0.30217
0.29217
0.28054
0.26771
0.25404
0.23972
0.22476
0.20898
0.19215
0.17398
0.15421
0.13255
0.10866
0.08213
0.05257
0.01976
-0.01611
-0.05426
-0.09327
-0.13126
-0.16611
-0.19595
-0.21944
-0.23605
-0.24618
-0.25107
-0.25253
-0.25252
-0.25262
-0.25364
-0.25542
-0.25696
-0.25687
-0.25398
-0.24788
-0.23920
-0.22950
-0.22077
-0.21483
-0.21259
-0.21367
-0.21629
-0.21766
-0.21465
-0.20460
-0.18611
-0.15943
-0.12639
-0.08987
-0.05297
-0.01813
0.01353
0.04227
0.06945
0.09679
0.12565
0.15654
0.18892
0.22147
0.25243
0.28016
0.30347
0.32179
0.33511
0.34376
0.34814
0.34853
0.34509
0.33794
0.32728
0.31359
0.29760
0.28021
0.26226
0.24429
0.22632
0.20780
0.18770
0.16480
0.13813
0.10741
0.07330
0.03739
0.00194
-0.03071
-0.05876
-0.08143
-0.09916
-0.11346
-0.12642
-0.14020
-0.15650
-0.17623
-0.19940
-0.22517
-0.25195
-0.27772
-0.30033
-0.31798
-0.32964
-0.33542
-0.33667
-0.33571
-0.33520
-0.33729
-0.34283
-0.35087
-0.35875
-0.36276
-0.35928
-0.34591
-0.32225
-0.29003
-0.25252
-0.21349
-0.17603
-0.14176
-0.11062
-0.08134
-0.05225
-0.02207
0.00957
0.04215
0.07463
0.10600
0.13574
0.16394
0.19114
0.21795
0.24466
0.27105
0.29640
0.31970
0.34002
0.35678
0.36988
0.37966
0.38662
0.39112
0.39311
0.39197
0.38657
0.37560
0.35792
0.33305
0.30145
0.26462
0.22501
0.18561
0.14941
0.11894
0.09572
0.08013
0.07142
0.06796
0.06766
0.06841
0.06840
0.06631
0.06149
0.05393
0.04429
0.03385
0.02423
0.01691
0.01251
0.01011
0.00666
-0.00278
-0.02412
-0.06237
-0.11946
-0.19225
-0.27173
-0.34399
-0.39318
-0.40593
-0.37595
-0.30732
-0.21493
-0.12158
-0.05227
-0.02725
-0.05615
-0.13506
-0.24764
-0.36993
-0.47719
-0.55063
-0.58184
-0.57365
-0.53755
-0.48880
-0.44115
-0.40297
-0.37569
-0.35500
-0.33369
-0.30514
-0.26606
-0.21777
-0.16564
-0.11707
-0.07874
-0.05403
-0.04138
-0.03418
-0.02228
0.00526
0.05692
0.13602
0.23939
0.35775
0.47801
0.58634
0.67155
0.72734
0.75304
0.75277
0.73329
0.70165
0.66324
0.62093
0.57538
0.52612
0.47285
0.41638
0.35880
0.30299
0.25169
0.20653
0.16753
0.13322
0.10132
0.06964
0.03690
0.00316
-0.03047
-0.06237
-0.09137
-0.11732
-0.14139
-0.16577
-0.19299
-0.22504
-0.26262
-0.30475
-0.34887
-0.39134
-0.42830
-0.45644
-0.47378
-0.47984
-0.47557
-0.46288
-0.44395
-0.42074
-0.39458
-0.36622
-0.33595
-0.30397
-0.27056
-0.23620
-0.20142
-0.16660
-0.13173
-0.09633
-0.05958
-0.02054
0.02137
0.06608
0.11254
0.15882
0.20231
0.24034
0.27072
0.29231
0.30523
0.31082
0.31112
0.30827
0.30393
0.29897
0.29351
0.28717
0.27957
0.27060
0.26051
0.24981
0.23888
0.22762
0.21531
0.20069
0.18237
0.15936
0.13157
0.10008
0.06693
0.03469
0.00569
-0.01863
-0.03801
-0.05334
-0.06617
-0.07812
-0.09035
-0.10337
-0.11705
-0.13097
-0.14468
-0.15792
-0.17068
-0.18309
-0.19521
-0.20693
-0.21788
-0.22749
-0.23516
-0.24052
-0.24366
-0.24530
-0.24676
-0.24970
-0.25562
-0.26529
-0.27822
-0.29255
-0.30526
-0.31287
-0.31229
-0.30166
-0.28069
-0.25072
-0.21424
-0.17411
-0.13290
-0.09233
-0.05309
-0.01499
0.02270
0.06082
0.09992
0.14003
0.18065
0.22079
0.25924
0.29487
0.32677
0.35442
0.37755
0.39608
0.40992
0.41900
0.42330
0.42301
0.41867
0.41111
0.40136
0.39035
0.37858
0.36605
0.35219
0.33616
0.31715
0.29466
0.26868
0.23959
0.20798
0.17442
0.13926
0.10259
0.06439
0.02475
-0.01594
-0.05688
-0.09693
-0.13491
-0.16982
-0.20112
-0.22873
-0.25295
-0.27422
-0.29285
-0.30886
-0.32196
-0.33168
-0.33762
-0.33969
-0.33825
-0.33406
-0.32809
-0.32120
-0.31394
-0.30643
-0.29846
-0.28973
-0.28014
-0.27002
-0.26022
-0.25197
-0.24657
-0.24500
-0.24744
-0.25306
-0.26004
-0.26577
-0.26741
-0.26237
-0.24880
-0.22585
-0.19368
-0.15332
-0.10637
-0.05466
0.00002
0.05607
0.11216
0.16709
0.21965
0.26851
0.31221
0.34931
0.37860
0.39938
0.41159
0.41588
0.41350
0.40608
0.39529
0.38253
0.36872
0.35422
0.33900
0.32283
0.30562
0.28759
0.26932
0.25170
0.23570
0.22208
0.21117
0.20270
0.19574
0.18892
0.18073
0.16987
0.15556
0.13769
0.11677
0.09360
0.06897
0.04337
0.01685
-0.01084
-0.04002
-0.07082
-0.10298
-0.13578
-0.16816
-0.19890
-0.22683
-0.25107
-0.27113
-0.28693
-0.29880
-0.30733
-0.31332
-0.31761
-0.32100
-0.32414
-0.32741
-0.33085
-0.33420
-0.33689
-0.33821
-0.33743
-0.33390
-0.32720
-0.31709
-0.30354
-0.28657
-0.26621
-0.24253
-0.21564
-0.18590
-0.15403
-0.12126
-0.08924
-0.05986
-0.03480
-0.01497
-0.00009
0.01157
0.02295
0.03760
0.05877
0.08849
0.12689
0.17212
0.22068
0.26833
0.31099
0.34561
0.37060
0.38584
0.39232
0.39162
0.38545
0.37538
0.36267
0.34838
0.33334
0.31820
0.30329
0.28857
0.27366
0.25792
0.24073
0.22169
0.20074
0.17816
0.15436
0.12969
0.10430
0.07815
0.05117
0.02347
-0.00449
-0.03185
-0.05756
-0.08073
-0.10092
-0.11833
-0.13376
-0.14825
-0.16267
-0.17738
-0.19213
-0.20617
-0.21855
-0.22846
-0.23543
-0.23941
-0.24065
-0.23962
-0.23692
-0.23332
-0.22987
-0.22779
-0.22831
-0.23221
-0.23937
-0.24848
-0.25712
-0.26215
-0.26044
-0.24966
-0.22874
-0.19801
-0.15894
-0.11357
-0.06404
-0.01225
0.04016
0.09163
0.14045
0.18469
0.22237
0.25181
0.27211
0.28338
0.28676
0.28408
0.27735
0.26810
0.25708
0.24412
0.22840
0.20897
0.18525
0.15743
0.12658
0.09447
0.06315
0.03450
0.00981
-0.01039
-0.02638
-0.03906
-0.04970
-0.05960
-0.06976
-0.08060
-0.09191
-0.10290
-0.11250
-0.11983
-0.12455
-0.12711
-0.12866
-0.13073
-0.13473
-0.14143
-0.15072
-0.16147
-0.17184
-0.17966
-0.18294
-0.18034
-0.17140
-0.15660
-0.13716
-0.11467
-0.09071
-0.06650
-0.04269
-0.01933
0.00395
0.02772
0.05238
0.07794
0.10399
0.12983
0.15476
0.17835
0.20059
0.22176
0.24209
0.26143
0.27899
0.29339
0.30304
0.30660
0.30352
0.29425
0.28013
0.26295
0.24444
0.22579
0.20744
0.18914
0.17030
0.15036
0.12911
0.10665
0.08330
0.05923
0.03421
0.00761
-0.02136
-0.05316
-0.08749
-0.12301
-0.15758
-0.18875
-0.21453
-0.23400
-0.24755
-0.25672
-0.26357
-0.27007
-0.27747
-0.28609
-0.29542
-0.30452
-0.31251
-0.31891
-0.32374
-0.32737
-0.33014
-0.33198
-0.33211
-0.32909
-0.32108
-0.30640
-0.28406
-0.25427
-0.21855
-0.17942
-0.13989
-0.10262
-0.06930
-0.04038
-0.01503
0.00837
0.03170
0.05655
0.08382
0.11359
0.14511
0.17714
0.20828
0.23732
0.26357
0.28689
0.30757
0.32607
0.34272
0.35756
0.37032
0.38062
0.38811
0.39262
0.39415
0.39273
0.38830
0.38061
0.36923
0.35377
0.33399
0.31004
0.28249
0.25225
0.22047
0.18818
0.15608
0.12440
0.09286
0.06091
0.02804
-0.00586
-0.04022
-0.07382
-0.10503
-0.13229
-0.15465
-0.17211
-0.18567
-0.19703
-0.20802
-0.22005
-0.23374
-0.24881
-0.26434
-0.27917
-0.29233
-0.30332
-0.31216
-0.31924
-0.32500
-0.32972
-0.33336
-0.33560
-0.33610
-0.33469
-0.33155
-0.32713
-0.32194
-0.31623
-0.30967
-0.30131
-0.28975
-0.27350
-0.25142
-0.22310
-0.18901
-0.15042
-0.10917
-0.06725
-0.02640
0.01222
0.04823
0.08201
0.11441
0.14639
0.17854
0.21088
0.24274
0.27298
0.30041
0.32425
0.34435
0.36129
0.37610
0.38977
0.40277
0.41473
0.42443
0.43009
0.42994
0.42278
0.40838
0.38765
0.36238
0.33475
0.30663
0.27904
0.25181
0.22373
0.19297
0.15786
0.11757
0.07269
0.02528
-0.02151
-0.06423
-0.10002
-0.12735
-0.14637
-0.15874
-0.16697
-0.17366
-0.18077
-0.18919
-0.19872
-0.20845
-0.21725
-0.22439
-0.22978
-0.23404
-0.23819
-0.24320
-0.24958
-0.25713
-0.26500
-0.27201
-0.27708
-0.27962
-0.27967
-0.27785
-0.27499
-0.27175
-0.26831
-0.26421
-0.25848
-0.24998
-0.23779
-0.22152
-0.20147
-0.17851
-0.15375
-0.12815
-0.10226
-0.07612
-0.04939
-0.02162
0.00748
0.03787
0.06917
0.10073
0.13180
0.16171
0.18992
0.21615
0.24037
0.26277
0.28365
0.30337
0.32221
0.34028
0.35738
0.37296
0.38612
0.39571
0.40053
0.39964
0.39252
0.37929
0.36065
0.33768
0.31159
0.28342
0.25381
0.22297
0.19066
0.15637
0.11954
0.07972
0.03688
-0.00842
-0.05499
-0.10097
-0.14418
-0.18241
-0.21389
-0.23770
-0.25398
-0.26385
-0.26912
-0.27186
-0.27391
-0.27651
-0.28014
-0.28455
-0.28906
-0.29285
-0.29536
-0.29658
-0.29705
-0.29770
-0.29942
-0.30266
-0.30697
-0.31099
-0.31257
-0.30930
-0.29908
-0.28071
-0.25414
-0.22044
-0.18143
-0.13917
-0.09544
-0.05151
-0.00801
0.03482
0.07698
0.11838
0.15871
0.19739
0.23371
0.26694
0.29659
0.32244
0.34454
0.36304
0.37801
0.38933
0.39664
0.39944
0.39732
0.39017
0.37828
0.36239
0.34353
0.32283
0.30118
0.27914
0.25682
0.23400
0.21024
0.18510
0.15826
0.12951
0.09871
0.06578
0.03058
-0.00694
-0.04667
-0.08817
-0.13054
-0.17241
-0.21211
-0.24787
-0.27827
-0.30250
-0.32062
-0.33352
-0.34268
-0.34978
-0.35625
-0.36295
-0.37005
-0.37707
-0.38307
-0.38685
-0.38710
-0.38256
-0.37211
-0.35499
-0.33100
-0.30068
-0.26534
-0.22688
-0.18735
-0.14848
-0.11124
-0.07573
-0.04127
-0.00688
0.02825
0.06439
0.10105
0.13725
0.17185
0.20395
0.23323
0.25998
0.28485
0.30850
0.33120
0.35267
0.37209
0.38835
0.40044
0.40771
0.41003
0.40771
0.40135
0.39162
0.37913
0.36428
0.34725
0.32793
0.30593
0.28055
0.25099
0.21658
0.17709
0.13299
0.08548
0.03638
-0.01225
-0.05858
-0.10130
-0.13982
-0.17414
-0.20461
-0.23149
-0.25483
-0.27434
-0.28960
-0.30030
-0.30656
-0.30899
-0.30870
-0.30701
-0.30520
-0.30420
-0.30448
-0.30602
-0.30842
-0.31110
-0.31339
-0.31462
-0.31418
-0.31140
-0.30557
-0.29588
-0.28145
-0.26146
-0.23529
-0.20276
-0.16435
-0.12116
-0.07490
-0.02756
0.01892
0.06295
0.10359
0.14057
0.17425
0.20536
0.23461
0.26235
0.28825
0.31119
0.32959
0.34175
0.34655
0.34385
0.33470
0.32113
0.30568
0.29070
0.27781
0.26758
0.25956
0.25266
0.24554
0.23707
0.22658
0.21389
0.19918
0.18272
0.16459
0.14451
0.12181
0.09557
0.06489
0.02931
-0.01095
-0.05472
-0.10008
-0.14458
-0.18580
-0.22188
-0.25193
-0.27618
-0.29580
-0.31256
-0.32820
-0.34388
-0.35970
-0.37451
-0.38600
-0.39117
-0.38699
-0.37126
-0.34320
-0.30381
-0.25570
-0.20257
-0.14838
-0.09661
-0.04965
-0.00862
0.02652
0.05662
0.08297
0.10687
0.12946
0.15152
0.17342
0.19512
0.21615
0.23576
0.25306
0.26724
0.27770
0.28420
0.28680
0.28575
0.28126
0.27331
0.26152
0.24517
0.22343
0.19556
0.16130
0.12113
0.07634
0.02906
-0.01808
-0.06233
-0.10134
-0.13361
-0.15872
-0.17733
-0.19092
-0.20136
-0.21045
-0.21956
-0.22938
-0.23980
-0.25002
-0.25869
-0.26421
-0.26500
-0.25981
-0.24784
-0.22884
-0.20299
-0.17082
-0.13309
-0.09077
-0.04519
0.00194
0.04855
0.09246
0.13180
0.16547
0.19339
0.21647
0.23622
0.25416
0.27125
0.28763
0.30254
0.31472
0.32282
0.32584
0.32338
0.31558
0.30297
0.28612
0.26542
0.24100
0.21279
0.18072
0.14495
0.10593
0.06443
0.02138
-0.02225
-0.06552
-0.10753
-0.14736
-0.18408
-0.21681
-0.24496
-0.26844
-0.28787
-0.30453
-0.32006
-0.33593
-0.35288
-0.37050
-0.38706
-0.39990
-0.40607
-0.40315
-0.38997
-0.36687
-0.33554
-0.29850
-0.25833
-0.21723
-0.17670
-0.13767
-0.10070
-0.06616
-0.03428
-0.00493
0.02252
0.04929
0.07706
0.10753
0.14185
0.18017
0.22136
0.26305
0.30208
0.33512
0.35932
0.37284
0.37518
0.36716
0.35070
0.32830
0.30255
0.27556
0.24862
0.22208
0.19547
0.16793
0.13872
0.10769
0.07557
0.04398
0.01513
-0.00868
-0.02558
-0.03450
-0.03542
-0.02930
-0.01789
-0.00340
0.01189
0.02603
0.03766
0.04617
0.05176
0.05528
0.05797
0.06098
0.06493
0.06948
0.07309
0.07317
0.06662
0.05066
0.02376
-0.01366
-0.05909
-0.10842
-0.15695
-0.20054
-0.23658
-0.26423
-0.28411
-0.29746
-0.30531
-0.30786
-0.30453
-0.29437
-0.27675
-0.25189
-0.22102
-0.18605
-0.14910
-0.11188
-0.07548
-0.04033
-0.00657
0.02562
0.05570
0.08270
0.10538
0.12249
0.13313
0.13694
0.13424
0.12597
0.11353
0.09850
0.08233
0.06606
0.05011
0.03427
0.01789
0.00019
-0.01935
-0.04069
-0.06308
-0.08511
-0.10495
-0.12074
-0.13093
-0.13454
-0.13131
-0.12171
-0.10679
-0.08802
-0.06703
-0.04538
-0.02433
-0.00458
0.01386
0.03155
0.04941
0.06821
0.08811
0.10821
0.12663
0.14086
0.14849
0.14811
0.13984
0.12559
0.10870
0.09318
0.08279
0.08017
0.08623
0.10010
0.11947
0.14134
0.16284
0.18192
0.19775
0.21051
0.22090
0.22937
0.23547
0.23757
0.23312
0.21938
0.19438
0.15783
0.11154
0.05923
0.00574
-0.04408
-0.08650
-0.11963
-0.14355
-0.15990
-0.17109
-0.17942
-0.18656
-0.19328
-0.19969
-0.20557
-0.21071
-0.21509
-0.21886
-0.22213
-0.22488
-0.22678
-0.22738
-0.22629
-0.22342
-0.21919
-0.21441
-0.21007
-0.20688
-0.20481
-0.20285
-0.19897
-0.19045
-0.17447
-0.14884
-0.11262
-0.06659
-0.01330
0.04327
0.09842
0.14764
0.18754
0.21643
0.23448
0.24339
0.24575
0.24425
0.24103
0.23732
0.23345
0.22901
0.22318
0.21513
0.20415
0.18986
0.17225
0.15172
0.12904
0.10533
0.08188
0.05998
0.04068
0.02464
0.01200
0.00240
-0.00486
-0.01056
-0.01535
-0.01948
-0.02279
-0.02477
-0.02490
-0.02302
-0.01962
-0.01594
-0.01376
-0.01493
-0.02082
-0.03187
-0.04741
-0.06578
-0.08481
-0.10239
-0.11699
-0.12800
-0.13574
-0.14112
-0.14521
-0.14873
-0.15173
-0.15363
-0.15348
-0.15048
-0.14452
-0.13644
-0.12797
-0.12140
-0.11883
-0.12155
-0.12954
-0.14128
-0.15400
-0.16420
-0.16833
-0.16350
-0.14806
-0.12186
-0.08627
-0.04386
0.00216
0.04857
0.09269
0.13282
0.16828
0.19924
0.22638
0.25045
0.27194
0.29090
0.30686
0.31901
0.32631
0.32779
0.32276
0.31107
0.29316
0.27011
0.24348
0.21507
0.18664
0.15961
0.13494
0.11305
0.09385
0.07687
0.06137
0.04652
0.03145
0.01550
-0.00170
-0.02003
-0.03892
-0.05739
-0.07429
-0.08863
-0.09982
-0.10780
-0.11313
-0.11677
-0.11989
-0.12370
-0.12923
-0.13721
-0.14807
-0.16181
-0.17811
-0.19635
-0.21574
-0.23553
-0.25512
-0.27414
-0.29235
-0.30944
-0.32471
-0.33698
-0.34452
-0.34542
-0.33800
-0.32142
-0.29603
-0.26347
-0.22635
-0.18762
-0.14980
-0.11439
-0.08154
-0.05015
-0.01829
0.01618
0.05502
0.09913
0.14823
0.20087
0.25467
0.30663
0.35368
0.39308
0.42275
0.44153
0.44928
0.44687
0.43597
0.41884
0.39793
0.37545
0.35302
0.33141
0.31052
0.28957
0.26744
0.24314
0.21607
0.18625
0.15417
0.12059
0.08621
0.05151
0.01657
-0.01872
-0.05455
-0.09087
-0.12735
-0.16333
-0.19808
-0.23097
-0.26184
-0.29102
-0.31932
-0.34771
-0.37687
-0.40674
-0.43623
-0.46317
-0.48463
-0.49745
-0.49897
-0.48771
-0.46365
-0.42829
-0.38416
-0.33410
-0.28048
-0.22470
-0.16700
-0.10681
-0.04325
0.02415
0.09491
0.16736
0.23870
0.30534
0.36355
0.41003
0.44259
0.46053
0.46475
0.45761
0.44244
0.42289
0.40223
0.38276
0.36551
0.35021
0.33563
0.32017
0.30240
0.28148
0.25738
0.23067
0.20226
0.17292
0.14303
0.11249
0.08089
0.04783
0.01319
-0.02273
-0.05919
-0.09530
-0.13025
-0.16357
-0.19525
-0.22561
-0.25516
-0.28423
-0.31276
-0.34023
-0.36572
-0.38829
-0.40720
-0.42225
-0.43374
-0.44232
-0.44862
-0.45283
-0.45442
-0.45203
-0.44366
-0.42705
-0.40027
-0.36226
-0.31317
-0.25452
-0.18889
-0.11948
-0.04949
0.01851
0.08288
0.14300
0.19899
0.25122
0.29981
0.34431
0.38367
0.41653
0.44162
0.45817
0.46610
0.46598
0.45881
0.44575
0.42788
0.40619
0.38164
0.35529
0.32837
0.30209
0.27753
0.25531
0.23543
0.21731
0.19982
0.18156
0.16107
0.13706
0.10873
0.07590
0.03931
0.00052
-0.03821
-0.07446
-0.10620
-0.13238
-0.15321
-0.17010
-0.18516
-0.20044
-0.21722
-0.23557
-0.25443
-0.27206
-0.28684
-0.29798
-0.30591
-0.31224
-0.31921
-0.32897
-0.34275
-0.36053
-0.38089
-0.40139
-0.41910
-0.43116
-0.43516
-0.42936
-0.41266
-0.38455
-0.34503
-0.29462
-0.23439
-0.16598
-0.09155
-0.01362
0.06508
0.14189
0.21435
0.28039
0.33840
0.38727
0.42640
0.45571
0.47551
0.48648
0.48955
0.48577
0.47627
0.46217
0.44453
0.42426
0.40207
0.37843
0.35348
0.32711
0.29897
0.26862
0.23571
0.20017
0.16234
0.12309
0.08374
0.04590
0.01112
-0.01952
-0.04578
-0.06838
-0.08883
-0.10908
-0.13084
-0.15512
-0.18182
-0.20972
-0.23676
-0.26058
-0.27922
-0.29166
-0.29806
-0.29976
-0.29886
-0.29764
-0.29800
-0.30100
-0.30665
-0.31402
-0.32156
-0.32744
-0.32989
-0.32747
-0.31919
-0.30459
-0.28372
-0.25718
-0.22590
-0.19097
-0.15334
-0.11359
-0.07190
-0.02818
0.01757
0.06497
0.11298
0.15995
0.20385
0.24271
0.27510
0.30043
0.31905
0.33200
0.34068
0.34636
0.34984
0.35123
0.35004
0.34530
0.33589
0.32082
0.29951
0.27198
0.23901
0.20210
0.16332
0.12500
0.08923
0.05747
0.03019
0.00698
-0.01320
-0.03149
-0.04865
-0.06482
-0.07954
-0.09205
-0.10175
-0.10842
-0.11241
-0.11444
-0.11540
-0.11606
-0.11696
-0.11839
-0.12054
-0.12358
-0.12772
-0.13305
-0.13941
-0.14611
-0.15194
-0.15521
-0.15411
-0.14715
-0.13354
-0.11347
-0.08809
-0.05932
-0.02943
-0.00058
0.02545
0.04750
0.06500
0.07781
0.08596
0.08949
0.08832
0.08235
0.07165
0.05657
0.03797
0.01716
-0.00423
-0.02451
-0.04213
-0.05591
-0.06512
-0.06945
-0.06900
-0.06422
-0.05588
-0.04507
-0.03323
-0.02210
-0.01358
-0.00946
-0.01101
-0.01862
-0.03148
-0.04770
-0.06467
-0.07972
-0.09088
-0.09737
-0.09975
-0.09946
-0.09815
-0.09681
-0.09527
-0.09212
-0.08518
-0.07230
-0.05218
-0.02484
0.00822
0.04448
0.08101
0.11524
0.14552
0.17131
0.19308
0.21179
0.22839
0.24326
0.25607
0.26580
0.27110
0.27076
0.26403
0.25090
0.23204
0.20860
0.18184
0.15288
0.12243
0.09086
0.05835
0.02517
-0.00801
-0.04002
-0.06927
-0.09409
-0.11314
-0.12579
-0.13229
-0.13366
-0.13141
-0.12708
-0.12190
-0.11649
-0.11084
-0.10445
-0.09666
-0.08699
-0.07556
-0.06331
-0.05195
-0.04364
-0.04051
-0.04397
-0.05424
-0.07014
-0.08920
-0.10826
-0.12417
-0.13452
-0.13823
-0.13566
-0.12840
-0.11869
-0.10875
-0.10016
-0.09350
-0.08838
-0.08379
-0.07863
-0.07225
-0.06474
-0.05699
-0.05031
-0.04587
-0.04414
-0.04451
-0.04531
-0.04419
-0.03883
-0.02766
-0.01033
0.01223
0.03808
0.06490
0.09057
0.11365
0.13352
0.15034
0.16477
0.17766
0.18974
0.20144
0.21272
0.22303
0.23131
0.23608
0.23571
0.22868
0.21396
0.19127
0.16126
0.12554
0.08646
0.04685
0.00955
-0.02306
-0.04939
-0.06887
-0.08192
-0.08967
-0.09357
-0.09505
-0.09520
-0.09474
-0.09403
-0.09326
-0.09255
-0.09206
-0.09195
-0.09238
-0.09349
-0.09534
-0.09801
-0.10158
-0.10612
-0.11157
-0.11761
-0.12364
-0.12874
-0.13181
-0.13179
-0.12784
-0.11951
-0.10676
-0.08995
-0.06973
-0.04690
-0.02241
0.00272
0.02751
0.05114
0.07313
0.09346
0.11249
0.13077
0.14868
0.16614
0.18256
0.19688
0.20792
0.21473
0.21685
0.21436
0.20776
0.19769
0.18462
0.16874
0.14992
0.12795
0.10274
0.07459
0.04429
0.01314
-0.01726
-0.04532
-0.06982
-0.09024
-0.10685
-0.12068
-0.13318
-0.14568
-0.15896
-0.17294
-0.18665
-0.19865
-0.20764
-0.21304
-0.21538
-0.21627
-0.21784
-0.22195
-0.22940
-0.23942
-0.24966
-0.25677
-0.25730
-0.24872
-0.23013
-0.20243
-0.16794
-0.12955
-0.08978
-0.05030
-0.01172
0.02595
0.06283
0.09869
0.13289
0.16463
0.19333
0.21897
0.24212
0.26362
0.28411
0.30359
0.32120
0.33542
0.34459
0.34748
0.34382
0.33439
0.32074
0.30466
0.28761
0.27036
0.25286
0.23456
0.21470
0.19281
0.16874
0.14272
0.11509
0.08605
0.05554
0.02332
-0.01083
-0.04686
-0.08420
-0.12172
-0.15788
-0.19103
-0.21976
-0.24319
-0.26115
-0.27411
-0.28307
-0.28926
-0.29392
-0.29801
-0.30214
-0.30653
-0.31113
-0.31572
-0.32004
-0.32376
-0.32630
-0.32671
-0.32355
-0.31501
-0.29931
-0.27524
-0.24264
-0.20265
-0.15757
-0.11038
-0.06410
-0.02105
0.01748
0.05141
0.08167
0.10979
0.13749
0.16626
0.19706
0.23004
0.26450
0.29892
0.33126
0.35937
0.38149
0.39663
0.40479
0.40680
0.40396
0.39741
0.38775
0.37477
0.35763
0.33525
0.30686
0.27242
0.23276
0.18938
0.14408
0.09854
0.05395
0.01094
-0.03031
-0.06977
-0.10740
-0.14293
-0.17587
-0.20560
-0.23148
-0.25290
-0.26941
-0.28072
-0.28684
-0.28822
-0.28581
-0.28111
-0.27596
-0.27231
-0.27181
-0.27542
-0.28318
-0.29410
-0.30636
-0.31750
-0.32485
-0.32591
-0.31879
-0.30252
-0.27728
-0.24435
-0.20583
-0.16418
-0.12156
-0.07942
-0.03820
0.00260
0.04404
0.08720
0.13266
0.18017
0.22847
0.27554
0.31898
0.35649
0.38637
0.40783
0.42102
0.42689
0.42690
0.42255
0.41506
0.40514
0.39293
0.37812
0.36018
0.33872
0.31371
0.28566
0.25551
0.22447
0.19357
0.16336
0.13371
0.10383
0.07265
0.03919
0.00308
-0.03517
-0.07416
-0.11193
-0.14642
-0.17609
-0.20027
-0.21937
-0.23469
-0.24802
-0.26110
-0.27512
-0.29037
-0.30616
-0.32107
-0.33342
-0.34186
-0.34597
-0.34654
-0.34548
-0.34536
-0.34864
-0.35676
-0.36951
-0.38471
-0.39850
-0.40616
-0.40315
-0.38630
-0.35456
-0.30934
-0.25411
-0.19362
-0.13277
-0.07557
-0.02443
0.02009
0.05898
0.09430
0.12848
0.16372
0.20159
0.24285
0.28734
0.33398
0.38093
0.42579
0.46585
0.49849
0.52156
0.53363
0.53424
0.52388
0.50390
0.47621
0.44302
0.40647
0.36840
0.33013
0.29241
0.25548
0.21928
0.18359
0.14826
0.11323
0.07857
0.04432
0.01053
-0.02284
-0.05577
-0.08808
-0.11933
-0.14878
-0.17553
-0.19866
-0.21756
-0.23208
-0.24264
-0.25010
-0.25558
-0.26006
-0.26412
-0.26775
-0.27036
-0.27105
-0.26900
-0.26393
-0.25635
-0.24750
-0.23894
-0.23189
-0.22655
-0.22172
-0.21489
-0.20299
-0.18342
-0.15517
-0.11948
-0.07982
-0.04107
-0.00814
0.01534
0.02791
0.03040
0.02536
0.01604
0.00548
-0.00404
-0.01108
-0.01474
-0.01434
-0.00928
0.00092
0.01640
0.03675
0.06096
0.08758
0.11502
0.14186
0.16707
0.19003
0.21044
0.22809
0.24266
0.25355
0.25997
0.26103
0.25602
0.24465
0.22717
0.20451
0.17811
0.14978
0.12138
0.09446
0.07002
0.04831
0.02888
0.01083
-0.00683
-0.02474
-0.04289
-0.06050
-0.07623
-0.08860
-0.09655
-0.09989
-0.09942
-0.09673
-0.09369
-0.09191
-0.09239
-0.09539
-0.10060
-0.10747
-0.11539
-0.12382
-0.13230
-0.14035
-0.14763
-0.15406
-0.16007
-0.16658
-0.17480
-0.18565
-0.19911
-0.21375
-0.22662
-0.23377
-0.23117
-0.21579
-0.18650
-0.14444
-0.09272
-0.03556
0.02276
0.07882
0.13060
0.17746
0.21968
0.25778
0.29196
0.32171
0.34596
0.36341
0.37302
0.37440
0.36789
0.35440
0.33503
0.31071
0.28201
0.24932
0.21308
0.17422
0.13437
0.09576
0.06085
0.03172
0.00945
-0.00619
-0.01676
-0.02470
-0.03266
-0.04278
-0.05618
-0.07286
-0.09188
-0.11188
-0.13155
-0.15004
-0.16708
-0.18286
-0.19780
-0.21220
-0.22611
-0.23918
-0.25088
-0.26066
-0.26822
-0.27367
-0.27752
-0.28047
-0.28312
-0.28560
-0.28744
-0.28759
-0.28472
-0.27760
-0.26542
-0.24801
-0.22573
-0.19928
-0.16950
-0.13720
-0.10318
-0.06832
-0.03362
-0.00009
0.03149
0.06089
0.08860
0.11584
0.14414
0.17485
0.20850
0.24448
0.28102
0.31558
0.34548
0.36864
0.38404
0.39187
0.39330
0.38993
0.38317
0.37385
0.36206
0.34724
0.32862
0.30562
0.27818
0.24686
0.21267
0.17679
0.14022
0.10350
0.06677
0.02991
-0.00707
-0.04374
-0.07903
-0.11142
-0.13921
-0.16104
-0.17632
-0.18531
-0.18898
-0.18858
-0.18519
-0.17946
-0.17160
-0.16165
-0.14983
-0.13670
-0.12314
-0.11013
-0.09841
-0.08832
-0.07980
-0.07266
-0.06694
-0.06309
-0.06192
-0.06434
-0.07098
-0.08196
-0.09690
-0.11512
-0.13599
-0.15906
-0.18402
-0.21036
-0.23697
-0.26195
-0.28265
-0.29615
-0.29993
-0.29257
-0.27413
-0.24612
-0.21105
-0.17173
-0.13056
-0.08912
-0.04803
-0.00717
0.03399
0.07600
0.11928
0.16394
0.20987
0.25671
0.30390
0.35063
0.39573
0.43747
0.47349
0.50074
0.51574
0.51502
0.49582
0.45681
0.39861
0.32412
0.23837
0.14793
0.05999
-0.01883
-0.08349
-0.13129
-0.16200
-0.17748
-0.18093
-0.17595
-0.16589
-0.15348
-0.14074
-0.12925
-0.12027
-0.11493
-0.11405
-0.11794
-0.12610
-0.13703
-0.14831
-0.15703
-0.16044
-0.15677
-0.14574
-0.12880
-0.10877
-0.08900
-0.07237
-0.06041
-0.05296
-0.04832
-0.04401
-0.03766
-0.02779
-0.01418
0.00224
0.01982
0.03687
0.05220
0.06536
0.07660
0.08657
0.09583
0.10451
0.11200
0.11706
0.11805
0.11336
0.10191
0.08352
0.05908
0.03046
0.00017
-0.02919
-0.05543
-0.07715
-0.09387
-0.10599
-0.11452
-0.12070
-0.12568
-0.13015
-0.13408
-0.13669
-0.13657
-0.13215
-0.12220
-0.10645
-0.08592
-0.06291
-0.04055
-0.02192
-0.00918
-0.00279
-0.00120
-0.00125
0.00100
0.00910
0.02512
0.04908
0.07891
0.11116
0.14208
0.16874
0.18975
0.20553
0.21780
0.22881
0.24033
0.25292
0.26556
0.27601
0.28146
0.27959
0.26936
0.25154
0.22841
0.20305
0.17823
0.15547
0.13467
0.11421
0.09170
0.06473
0.03165
-0.00819
-0.05437
-0.10561
-0.15990
-0.21466
-0.26684
-0.31310
-0.35018
-0.37542
-0.38723
-0.38546
-0.37126
-0.34676
-0.31440
-0.27646
-0.23492
-0.19166
-0.14898
-0.10985
-0.07796
-0.05712
-0.05040
-0.05916
-0.08253
-0.11752
-0.15965
-0.20394
-0.24583
-0.28173
-0.30910
-0.32619
-0.33173
-0.32473
-0.30458
-0.27138
-0.22645
-0.17247
-0.11337
-0.05362
0.00285
0.05379
0.09934
0.14216
0.18657
0.23714
0.29699
0.36658
0.44325
0.52187
0.59608
0.65985
0.70855
0.73945
0.75155
0.74508
0.72110
0.68132
0.62820
0.56513
0.49633
0.42642
0.35969
0.29923
0.24641
0.20068
0.15999
0.12160
0.08300
0.04268
0.00051
-0.04235
-0.08393
-0.12213
-0.15542
-0.18336
-0.20676
-0.22744
-0.24783
-0.27030
-0.29669
-0.32794
-0.36416
-0.40482
-0.44920
-0.49664
-0.54661
-0.59851
-0.65145
-0.70398
-0.75419
-0.80018
-0.84076
-0.87612
-0.90801
-0.93912
-0.97153
-1.00460
-1.03294
-1.04558
-1.02676
-0.95890
-0.82696
-0.62311
-0.35025
-0.02310
0.33368
0.68983
1.01506
1.28425
1.48098
1.59876
1.64017
1.61457
1.53530
1.41715
1.27436
1.11948
0.96265
0.81134
0.67036
0.54206
0.42672
0.32313
0.22932
0.14324
0.06333
-0.01119
-0.08027
-0.14330
-0.19945
-0.24802
-0.28874
-0.32185
-0.34808
-0.36849
-0.38417
-0.39602
-0.40445
-0.40936
-0.41012
-0.40575
-0.39516
-0.37745
-0.35216
-0.31958
-0.28087
-0.23799
-0.19349
-0.15009
-0.11017
-0.07543
-0.04668
-0.02387
-0.00632
0.00695
0.01686
0.02409
0.02899
0.03161
0.03184
0.02964
0.02514
0.01867
0.01066
0.00150
-0.00857
-0.01948
-0.03128
-0.04391
-0.05705
-0.06993
-0.08138
-0.08998
-0.09446
-0.09404
-0.08874
-0.07940
-0.06749
-0.05468
-0.04232
-0.03113
-0.02107
-0.01158
-0.00194
0.00832
0.01910
0.02969
0.03905
0.04611
0.05023
0.05142
0.05042
0.04843
0.04682
0.04668
0.04857
0.05243
0.05777
0.06393
0.07039
0.07691
0.08352
0.09032
0.09721
0.10372
0.10896
0.11175
0.11098
0.10595
0.09675
0.08436
0.07054
0.05748
0.04732
0.04155
0.04069
0.04416
0.05041
0.05743
0.06324
0.06643
0.06635
0.06318
0.05768
0.05088
0.04369
0.03672
0.03017
0.02389
0.01751
0.01060
0.00278
-0.00622
-0.01665
-0.02871
-0.04264
-0.05855
-0.07634
-0.09546
-0.11485
-0.13297
-0.14798
-0.15814
-0.16222
-0.15990
-0.15200
-0.14046
-0.12797
-0.11735
-0.11093
-0.10994
-0.11432
-0.12287
-0.13366
-0.14458
-0.15388
-0.16030
-0.16312
-0.16192
-0.15633
-0.14596
-0.13036
-0.10918
-0.08233
-0.05011
-0.01324
0.02721
0.06983
0.11302
0.15506
0.19427
0.22919
0.25862
0.28177
0.29820
0.30786
0.31105
0.30836
0.30068
0.28903
0.27451
0.25806
0.24041
0.22196
0.20284
0.18304
0.16247
0.14111
0.11897
0.09608
0.07244
0.04810
0.02325
-0.00168
-0.02595
-0.04857
-0.06860
-0.08542
-0.09911
-0.11059
-0.12150
-0.13380
-0.14915
-0.16829
-0.19065
-0.21441
-0.23697
-0.25578
-0.26922
-0.27712
-0.28082
-0.28258
-0.28463
-0.28829
-0.29327
-0.29776
-0.29898
-0.29407
-0.28109
-0.25952
-0.23035
-0.19564
-0.15784
-0.11904
-0.08052
-0.04258
-0.00478
0.03357
0.07288
0.11289
0.15253
0.19005
0.22343
0.25082
0.27089
0.28311
0.28777
0.28582
0.27864
0.26774
0.25448
0.23995
0.22495
0.21008
0.19586
0.18282
0.17145
0.16208
0.15475
0.14902
0.14401
0.13855
0.13143
0.12168
0.10882
0.09290
0.07452
0.05458
0.03413
0.01411
-0.00472
-0.02189
-0.03716
-0.05057
-0.06241
-0.07316
-0.08343
-0.09379
-0.10462
-0.11585
-0.12700
-0.13722
-0.14561
-0.15159
-0.15518
-0.15712
-0.15871
-0.16140
-0.16631
-0.17377
-0.18310
-0.19268
-0.20028
-0.20355
-0.20059
-0.19027
-0.17248
-0.14810
-0.11872
-0.08632
-0.05284
-0.01984
0.01166
0.04116
0.06847
0.09345
0.11579
0.13497
0.15041
0.16172
0.16891
0.17250
0.17333
0.17222
0.16963
0.16538
0.15870
0.14851
0.13398
0.11496
0.09236
0.06803
0.04439
0.02376
0.00774
-0.00321
-0.00985
-0.01369
-0.01651
-0.01964
-0.02365
-0.02828
-0.03284
-0.03662
-0.03948
-0.04201
-0.04545
-0.05128
-0.06066
-0.07399
-0.09074
-0.10953
-0.12853
-0.14587
-0.16003
-0.16994
-0.17495
-0.17465
-0.16873
-0.15690
-0.13900
-0.11512
-0.08577
-0.05187
-0.01484
0.02363
0.06172
0.09769
0.13003
0.15756
0.17944
0.19509
0.20422
0.20683
0.20334
0.19460
0.18187
0.16665
0.15036
0.13404
0.11813
0.10251
0.08669
0.07013
0.05268
0.03477
0.01756
0.00263
-0.00843
-0.01457
-0.01565
-0.01269
-0.00763
-0.00293
-0.00089
-0.00310
-0.01006
-0.02108
-0.03465
-0.04895
-0.06255
-0.07478
-0.08593
-0.09698
-0.10904
-0.12280
-0.13820
-0.15430
-0.16967
-0.18282
-0.19266
-0.19868
-0.20090
-0.19954
-0.19467
-0.18604
-0.17312
-0.15540
-0.13275
-0.10568
-0.07530
-0.04314
-0.01075
0.02064
0.05030
0.07796
0.10365
0.12746
0.14930
0.16879
0.18519
0.19752
0.20472
0.20595
0.20089
0.19007
0.17492
0.15763
0.14073
0.12643
0.11613
0.10999
0.10705
0.10558
0.10376
0.10021
0.09439
0.08661
0.07781
0.06906
0.06118
0.05440
0.04832
0.04202
0.03428
0.02396
0.01027
-0.00689
-0.02691
-0.04842
-0.06962
-0.08859
-0.10377
-0.11419
-0.11971
-0.12082
-0.11845
-0.11353
-0.10673
-0.09836
-0.08850
-0.07733
-0.06546
-0.05409
-0.04492
-0.03978
-0.04009
-0.04639
-0.05809
-0.07356
-0.09054
-0.10674
-0.12044
-0.13083
-0.13808
-0.14311
-0.14709
-0.15105
-0.15545
-0.16013
-0.16443
-0.16747
-0.16844
-0.16681
-0.16233
-0.15489
-0.14435
-0.13033
-0.11220
-0.08923
-0.06092
-0.02726
0.01096
0.05223
0.09449
0.13559
0.17371
0.20765
0.23691
0.26150
0.28162
0.29735
0.30846
0.31456
0.31528
0.31070
0.30155
0.28919
0.27536
0.26162
0.24895
0.23736
0.22602
0.21360
0.19881
0.18096
0.16019
0.13739
0.11380
0.09055
0.06825
0.04684
0.02581
0.00450
-0.01742
-0.03964
-0.06121
-0.08075
-0.09692
-0.10891
-0.11671
-0.12109
-0.12338
-0.12506
-0.12739
-0.13114
-0.13664
-0.14387
-0.15269
-0.16302
-0.17482
-0.18800
-0.20227
-0.21704
-0.23142
-0.24450
-0.25554
-0.26433
-0.27119
-0.27683
-0.28206
-0.28730
-0.29228
-0.29590
-0.29648
-0.29222
-0.28174
-0.26447
-0.24086
-0.21218
-0.18019
-0.14672
-0.11329
-0.08088
-0.04986
-0.02002
0.00926
0.03883
0.06953
0.10198
0.13644
0.17268
0.21002
0.24739
0.28346
0.31683
0.34624
0.37062
0.38924
0.40165
0.40763
0.40720
0.40060
0.38840
0.37150
0.35117
0.32887
0.30604
0.28382
0.26285
0.24313
0.22417
0.20513
0.18518
0.16380
0.14094
0.11705
0.09301
0.06981
0.04833
0.02912
0.01232
-0.00234
-0.01548
-0.02785
-0.04023
-0.05326
-0.06742
-0.08297
-0.09998
-0.11837
-0.13791
-0.15828
-0.17915
-0.20026
-0.22149
-0.24284
-0.26431
-0.28580
-0.30690
-0.32691
-0.34491
-0.35994
-0.37133
-0.37886
-0.38284
-0.38400
-0.38320
-0.38111
-0.37793
-0.37323
-0.36600
-0.35484
-0.33835
-0.31555
-0.28617
-0.25070
-0.21028
-0.16631
-0.12012
-0.07266
-0.02453
0.02397
0.07257
0.12090
0.16828
0.21380
0.25637
0.29484
0.32818
0.35561
0.37673
0.39153
0.40035
0.40383
0.40272
0.39783
0.38990
0.37963
0.36767
0.35458
0.34085
0.32677
0.31240
0.29758
0.28197
0.26524
0.24723
0.22804
0.20809
0.18796
0.16827
0.14948
0.13180
0.11520
0.09949
0.08449
0.07005
0.05612
0.04264
0.02943
0.01605
0.00176
-0.01441
-0.03344
-0.05602
-0.08235
-0.11204
-0.14416
-0.17746
-0.21058
-0.24227
-0.27147
-0.29742
-0.31968
-0.33814
-0.35307
-0.36508
-0.37506
-0.38402
-0.39284
-0.40206
-0.41159
-0.42055
-0.42734
-0.42988
-0.42607
-0.41434
-0.39415
-0.36620
-0.33234
-0.29508
-0.25688
-0.21944
-0.18328
-0.14769
-0.11119
-0.07221
-0.02970
0.01650
0.06561
0.11622
0.16675
0.21573
0.26200
0.30469
0.34312
0.37664
0.40461
0.42641
0.44148
0.44946
0.45025
0.44413
0.43176
0.41422
0.39294
0.36948
0.34536
0.32185
0.29973
0.27929
0.26034
0.24230
0.22446
0.20618
0.18700
0.16674
0.14545
0.12335
0.10078
0.07827
0.05647
0.03612
0.01792
0.00228
-0.01086
-0.02216
-0.03278
-0.04414
-0.05751
-0.07374
-0.09301
-0.11481
-0.13812
-0.16159
-0.18390
-0.20386
-0.22063
-0.23376
-0.24330
-0.24976
-0.25416
-0.25782
-0.26215
-0.26823
-0.27649
-0.28651
-0.29709
-0.30656
-0.31334
-0.31645
-0.31580
-0.31222
-0.30713
-0.30198
-0.29762
-0.29390
-0.28953
-0.28242
-0.27019
-0.25097
-0.22397
-0.18973
-0.14995
-0.10707
-0.06353
-0.02121
0.01898
0.05719
0.09438
0.13188
0.17091
0.21209
0.25514
0.29877
0.34087
0.37883
0.41005
0.43238
0.44459
0.44654
0.43915
0.42422
0.40404
0.38105
0.35742
0.33477
0.31393
0.29493
0.27712
0.25943
0.24077
0.22040
0.19812
0.17432
0.14978
0.12532
0.10154
0.07863
0.05639
0.03443
0.01245
-0.00947
-0.03083
-0.05073
-0.06826
-0.08288
-0.09474
-0.10481
-0.11465
-0.12599
-0.14013
-0.15759
-0.17788
-0.19970
-0.22132
-0.24114
-0.25810
-0.27196
-0.28325
-0.29296
-0.30216
-0.31153
-0.32115
-0.33054
-0.33880
-0.34506
-0.34873
-0.34965
-0.34793
-0.34357
-0.33613
-0.32447
-0.30690
-0.28167
-0.24764
-0.20490
-0.15502
-0.10092
-0.04612
0.00604
0.05331
0.09499
0.13184
0.16561
0.19819
0.23085
0.26376
0.29596
0.32573
0.35126
0.37125
0.38523
0.39362
0.39732
0.39727
0.39411
0.38805
0.37907
0.36718
0.35260
0.33558
0.31610
0.29340
0.26587
0.23138
0.18807
0.13543
0.07514
0.01132
-0.05014
-0.10287
-0.14172
-0.16413
-0.17090
-0.16587
-0.15487
-0.14414
-0.13879
-0.14174
-0.15325
-0.17118
-0.19179
-0.21072
-0.22403
-0.22904
-0.22487
-0.21264
-0.19518
-0.17648
-0.16074
-0.15143
-0.15044
-0.15758
-0.17059
-0.18558
-0.19796
-0.20343
-0.19886
-0.18288
-0.15591
-0.11986
-0.07751
-0.03185
0.01438
0.05906
0.10067
0.13828
0.17131
0.19941
0.22230
0.23971
0.25130
0.25678
0.25593
0.24875
0.23550
0.21678
0.19344
0.16657
0.13737
0.10720
0.07758
0.05022
0.02688
0.00918
-0.00185
-0.00619
-0.00507
-0.00091
0.00323
0.00436
0.00035
-0.00950
-0.02444
-0.04267
-0.06195
-0.08036
-0.09677
-0.11102
-0.12375
-0.13608
-0.14912
-0.16364
-0.17980
-0.19713
-0.21454
-0.23056
-0.24339
-0.25115
-0.25199
-0.24445
-0.22774
-0.20212
-0.16900
-0.13073
-0.09007
-0.04947
-0.01039
0.02693
0.06325
0.09968
0.13688
0.17440
0.21050
0.24249
0.26744
0.28304
0.28831
0.28387
0.27170
0.25456
0.23521
0.21578
0.19749
0.18066
0.16501
0.15008
0.13554
0.12138
0.10792
0.09566
0.08511
0.07664
0.07026
0.06562
0.06192
0.05808
0.05279
0.04481
0.03311
0.01709
-0.00330
-0.02758
-0.05476
-0.08355
-0.11248
-0.14019
-0.16553
-0.18775
-0.20659
-0.22232
-0.23564
-0.24753
-0.25891
-0.27030
-0.28147
-0.29127
-0.29775
-0.29847
-0.29117
-0.27439
-0.24812
-0.21392
-0.17475
-0.13422
-0.09567
-0.06132
-0.03180
-0.00628
0.01699
0.03985
0.06362
0.08874
0.11483
0.14109
0.16663
0.19075
0.21293
0.23274
0.24962
0.26288
0.27179
0.27582
0.27498
0.26995
0.26200
0.25269
0.24327
0.23425
0.22496
0.21368
0.19805
0.17583
0.14573
0.10796
0.06439
0.01814
-0.02711
-0.06802
-0.10228
-0.12906
-0.14902
-0.16394
-0.17619
-0.18808
-0.20134
-0.21669
-0.23371
-0.25093
-0.26617
-0.27701
-0.28139
-0.27803
-0.26673
-0.24832
-0.22431
-0.19647
-0.16641
-0.13524
-0.10353
-0.07144
-0.03898
-0.00634
0.02600
0.05723
0.08636
0.11250
0.13503
0.15367
0.16848
0.17973
0.18786
0.19338
0.19686
0.19888
0.19987
0.19996
0.19895
0.19628
0.19126
0.18329
0.17213
0.15804
0.14173
0.12413
0.10611
0.08824
0.07068
0.05333
0.03602
0.01883
0.00215
-0.01338
-0.02712
-0.03879
-0.04877
-0.05805
-0.06804
-0.08002
-0.09458
-0.11129
-0.12864
-0.14456
-0.15715
-0.16554
-0.17035
-0.17361
-0.17812
-0.18634
-0.19934
-0.21606
-0.23336
-0.24680
-0.25184
-0.24525
-0.22595
-0.19532
-0.15660
-0.11392
-0.07110
-0.03078
0.00587
0.03900
0.06953
0.09846
0.12650
0.15377
0.17981
0.20369
0.22423
0.24017
0.25048
0.25459
0.25261
0.24529
0.23381
0.21943
0.20312
0.18534
0.16606
0.14503
0.12213
0.09768
0.07256
0.04808
0.02563
0.00629
-0.00950
-0.02209
-0.03244
-0.04183
-0.05144
-0.06200
-0.07363
-0.08577
-0.09749
-0.10784
-0.11625
-0.12291
-0.12874
-0.13523
-0.14401
-0.15627
-0.17235
-0.19134
-0.21111
-0.22851
-0.23995
-0.24211
-0.23270
-0.21115
-0.17880
-0.13877
-0.09527
-0.05257
-0.01410
0.01840
0.04501
0.06735
0.08781
0.10861
0.13113
0.15549
0.18062
0.20470
0.22578
0.24228
0.25340
0.25913
0.26005
0.25702
0.25081
0.24196
0.23069
0.21705
0.20102
0.18263
0.16207
0.13960
0.11559
0.09040
0.06443
0.03808
0.01171
-0.01434
-0.03981
-0.06456
-0.08855
-0.11174
-0.13412
-0.15561
-0.17612
-0.19563
-0.21426
-0.23234
-0.25046
-0.26929
-0.28934
-0.31065
-0.33237
-0.35264
-0.36858
-0.37680
-0.37410
-0.35830
-0.32899
-0.28778
-0.23808
-0.18430
-0.13087
-0.08114
-0.03686
0.00194
0.03652
0.06867
0.10002
0.13160
0.16370
0.19602
0.22791
0.25851
0.28689
0.31204
0.33289
0.34849
0.35819
0.36183
0.35986
0.35326
0.34331
0.33132
0.31828
0.30472
0.29069
0.27595
0.26017
0.24318
0.22506
0.20608
0.18653
0.16648
0.14566
0.12337
0.09864
0.07043
0.03794
0.00087
-0.04042
-0.08486
-0.13079
-0.17627
-0.21934
-0.25838
-0.29222
-0.32031
-0.34263
-0.35966
-0.37230
-0.38172
-0.38930
-0.39639
-0.40399
-0.41248
-0.42133
-0.42898
-0.43298
-0.43039
-0.41844
-0.39522
-0.36023
-0.31465
-0.26105
-0.20293
-0.14392
-0.08706
-0.03437
0.01332
0.05609
0.09458
0.12956
0.16173
0.19169
0.21995
0.24705
0.27344
0.29925
0.32415
0.34726
0.36732
0.38303
0.39341
0.39813
0.39755
0.39257
0.38432
0.37382
0.36171
0.34818
0.33297
0.31560
0.29552
0.27231
0.24583
0.21618
0.18374
0.14902
0.11265
0.07538
0.03810
0.00178
-0.03256
-0.06407
-0.09226
-0.11715
-0.13924
-0.15931
-0.17816
-0.19628
-0.21362
-0.22958
-0.24319
-0.25345
-0.25971
-0.26206
-0.26143
-0.25964
-0.25894
-0.26153
-0.26889
-0.28125
-0.29733
-0.31454
-0.32960
-0.33927
-0.34128
-0.33475
-0.32029
-0.29956
-0.27456
-0.24680
-0.21682
-0.18416
-0.14774
-0.10658
-0.06044
-0.01017
0.04237
0.09469
0.14432
0.18931
0.22853
0.26166
0.28892
0.31071
0.32731
0.33874
0.34482
0.34538
0.34051
0.33075
0.31716
0.30119
0.28439
0.26804
0.25287
0.23885
0.22531
0.21118
0.19541
0.17739
0.15726
0.13599
0.11516
0.09657
0.08165
0.07092
0.06369
0.05810
0.05156
0.04142
0.02573
0.00377
-0.02380
-0.05513
-0.08778
-0.11934
-0.14800
-0.17289
-0.19404
-0.21214
-0.22813
-0.24284
-0.25673
-0.26984
-0.28183
-0.29214
-0.30013
-0.30519
-0.30683
-0.30470
-0.29862
-0.28870
-0.27530
-0.25899
-0.24049
-0.22040
-0.19911
-0.17664
-0.15271
-0.12681
-0.09833
-0.06680
-0.03202
0.00579
0.04596
0.08738
0.12871
0.16857
0.20571
0.23922
0.26850
0.29320
0.31312
0.32809
0.33797
0.34270
0.34246
0.33770
0.32910
0.31735
0.30290
0.28566
0.26499
0.23986
0.20930
0.17284
0.13101
0.08559
0.03943
-0.00394
-0.04106
-0.06931
-0.08755
-0.09630
-0.09758
-0.09431
-0.08960
-0.08613
-0.08569
-0.08913
-0.09642
-0.10695
-0.11981
-0.13411
-0.14919
-0.16473
-0.18071
-0.19721
-0.21413
-0.23095
-0.24655
-0.25925
-0.26722
-0.26885
-0.26330
-0.25071
-0.23217
-0.20945
-0.18445
-0.15869
-0.13293
-0.10707
-0.08035
-0.05177
-0.02061
0.01321
0.04901
0.08556
0.12132
0.15487
0.18510
0.21128
0.23299
0.25005
0.26236
0.26992
0.27285
0.27144
0.26621
0.25785
0.24719
0.23504
0.22209
0.20881
0.19537
0.18172
0.16770
0.15312
0.13794
0.12227
0.10626
0.08991
0.07288
0.05438
0.03328
0.00839
-0.02100
-0.05471
-0.09142
-0.12872
-0.16367
-0.19347
-0.21625
-0.23162
-0.24077
-0.24616
-0.25081
-0.25743
-0.26763
-0.28134
-0.29669
-0.31042
-0.31856
-0.31739
-0.30445
-0.27912
-0.24289
-0.19901
-0.15172
-0.10519
-0.06258
-0.02540
0.00655
0.03479
0.06129
0.08775
0.11503
0.14297
0.17070
0.19701
0.22081
0.24133
0.25812
0.27097
0.27976
0.28444
0.28506
0.28190
0.27546
0.26641
0.25537
0.24266
0.22819
0.21146
0.19177
0.16855
0.14170
0.11177
0.07989
0.04757
0.01628
-0.01290
-0.03952
-0.06374
-0.08614
-0.10737
-0.12787
-0.14767
-0.16641
-0.18359
-0.19876
-0.21187
-0.22327
-0.23363
-0.24355
-0.25323
-0.26210
-0.26885
-0.27163
-0.26860
-0.25846
-0.24091
-0.21681
-0.18790
-0.15640
-0.12441
-0.09343
-0.06420
-0.03676
-0.01073
0.01429
0.03850
0.06180
0.08389
0.10452
0.12365
0.14155
0.15865
0.17537
0.19181
0.20763
0.22203
0.23396
0.24236
0.24645
0.24595
0.24109
0.23249
0.22102
0.20752
0.19262
0.17671
0.15992
0.14225
0.12368
0.10423
0.08396
0.06292
0.04113
0.01859
-0.00469
-0.02847
-0.05218
-0.07491
-0.09542
-0.11255
-0.12545
-0.13398
-0.13882
-0.14131
-0.14321
-0.14625
-0.15181
-0.16067
-0.17294
-0.18809
-0.20511
-0.22262
-0.23902
-0.25262
-0.26177
-0.26502
-0.26131
-0.25015
-0.23172
-0.20684
-0.17681
-0.14322
-0.10773
-0.07183
-0.03670
-0.00312
0.02854
0.05831
0.08646
0.11333
0.13913
0.16377
0.18679
0.20742
0.22472
0.23783
0.24627
0.25009
0.24997
0.24706
0.24273
0.23820
0.23425
0.23095
0.22774
0.22355
0.21717
0.20761
0.19438
0.17759
0.15788
0.13619
0.11349
0.09050
0.06761
0.04488
0.02220
-0.00059
-0.02355
-0.04665
-0.06974
-0.09265
-0.11521
-0.13726
-0.15859
-0.17903
-0.19843
-0.21674
-0.23410
-0.25084
-0.26735
-0.28395
-0.30063
-0.31678
-0.33105
-0.34136
-0.34513
-0.33978
-0.32338
-0.29522
-0.25620
-0.20882
-0.15677
-0.10426
-0.05513
-0.01220
0.02320
0.05120
0.07317
0.09119
0.10760
0.12445
0.14317
0.16427
0.18725
0.21071
0.23263
0.25088
0.26375
0.27034
0.27086
0.26648
0.25899
0.25034
0.24210
0.23509
0.22929
0.22394
0.21792
0.21006
0.19945
0.18564
0.16862
0.14874
0.12654
0.10255
0.07715
0.05048
0.02250
-0.00687
-0.03755
-0.06900
-0.10022
-0.12980
-0.15628
-0.17851
-0.19598
-0.20896
-0.21839
-0.22566
-0.23225
-0.23940
-0.24782
-0.25749
-0.26762
-0.27667
-0.28270
-0.28365
-0.27779
-0.26403
-0.24210
-0.21261
-0.17699
-0.13723
-0.09560
-0.05428
-0.01511
0.02070
0.05263
0.08072
0.10547
0.12758
0.14772
0.16636
0.18368
0.19953
0.21351
0.22507
0.23374
0.23927
0.24171
0.24136
0.23856
0.23344
0.22571
0.21469
0.19949
0.17947
0.15466
0.12599
0.09533
0.06508
0.03762
0.01464
-0.00327
-0.01684
-0.02785
-0.03856
-0.05103
-0.06645
-0.08485
-0.10508
-0.12527
-0.14344
-0.15823
-0.16938
-0.17781
-0.18537
-0.19418
-0.20586
-0.22083
-0.23793
-0.25452
-0.26699
-0.27168
-0.26576
-0.24807
-0.21935
-0.18206
-0.13967
-0.09578
-0.05334
-0.01419
0.02101
0.05256
0.08126
0.10803
0.13360
0.15835
0.18227
0.20496
0.22573
0.24359
0.25750
0.26653
0.27010
0.26824
0.26165
0.25162
0.23969
0.22735
0.21561
0.20472
0.19417
0.18286
0.16945
0.15285
0.13261
0.10908
0.08330
0.05668
0.03059
0.00596
-0.01690
-0.03827
-0.05881
-0.07925
-0.10013
-0.12164
-0.14369
-0.16597
-0.18825
-0.21048
-0.23285
-0.25569
-0.27933
-0.30379
-0.32860
-0.35256
-0.37371
-0.38952
-0.39719
-0.39425
-0.37902
-0.35109
-0.31147
-0.26249
-0.20736
-0.14954
-0.09214
-0.03743
0.01339
0.06001
0.10276
0.14216
0.17854
0.21188
0.24180
0.26769
0.28906
0.30563
0.31755
0.32527
0.32948
0.33086
0.32991
0.32678
0.32119
0.31249
0.29987
0.28265
0.26057
0.23402
0.20408
0.17233
0.14062
0.11064
0.08370
0.06050
0.04107
0.02493
0.01120
-0.00119
-0.01328
-0.02596
-0.03990
-0.05550
-0.07290
-0.09198
-0.11238
-0.13351
-0.15468
-0.17513
-0.19417
-0.21133
-0.22651
-0.24006
-0.25279
-0.26579
-0.28003
-0.29593
-0.31288
-0.32899
-0.34123
-0.34591
-0.33953
-0.31972
-0.28596
-0.23989
-0.18505
-0.12604
-0.06750
-0.01311
0.03509
0.07676
0.11282
0.14469
0.17352
0.19967
0.22261
0.24129
0.25467
0.26224
0.26430
0.26192
0.25655
0.24962
0.24209
0.23426
0.22585
0.21621
0.20461
0.19054
0.17384
0.15484
0.13429
0.11331
0.09311
0.07474
0.05873
0.04487
0.03215
0.01906
0.00394
-0.01444
-0.03654
-0.06189
-0.08931
-0.11730
-0.14459
-0.17048
-0.19505
-0.21888
-0.24256
-0.26614
-0.28859
-0.30773
-0.32054
-0.32388
-0.31537
-0.29414
-0.26125
-0.21944
-0.17255
-0.12453
-0.07858
-0.03660
0.00095
0.03470
0.06582
0.09543
0.12417
0.15202
0.17836
0.20226
0.22277
0.23924
0.25146
0.25967
0.26446
0.26653
0.26655
0.26498
0.26211
0.25806
0.25288
0.24658
0.23906
0.23002
0.21883
0.20457
0.18617
0.16270
0.13371
0.09950
0.06125
0.02090
-0.01911
-0.05634
-0.08881
-0.11550
-0.13652
-0.15312
-0.16736
-0.18154
-0.19772
-0.21717
-0.24018
-0.26609
-0.29351
-0.32072
-0.34603
-0.36810
-0.38599
-0.39919
-0.40749
-0.41077
-0.40885
-0.40134
-0.38762
-0.36694
-0.33870
-0.30279
-0.25985
-0.21142
-0.15979
-0.10753
-0.05698
-0.00968
0.03398
0.07477
0.11422
0.15399
0.19519
0.23788
0.28089
0.32213
0.35910
0.38955
0.41207
0.42638
0.43334
0.43458
0.43203
0.42741
0.42183
0.41569
0.40881
0.40059
0.39027
0.37708
0.36026
0.33913
0.31318
0.28229
0.24699
0.20860
0.16925
0.13144
0.09750
0.06892
0.04587
0.02708
0.01024
-0.00739
-0.02820
-0.05365
-0.08395
-0.11817
-0.15460
-0.19122
-0.22621
-0.25829
-0.28689
-0.31221
-0.33507
-0.35673
-0.37857
-0.40167
-0.42644
-0.45227
-0.47743
-0.49930
-0.51485
-0.52138
-0.51720
-0.50211
-0.47743
-0.44556
-0.40930
-0.37105
-0.33224
-0.29316
-0.25317
-0.21128
-0.16669
-0.11939
-0.07027
-0.02105
0.02619
0.06957
0.10797
0.14139
0.17094
0.19852
0.22625
0.25579
0.28781
0.32169
0.35568
0.38736
0.41424
0.43431
0.44644
0.45044
0.44693
0.43709
0.42243
0.40455
0.38503
0.36533
0.34660
0.32960
0.31447
0.30075
0.28752
0.27362
0.25807
0.24029
0.22030
0.19858
0.17583
0.15267
0.12933
0.10555
0.08063
0.05368
0.02392
-0.00902
-0.04490
-0.08282
-0.12143
-0.15921
-0.19488
-0.22765
-0.25740
-0.28458
-0.30992
-0.33421
-0.35801
-0.38159
-0.40495
-0.42779
-0.44956
-0.46930
-0.48563
-0.49673
-0.50056
-0.49518
-0.47912
-0.45183
-0.41374
-0.36632
-0.31181
-0.25290
-0.19229
-0.13244
-0.07528
-0.02209
0.02647
0.07035
0.10992
0.14576
0.17846
0.20843
0.23575
0.26021
0.28137
0.29872
0.31192
0.32092
0.32603
0.32786
0.32716
0.32465
0.32085
0.31596
0.30985
0.30214
0.29228
0.27981
0.26443
0.24620
0.22549
0.20293
0.17911
0.15443
0.12893
0.10231
0.07421
0.04446
0.01335
-0.01826
-0.04909
-0.07780
-0.10333
-0.12518
-0.14359
-0.15938
-0.17378
-0.18805
-0.20317
-0.21961
-0.23711
-0.25471
-0.27084
-0.28358
-0.29097
-0.29134
-0.28364
-0.26766
-0.24406
-0.21434
-0.18059
-0.14511
-0.11008
-0.07727
-0.04777
-0.02196
0.00053
0.02064
0.03967
0.05893
0.07944
0.10160
0.12510
0.14886
0.17132
0.19073
0.20552
0.21465
0.21774
0.21519
0.20798
0.19751
0.18530
0.17277
0.16096
0.15038
0.14091
0.13182
0.12187
0.10956
0.09344
0.07254
0.04668
0.01666
-0.01575
-0.04819
-0.07816
-0.10365
-0.12358
-0.13803
-0.14820
-0.15603
-0.16370
-0.17303
-0.18497
-0.19917
-0.21399
-0.22671
-0.23411
-0.23320
-0.22195
-0.19986
-0.16820
-0.12984
-0.08866
-0.04871
-0.01330
0.01576
0.03843
0.05625
0.07175
0.08748
0.10527
0.12560
0.14758
0.16920
0.18794
0.20151
0.20839
0.20816
0.20149
0.18982
0.17498
0.15866
0.14213
0.12609
0.11068
0.09564
0.08059
0.06517
0.04925
0.03290
0.01632
-0.00026
-0.01666
-0.03284
-0.04879
-0.06448
-0.07983
-0.09466
-0.10884
-0.12237
-0.13545
-0.14855
-0.16222
-0.17691
-0.19267
-0.20888
-0.22417
-0.23646
-0.24332
-0.24242
-0.23210
-0.21176
-0.18208
-0.14493
-0.10305
-0.05959
-0.01751
0.02081
0.05399
0.08178
0.10496
0.12504
0.14369
0.16222
0.18115
0.20001
0.21750
0.23192
0.24167
0.24572
0.24391
0.23683
0.22568
0.21187
0.19669
0.18110
0.16569
0.15067
0.13594
0.12119
0.10593
0.08960
0.07166
0.05174
0.02982
0.00636
-0.01769
-0.04102
-0.06229
-0.08047
-0.09510
-0.10640
-0.11513
-0.12237
-0.12929
-0.13693
-0.14624
-0.15805
-0.17312
-0.19206
-0.21505
-0.24162
-0.27034
-0.29874
-0.32349
-0.34085
-0.34732
-0.34039
-0.31916
-0.28465
-0.23974
-0.18867
-0.13625
-0.08687
-0.04363
-0.00775
0.02143
0.04603
0.06879
0.09217
0.11761
0.14520
0.17378
0.20134
0.22569
0.24504
0.25849
0.26613
0.26898
0.26852
0.26631
0.26352
0.26074
0.25791
0.25447
0.24966
0.24275
0.23325
0.22105
0.20649
0.19026
0.17338
0.15700
0.14212
0.12936
0.11872
0.10952
0.10052
0.09016
0.07704
0.06023
0.03958
0.01570
-0.01023
-0.03686
-0.06306
-0.08818
-0.11213
-0.13515
-0.15764
-0.17989
-0.20198
-0.22388
-0.24563
-0.26752
-0.29014
-0.31431
-0.34062
-0.36905
-0.39843
-0.42634
-0.44922
-0.46303
-0.46409
-0.44997
-0.42017
-0.37630
-0.32176
-0.26096
-0.19832
-0.13742
-0.08050
-0.02840
0.01909
0.06261
0.10273
0.13963
0.17309
0.20272
0.22832
0.25009
0.26866
0.28494
0.29971
0.31338
0.32576
0.33627
0.34414
0.34883
0.35021
0.34858
0.34445
0.33821
0.32992
0.31924
0.30560
0.28853
0.26801
0.24464
0.21951
0.19389
0.16881
0.14469
0.12128
0.09778
0.07327
0.04717
0.01949
-0.00907
-0.03738
-0.06426
-0.08880
-0.11066
-0.13011
-0.14799
-0.16550
-0.18407
-0.20509
-0.22969
-0.25837
-0.29078
-0.32556
-0.36041
-0.39252
-0.41904
-0.43777
-0.44748
-0.44799
-0.43983
-0.42366
-0.39975
-0.36776
-0.32698
-0.27687
-0.21775
-0.15129
-0.08054
-0.00951
0.05773
0.11785
0.16895
0.21071
0.24412
0.27081
0.29234
0.30970
0.32304
0.33187
0.33543
0.33320
0.32536
0.31289
0.29745
0.28094
0.26489
0.25007
0.23632
0.22275
0.20817
0.19171
0.17310
0.15288
0.13205
0.11164
0.09218
0.07344
0.05438
0.03357
0.00970
-0.01787
-0.04882
-0.08191
-0.11529
-0.14711
-0.17596
-0.20124
-0.22315
-0.24248
-0.26014
-0.27678
-0.29254
-0.30696
-0.31921
-0.32823
-0.33305
-0.33288
-0.32717
-0.31557
-0.29790
-0.27413
-0.24439
-0.20898
-0.16846
-0.12364
-0.07556
-0.02553
0.02498
0.07431
0.12083
0.16306
0.19985
0.23057
0.25519
0.27417
0.28835
0.29873
0.30631
0.31192
0.31613
0.31921
0.32110
0.32147
0.31973
0.31516
0.30708
0.29494
0.27854
0.25804
0.23402
0.20732
0.17888
0.14949
0.11964
0.08934
0.05819
0.02551
-0.00939
-0.04686
-0.08665
-0.12778
-0.16866
-0.20739
-0.24220
-0.27182
-0.29584
-0.31473
-0.32979
-0.34281
-0.35563
-0.36961
-0.38518
-0.40150
-0.41646
-0.42698
-0.42964
-0.42145
-0.40060
-0.36692
-0.32194
-0.26848
-0.20992
-0.14934
-0.08898
-0.02990
0.02778
0.08442
0.14022
0.19483
0.24720
0.29583
0.33916
0.37600
0.40568
0.42804
0.44326
0.45164
0.45350
0.44920
0.43927
0.42442
0.40557
0.38365
0.35931
0.33276
0.30365
0.27117
0.23434
0.19242
0.14524
0.09345
0.03853
-0.01738
-0.07193
-0.12299
-0.16905
-0.20945
-0.24445
-0.27498
-0.30241
-0.32826
-0.35400
-0.38090
-0.40987
-0.44124
-0.47439
-0.50747
-0.53728
-0.55946
-0.56923
-0.56233
-0.53612
-0.49034
-0.42737
-0.35177
-0.26931
-0.18568
-0.10541
-0.03124
0.03601
0.09698
0.15308
0.20569
0.25562
0.30281
0.34643
0.38524
0.41804
0.44405
0.46312
0.47574
0.48285
0.48554
0.48480
0.48130
0.47533
0.46673
0.45510
0.43989
0.42057
0.39686
0.36871
0.33639
0.30037
0.26116
0.21913
0.17440
0.12679
0.07599
0.02177
-0.03571
-0.09563
-0.15650
-0.21627
-0.27261
-0.32332
-0.36663
-0.40138
-0.42715
-0.44424
-0.45376
-0.45758
-0.45822
-0.45855
-0.46118
-0.46773
-0.47815
-0.49033
-0.50025
-0.50263
-0.49213
-0.46455
-0.41804
-0.35358
-0.27491
-0.18773
-0.09850
-0.01311
0.06407
0.13079
0.18689
0.23387
0.27407
0.30984
0.34282
0.37354
0.40132
0.42466
0.44166
0.45068
0.45074
0.44183
0.42489
0.40158
0.37384
0.34347
0.31179
0.27954
0.24693
0.21391
0.18039
0.14652
0.11269
0.07951
0.04762
0.01746
-0.01090
-0.03781
-0.06391
-0.08992
-0.11635
-0.14330
-0.17041
-0.19710
-0.22282
-0.24740
-0.27121
-0.29509
-0.32001
-0.34644
-0.37386
-0.40034
-0.42268
-0.43688
-0.43910
-0.42665
-0.39879
-0.35702
-0.30474
-0.24646
-0.18659
-0.12850
-0.07390
-0.02282
0.02583
0.07345
0.12088
0.16787
0.21299
0.25405
0.28879
0.31566
0.33432
0.34571
0.35178
0.35477
0.35658
0.35824
0.35970
0.35999
0.35771
0.35152
0.34070
0.32534
0.30626
0.28478
0.26221
0.23953
0.21719
0.19513
0.17298
0.15038
0.12716
0.10340
0.07930
0.05490
0.02982
0.00316
-0.02642
-0.06027
-0.09932
-0.14365
-0.19219
-0.24287
-0.29305
-0.34014
-0.38226
-0.41868
-0.44980
-0.47677
-0.50066
-0.52165
-0.53845
-0.54821
-0.54709
-0.53130
-0.49839
-0.44834
-0.38391
-0.31035
-0.23426
-0.16206
-0.09862
-0.04634
-0.00500
0.02774
0.05533
0.08128
0.10825
0.13754
0.16908
0.20172
0.23375
0.26344
0.28937
0.31062
0.32675
0.33768
0.34359
0.34485
0.34203
0.33595
0.32763
0.31827
0.30900
0.30064
0.29348
0.28710
0.28039
0.27182
0.25971
0.24263
0.21971
0.19077
0.15630
0.11733
0.07524
0.03160
-0.01212
-0.05469
-0.09543
-0.13436
-0.17213
-0.20979
-0.24813
-0.28706
-0.32489
-0.35826
-0.38259
-0.39310
-0.38624
-0.36090
-0.31902
-0.26531
-0.20622
-0.14833
-0.09689
-0.05480
-0.02241
0.00190
0.02073
0.03651
0.05073
0.06370
0.07477
0.08306
0.08809
0.09028
0.09092
0.09170
0.09392
0.09790
0.10265
