44.00000
123.00000
212.00000
297.00000
371.00000
446.00000
511.00000
579.00000
650.00000
716.00000
786.00000
886.00000
960.00000
1041.00000
1119.00000
1204.00000
1294.00000
1361.00000
1425.00000
1504.00000
1580.00000
1649.00000
1726.00000
1788.00000
1918.00000
2016.00000
2118.00000
2224.00000
2320.00000
2383.00000
2443.00000
2508.00000
2581.00000
2667.00000
2751.00000
2831.00000
2880.00000
2929.00000
2976.00000
3022.00000
3072.00000
3120.00000
3174.00000
3237.00000
3291.00000
3340.00000
3390.00000
3450.00000
3501.00000
3556.00000
3655.00000
3739.00000
3814.00000
3883.00000
3951.00000
4020.00000
4073.00000
4122.00000
4174.00000
4217.00000
4281.00000
4353.00000
4433.00000
4515.00000
4590.00000
4657.00000
4726.00000
4796.00000
4873.00000
4948.00000
5009.00000
5069.00000
5129.00000
5205.00000
5285.00000
5362.00000
5430.00000
5506.00000
5577.00000
5643.00000
5703.00000
5768.00000
5843.00000
5921.00000
5986.00000
6041.00000
6109.00000
6189.00000
6270.00000
6336.00000
6397.00000
6460.00000
6535.00000
6616.00000
6705.00000
6781.00000
6845.00000
6894.00000
6946.00000
6995.00000
