0.01396
-0.02545
-0.06152
-0.09138
-0.11341
-0.12749
-0.13476
-0.13721
-0.13709
-0.13643
-0.13670
-0.13876
-0.14290
-0.14893
-0.15641
-0.16470
-0.17309
-0.18092
-0.18771
-0.19334
-0.19810
-0.20274
-0.20828
-0.21587
-0.22642
-0.24038
-0.25751
-0.27671
-0.29596
-0.31247
-0.32293
-0.32397
-0.31280
-0.28770
-0.24841
-0.19619
-0.13353
-0.06358
0.01055
0.08626
0.16174
0.23580
0.30748
0.37552
0.43805
0.49260
0.53641
0.56702
0.58293
0.58395
0.57127
0.54714
0.51429
0.47532
0.43222
0.38614
0.33750
0.28631
0.23265
0.17702
0.12054
0.06493
0.01212
-0.03613
-0.07874
-0.11556
-0.14746
-0.17608
-0.20346
-0.23141
-0.26109
-0.29273
-0.32562
-0.35843
-0.38967
-0.41816
-0.44332
-0.46528
-0.48455
-0.50160
-0.51629
-0.52737
-0.53238
-0.52783
-0.50988
-0.47528
-0.42235
-0.35155
-0.26572
-0.16949
-0.06835
0.03251
0.12914
0.21933
0.30231
0.37810
0.44657
0.50677
0.55675
0.59393
0.61598
0.62169
0.61154
0.58780
0.55400
0.51416
0.47187
0.42972
0.38907
0.35031
0.31318
0.27722
0.24188
0.20660
0.17073
0.13354
0.09443
0.05315
0.01008
-0.03375
-0.07683
-0.11764
-0.15516
-0.18921
-0.22062
-0.25096
-0.28203
-0.31521
-0.35093
-0.38835
-0.42545
-0.45951
-0.48788
-0.50874
-0.52172
-0.52805
-0.53019
-0.53099
-0.53264
-0.53574
-0.53867
-0.53766
-0.52753
-0.50290
-0.45967
-0.39629
-0.31433
-0.21832
-0.11470
-0.01039
0.08871
0.17885
0.25878
0.32943
0.39297
0.45161
0.50659
0.55759
0.60268
0.63889
0.66319
0.67339
0.66895
0.65114
0.62276
0.58740
0.54862
0.50924
0.47094
0.43425
0.39876
0.36344
0.32696
0.28793
0.24510
0.19750
0.14462
0.08661
0.02444
-0.04005
-0.10425
-0.16526
-0.22042
-0.26794
-0.30730
-0.33934
-0.36598
-0.38965
-0.41264
-0.43661
-0.46225
-0.48928
-0.51670
-0.54312
-0.56708
-0.58729
-0.60261
-0.61193
-0.61388
-0.60675
-0.58843
-0.55687
-0.51056
-0.44920
-0.37399
-0.28764
-0.19383
-0.09647
0.00101
0.09611
0.18729
0.27361
0.35429
0.42832
0.49436
0.55090
0.59657
0.63052
0.65258
0.66326
0.66357
0.65476
0.63804
0.61434
0.58423
0.54791
0.50528
0.45624
0.40091
0.33989
0.27441
0.20627
0.13755
0.07037
0.00649
-0.05287
-0.10708
-0.15603
-0.20005
-0.23966
-0.27558
-0.30860
-0.33957
-0.36934
-0.39851
-0.42714
-0.45426
-0.47763
-0.49360
-0.49757
-0.48485
-0.45195
-0.39784
-0.32481
-0.23853
-0.14720
-0.05986
0.01557
0.07392
0.11368
0.13681
0.14771
0.15169
0.15348
0.15623
0.16109
0.16750
0.17369
0.17743
0.17648
0.16904
0.15388
0.13048
0.09915
0.06099
0.01791
-0.02768
-0.07330
-0.11688
-0.15736
-0.19486
-0.23062
-0.26640
-0.30364
-0.34259
-0.38171
-0.41756
-0.44526
-0.45938
-0.45506
-0.42895
-0.37991
-0.30907
-0.21960
-0.11601
-0.00342
0.11322
0.22959
0.34230
0.44877
0.54696
0.63501
0.71091
0.77236
0.81695
0.84249
0.84757
0.83200
0.79712
0.74568
0.68144
0.60849
0.53045
0.44994
0.36829
0.28583
0.20236
0.11786
0.03303
-0.05054
-0.13064
-0.20504
-0.27223
-0.33192
-0.38512
-0.43378
-0.48009
-0.52568
-0.57112
-0.61574
-0.65783
-0.69526
-0.72611
-0.74924
-0.76453
-0.77273
-0.77498
-0.77193
-0.76311
-0.74646
-0.71856
-0.67538
-0.61347
-0.53124
-0.42973
-0.31267
-0.18572
-0.05517
0.07340
0.19616
0.31124
0.41827
0.51746
0.60855
0.69019
0.75982
0.81422
0.85042
0.86666
0.86305
0.84166
0.80602
0.76027
0.70818
0.65244
0.59443
0.53446
0.47233
0.40804
0.34216
0.27595
0.21096
0.14841
0.08866
0.03091
-0.02663
-0.08612
-0.14929
-0.21669
-0.28736
-0.35899
-0.42857
-0.49331
-0.55133
-0.60200
-0.64564
-0.68271
-0.71295
-0.73461
-0.74438
-0.73801
-0.71145
-0.66216
-0.59015
-0.49829
-0.39174
-0.27677
-0.15925
-0.04353
0.06803
0.17471
0.27639
0.37243
0.46078
0.53780
0.59880
0.63922
0.65582
0.64778
0.61700
0.56776
0.50572
0.43651
0.36463
0.29265
0.22124
0.14965
0.07672
0.00164
-0.07547
-0.15356
-0.23097
-0.30590
-0.37670
-0.44184
-0.49954
-0.54735
-0.58204
-0.59988
-0.59749
-0.57270
-0.52542
-0.45784
-0.37408
-0.27932
-0.17875
-0.07673
0.02364
0.12038
0.21217
0.29778
0.37568
0.44396
0.50057
0.54381
0.57275
0.58754
0.58942
0.58047
0.56315
0.53985
0.51252
0.48237
0.44990
0.41495
0.37689
0.33484
0.28791
0.23542
0.17709
0.11319
0.04456
-0.02749
-0.10126
-0.17490
-0.24648
-0.31418
-0.37639
-0.43197
-0.48044
-0.52228
-0.55901
-0.59295
-0.62662
-0.66173
-0.69807
-0.73269
-0.75982
-0.77168
-0.76030
-0.71968
-0.64764
-0.54684
-0.42441
-0.29024
-0.15459
-0.02571
0.09182
0.19732
0.29307
0.38246
0.46804
0.55004
0.62596
0.69114
0.74016
0.76842
0.77352
0.75591
0.71873
0.66690
0.60590
0.54047
0.47366
0.40648
0.33803
0.26612
0.18807
0.10148
0.00491
-0.10158
-0.21610
-0.33468
-0.45126
-0.55802
-0.64622
-0.70740
-0.73492
-0.72536
-0.67927
-0.60114
-0.49829
-0.37928
-0.25213
-0.12313
0.00353
0.12524
0.23998
0.34540
0.43837
0.51515
0.57216
0.60682
0.61815
0.60698
0.57556
0.52698
0.46454
0.39127
0.30977
0.22237
0.13119
0.03834
-0.05420
-0.14477
-0.23237
-0.31690
-0.39920
-0.48064
-0.56236
-0.64422
-0.72370
-0.79539
-0.85124
-0.88180
-0.87839
-0.83543
-0.75231
-0.63413
-0.49092
-0.33550
-0.18068
-0.03663
0.09082
0.20042
0.29436
0.37639
0.44974
0.51574
0.57346
0.62040
0.65374
0.67164
0.67411
0.66311
0.64203
0.61467
0.58436
0.55329
0.52228
0.49103
0.45847
0.42324
0.38395
0.33933
0.28824
0.22981
0.16368
0.09040
0.01183
-0.06871
-0.14670
-0.21726
-0.27629
-0.32176
-0.35468
-0.37928
-0.40238
-0.43176
-0.47405
-0.53253
-0.60548
-0.68565
-0.76109
-0.81741
-0.84088
-0.82174
-0.75670
-0.64986
-0.51182
-0.35715
-0.20094
-0.05550
0.07185
0.17947
0.27047
0.35049
0.42514
0.49770
0.56790
0.63194
0.68370
0.71662
0.72561
0.70850
0.66653
0.60397
0.52693
0.44206
0.35519
0.27051
0.19025
0.11483
0.04331
-0.02600
-0.09501
-0.16541
-0.23839
-0.31441
-0.39303
-0.47273
-0.55073
-0.62283
-0.68363
-0.72710
-0.74746
-0.74047
-0.70451
-0.64124
-0.55545
-0.45418
-0.34510
-0.23492
-0.12807
-0.02628
0.07102
0.16558
0.25892
0.35122
0.44077
0.52419
0.59729
0.65612
0.69790
0.72154
0.72751
0.71747
0.69363
0.65840
0.61416
0.56326
0.50793
0.45004
0.39081
0.33040
0.26793
0.20182
0.13053
0.05343
-0.02866
-0.11346
-0.19786
-0.27907
-0.35561
-0.42794
-0.49820
-0.56914
-0.64257
-0.71788
-0.79109
-0.85494
-0.90012
-0.91719
-0.89883
-0.84171
-0.74731
-0.62176
-0.47449
-0.31630
-0.15739
-0.00575
0.13354
0.25823
0.36804
0.46349
0.54483
0.61144
0.66184
0.69419
0.70710
0.70035
0.67525
0.63449
0.58159
0.52011
0.45295
0.38209
0.30861
0.23311
0.15631
0.07934
0.00377
-0.06876
-0.13718
-0.20142
-0.26256
-0.32232
-0.38211
-0.44187
-0.49929
-0.54965
-0.58657
-0.60343
-0.59512
-0.55942
-0.49774
-0.41485
-0.31767
-0.21374
-0.10954
-0.00958
0.08392
0.17037
0.24984
0.32189
0.38494
0.43616
0.47215
0.48996
0.48823
0.46788
0.43217
0.38597
0.33455
0.28221
0.23120
0.18124
0.12987
0.07343
0.00844
-0.06689
-0.15163
-0.24169
-0.33025
-0.40884
-0.46897
-0.50374
-0.50912
-0.48451
-0.43254
-0.35832
-0.26819
-0.16869
-0.06566
0.03609
0.13284
0.22169
0.30030
0.36670
0.41925
0.45670
0.47827
0.48374
0.47348
0.44842
0.41003
0.36034
0.30186
0.23747
0.17005
0.10197
0.03454
-0.03234
-0.10022
-0.17151
-0.24844
-0.33185
-0.42012
-0.50864
-0.59014
-0.65578
-0.69690
-0.70679
-0.68219
-0.62408
-0.53755
-0.43074
-0.31325
-0.19433
-0.08135
0.02106
0.11117
0.18942
0.25739
0.31656
0.36752
0.40968
0.44161
0.46173
0.46921
0.46440
0.44896
0.42543
0.39658
0.36479
0.33158
0.29760
0.26272
0.22639
0.18787
0.14638
0.10118
0.05158
-0.00294
-0.06259
-0.12700
-0.19504
-0.26468
-0.33306
-0.39662
-0.45134
-0.49300
-0.51757
-0.52160
-0.50284
-0.46074
-0.39684
-0.31473
-0.21968
-0.11781
-0.01515
0.08314
0.17317
0.25239
0.31920
0.37253
0.41149
0.43534
0.44369
0.43685
0.41619
0.38418
0.34406
0.29928
0.25285
0.20670
0.16153
0.11694
0.07190
0.02544
-0.02287
-0.07270
-0.12309
-0.17291
-0.22135
-0.26824
-0.31392
-0.35882
-0.40270
-0.44398
-0.47949
-0.50466
-0.51439
-0.50414
-0.47109
-0.41495
-0.33821
-0.24570
-0.14375
-0.03905
0.06238
0.15599
0.23892
0.30992
0.36881
0.41586
0.45125
0.47481
0.48619
0.48521
0.47250
0.44973
0.41960
0.38530
0.34957
0.31392
0.27805
0.24006
0.19721
0.14709
0.08879
0.02356
-0.04528
-0.11302
-0.17480
-0.22684
-0.26726
-0.29649
-0.31702
-0.33264
-0.34751
-0.36515
-0.38760
-0.41493
-0.44500
-0.47371
-0.49557
-0.50456
-0.49529
-0.46418
-0.41031
-0.33581
-0.24558
-0.14624
-0.04480
0.05278
0.14257
0.22301
0.29443
0.35807
0.41489
0.46470
0.50598
0.53627
0.55310
0.55501
0.54218
0.51648
0.48097
0.43903
0.39355
0.34640
0.29833
0.24936
0.19921
0.14770
0.09485
0.04073
-0.01477
-0.07213
-0.13210
-0.19537
-0.26214
-0.33181
-0.40279
-0.47258
-0.53796
-0.59519
-0.64021
-0.66888
-0.67733
-0.66254
-0.62298
-0.55931
-0.47465
-0.37437
-0.26515
-0.15377
-0.04576
0.05548
0.14884
0.23493
0.31507
0.39018
0.45996
0.52269
0.57549
0.61504
0.63843
0.64386
0.63101
0.60104
0.55617
0.49922
0.43303
0.36017
0.28279
0.20261
0.12099
0.03917
-0.04170
-0.12036
-0.19553
-0.26597
-0.33085
-0.38995
-0.44379
-0.49337
-0.53964
-0.58266
-0.62088
-0.65077
-0.66700
-0.66339
-0.63432
-0.57631
-0.48929
-0.37701
-0.24659
-0.10714
0.03191
0.16258
0.27937
0.37961
0.46299
0.53053
0.58347
0.62239
0.64691
0.65588
0.64806
0.62278
0.58050
0.52291
0.45276
0.37338
0.28824
0.20052
0.11305
0.02824
-0.05179
-0.12524
-0.19083
-0.24802
-0.29739
-0.34067
-0.38041
-0.41933
-0.45921
-0.50004
-0.53929
-0.57203
-0.59168
-0.59137
-0.56556
-0.51149
-0.42999
-0.32547
-0.20508
-0.07741
0.04907
0.16733
0.27253
0.36224
0.43604
0.49470
0.53935
0.57073
0.58883
0.59292
0.58200
0.55529
0.51276
0.45543
0.38529
0.30512
0.21805
0.12723
0.03542
-0.05508
-0.14251
-0.22559
-0.30346
-0.37556
-0.44166
-0.50156
-0.55485
-0.60036
-0.63586
-0.65794
-0.66244
-0.64536
-0.60399
-0.53789
-0.44935
-0.34315
-0.22553
-0.10302
0.01875
0.13565
0.24497
0.34493
0.43396
0.51032
0.57206
0.61739
0.64529
0.65579
0.65011
0.63034
0.59888
0.55792
0.50908
0.45337
0.39138
0.32369
0.25116
0.17512
0.09737
0.01997
-0.05495
-0.12550
-0.19010
-0.24766
-0.29763
-0.34013
-0.37598
-0.40681
-0.43483
-0.46255
-0.49210
-0.52457
-0.55924
-0.59326
-0.62173
-0.63843
-0.63691
-0.61190
-0.56050
-0.48286
-0.38225
-0.26432
-0.13601
-0.00429
0.12477
0.24659
0.35797
0.45682
0.54161
0.61104
0.66390
0.69923
0.71665
0.71660
0.70048
0.67041
0.62875
0.57756
0.51818
0.45117
0.37661
0.29470
0.20633
0.11346
0.01902
-0.07357
-0.16117
-0.24172
-0.31470
-0.38113
-0.44303
-0.50241
-0.56029
-0.61576
-0.66568
-0.70485
-0.72692
-0.72560
-0.69626
-0.63717
-0.55034
-0.44137
-0.31847
-0.19073
-0.06620
0.04957
0.15416
0.24792
0.33281
0.41082
0.48258
0.54664
0.59954
0.63677
0.65414
0.64919
0.62207
0.57566
0.51491
0.44563
0.37320
0.30148
0.23225
0.16523
0.09849
0.02921
-0.04556
-0.12800
-0.21880
-0.31641
-0.41669
-0.51288
-0.59631
-0.65760
-0.68847
-0.68349
-0.64132
-0.56515
-0.46201
-0.34130
-0.21284
-0.08527
0.03514
0.14463
0.24152
0.32519
0.39512
0.45021
0.48861
0.50807
0.50664
0.48330
0.43861
0.37482
0.29574
0.20625
0.11148
0.01605
-0.07664
-0.16475
-0.24778
-0.32591
-0.39895
-0.46539
-0.52175
-0.56272
-0.58210
-0.57419
-0.53546
-0.46573
-0.36857
-0.25077
-0.12104
0.01152
0.13893
0.25517
0.35641
0.44072
0.50743
0.55650
0.58816
0.60276
0.60085
0.58339
0.55191
0.50850
0.45565
0.39596
0.33180
0.26496
0.19642
0.12630
0.05393
-0.02191
-0.10246
-0.18853
-0.27982
-0.37451
-0.46893
-0.55766
-0.63393
-0.69045
-0.72056
-0.71946
-0.68524
-0.61945
-0.52686
-0.41463
-0.29094
-0.16365
-0.03917
0.07797
0.18502
0.28039
0.36286
0.43101
0.48297
0.51670
0.53066
0.52441
0.49913
0.45752
0.40325
0.34001
0.27059
0.19621
0.11655
0.03038
-0.06324
-0.16359
-0.26718
-0.36744
-0.45535
-0.52102
-0.55582
-0.55443
-0.51613
-0.44502
-0.34902
-0.23792
-0.12137
-0.00707
0.10000
0.19746
0.28452
0.36074
0.42495
0.47490
0.50751
0.51981
0.50998
0.47813
0.42661
0.35956
0.28206
0.19887
0.11334
0.02680
-0.06142
-0.15310
-0.24968
-0.35059
-0.45204
-0.54664
-0.62428
-0.67412
-0.68711
-0.65846
-0.58906
-0.48541
-0.35816
-0.21955
-0.08083
0.04972
0.16747
0.27090
0.36020
0.43583
0.49738
0.54339
0.57172
0.58049
0.56901
0.53830
0.49118
0.43183
0.36495
0.29487
0.22463
0.15549
0.08661
0.01546
-0.06143
-0.14715
-0.24291
-0.34672
-0.45268
-0.55135
-0.63128
-0.68131
-0.69322
-0.66388
-0.59614
-0.49828
-0.38200
-0.25957
-0.14106
-0.03248
0.06454
0.15177
0.23227
0.30838
0.38025
0.44553
0.50004
0.53916
0.55914
0.55804
0.53599
0.49484
0.43742
0.36681
0.28580
0.19656
0.10067
-0.00070
-0.10646
-0.21513
-0.32436
-0.43036
-0.52774
-0.60960
-0.66840
-0.69717
-0.69098
-0.64819
-0.57106
-0.46553
-0.34015
-0.20464
-0.06829
0.06122
0.17835
0.27960
0.36301
0.42753
0.47266
0.49844
0.50565
0.49605
0.47232
0.43751
0.39431
0.34414
0.28668
0.22001
0.14145
0.04908
-0.05676
-0.17217
-0.28938
-0.39750
-0.48432
-0.53862
-0.55253
-0.52319
-0.45335
-0.35073
-0.22649
-0.09304
0.03803
0.15766
0.26016
0.34320
0.40709
0.45366
0.48509
0.50306
0.50823
0.50026
0.47810
0.44058
0.38707
0.31808
0.23562
0.14326
0.04565
-0.05221
-0.14597
-0.23275
-0.31158
-0.38321
-0.44930
-0.51129
-0.56908
-0.62025
-0.65996
-0.68179
-0.67925
-0.64761
-0.58532
-0.49474
-0.38189
-0.25535
-0.12475
0.00090
0.11455
0.21191
0.29172
0.35533
0.40588
0.44712
0.48218
0.51255
0.53757
0.55451
0.55944
0.54842
0.51893
0.47071
0.40608
0.32929
0.24550
0.15941
0.07435
-0.00813
-0.08796
-0.16571
-0.24156
-0.31445
-0.38163
-0.43893
-0.48154
-0.50511
-0.50685
-0.48618
-0.44484
-0.38638
-0.31539
-0.23659
-0.15431
-0.07227
0.00635
0.07853
0.14133
0.19190
0.22795
0.24826
0.25329
0.24529
0.22801
0.20595
0.18333
0.16304
0.14604
0.13119
0.11566
0.09571
0.06775
0.02920
-0.02070
-0.08050
-0.14649
-0.21302
-0.27314
-0.31966
-0.34630
-0.34891
-0.32630
-0.28049
-0.21625
-0.14007
-0.05881
0.02149
0.09633
0.16306
0.22057
0.26884
0.30841
0.33992
0.36384
0.38045
0.38984
0.39214
0.38764
0.37702
0.36139
0.34227
0.32132
0.30004
0.27918
0.25838
0.23592
0.20900
0.17440
0.12954
0.07344
0.00733
-0.06551
-0.14058
-0.21364
-0.28202
-0.34547
-0.40600
-0.46677
-0.53030
-0.59677
-0.66295
-0.72227
-0.76611
-0.78591
-0.77547
-0.73272
-0.66038
-0.56528
-0.45662
-0.34377
-0.23427
-0.13269
-0.04040
0.04362
0.12164
0.19584
0.26747
0.33633
0.40097
0.45911
0.50835
0.54681
0.57357
0.58874
0.59316
0.58808
0.57465
0.55382
0.52633
0.49299
0.45488
0.41342
0.37014
0.32622
0.28212
0.23733
0.19050
0.13993
0.08417
0.02254
-0.04459
-0.11596
-0.18977
-0.26424
-0.33793
-0.40967
-0.47810
-0.54099
-0.59472
-0.63429
-0.65410
-0.64918
-0.61672
-0.55709
-0.47413
-0.37442
-0.26592
-0.15629
-0.05154
0.04468
0.13091
0.20703
0.27324
0.32924
0.37393
0.40588
0.42408
0.42872
0.42152
0.40535
0.38345
0.35832
0.33095
0.30066
0.26553
0.22331
0.17243
0.11268
0.04532
-0.02734
-0.10264
-0.17830
-0.25270
-0.32478
-0.39344
-0.45678
-0.51155
-0.55312
-0.57601
-0.57509
-0.54696
-0.49111
-0.41038
-0.31052
-0.19897
-0.08341
0.02963
0.13545
0.23121
0.31532
0.38673
0.44434
0.48683
0.51293
0.52198
0.51445
0.49225
0.45847
0.41687
0.37106
0.32382
0.27670
0.22999
0.18298
0.13437
0.08262
0.02627
-0.03582
-0.10428
-0.17893
-0.25846
-0.34010
-0.41949
-0.49085
-0.54756
-0.58322
-0.59281
-0.57379
-0.52681
-0.45565
-0.36652
-0.26682
-0.16371
-0.06292
0.03188
0.11905
0.19835
0.26995
0.33355
0.38796
0.43116
0.46085
0.47530
0.47397
0.45787
0.42938
0.39173
0.34817
0.30132
0.25280
0.20322
0.15256
0.10057
0.04705
-0.00804
-0.06486
-0.12386
-0.18587
-0.25190
-0.32255
-0.39726
-0.47354
-0.54658
-0.60945
-0.65399
-0.67239
-0.65886
-0.61121
-0.53152
-0.42590
-0.30323
-0.17336
-0.04522
0.07450
0.18191
0.27553
0.35540
0.42188
0.47493
0.51379
0.53741
0.54509
0.53714
0.51517
0.48183
0.44019
0.39307
0.34245
0.28934
0.23403
0.17647
0.11670
0.05493
-0.00862
-0.07407
-0.14206
-0.21352
-0.28898
-0.36760
-0.44621
-0.51900
-0.57797
-0.61441
-0.62092
-0.59350
-0.53299
-0.44513
-0.33935
-0.22647
-0.11615
-0.01485
0.07494
0.15415
0.22556
0.29200
0.35483
0.41335
0.46502
0.50654
0.53499
0.54887
0.54853
0.53602
0.51444
0.48699
0.45621
0.42333
0.38814
0.34922
0.30447
0.25189
0.19024
0.11953
0.04111
-0.04256
-0.12845
-0.21361
-0.29576
-0.37370
-0.44746
-0.51811
-0.58717
-0.65576
-0.72367
-0.78853
-0.84556
-0.88800
-0.90822
-0.89942
-0.85727
-0.78119
-0.67472
-0.54494
-0.40108
-0.25277
-0.10834
0.02624
0.14785
0.25597
0.35197
0.43810
0.51645
0.58810
0.65265
0.70818
0.75191
0.78109
0.79407
0.79101
0.77405
0.74683
0.71348
0.67744
0.64054
0.60255
0.56143
0.51405
0.45718
0.38842
0.30687
0.21349
0.11105
0.00386
-0.10285
-0.20368
-0.29401
-0.37093
-0.43393
-0.48515
-0.52897
-0.57099
-0.61649
-0.66876
-0.72772
-0.78929
-0.84590
-0.88796
-0.90610
-0.89350
-0.84769
-0.77117
-0.67066
-0.55533
-0.43440
-0.31514
-0.20168
-0.09500
0.00617
0.10394
0.20011
0.29531
0.38891
0.47918
0.56370
0.63980
0.70481
0.75639
0.79273
0.81276
0.81633
0.80427
0.77827
0.74063
0.69393
0.64067
0.58299
0.52241
0.45966
0.39458
0.32616
0.25283
0.17293
0.08540
-0.00952
-0.10983
-0.21178
-0.31039
-0.40056
-0.47833
-0.54202
-0.59278
-0.63423
-0.67122
-0.70810
-0.74688
-0.78607
-0.82046
-0.84214
-0.84240
-0.81406
-0.75344
-0.66149
-0.54369
-0.40885
-0.26705
-0.12761
0.00259
0.11989
0.22369
0.31557
0.39792
0.47271
0.54053
0.60039
0.65002
0.68668
0.70807
0.71304
0.70186
0.67608
0.63809
0.59053
0.53574
0.47545
0.41067
0.34182
0.26896
0.19220
0.11189
0.02887
-0.05557
-0.13974
-0.22190
-0.30047
-0.37439
-0.44311
-0.50656
-0.56471
-0.61714
-0.66253
-0.69833
-0.72083
-0.72563
-0.70848
-0.66632
-0.59825
-0.50604
-0.39406
-0.26857
-0.13653
-0.00443
0.12262
0.24119
0.34929
0.44574
0.52956
0.59942
0.65361
0.69033
0.70828
0.70716
0.68803
0.65330
0.60629
0.55067
0.48981
0.42632
0.36180
0.29685
0.23129
0.16452
0.09586
0.02501
-0.04776
-0.12148
-0.19464
-0.26552
-0.33268
-0.39537
-0.45375
-0.50875
-0.56160
-0.61309
-0.66272
-0.70812
-0.74487
-0.76705
-0.76824
-0.74298
-0.68816
-0.60394
-0.49382
-0.36402
-0.22218
-0.07603
0.06771
0.20393
0.32912
0.44112
0.53868
0.62105
0.68773
0.73828
0.77220
0.78895
0.78803
0.76913
0.73238
0.67863
0.60967
0.52826
0.43804
0.34301
0.24697
0.15281
0.06207
-0.02509
-0.10955
-0.19251
-0.27468
-0.35569
-0.43388
-0.50669
-0.57130
-0.62550
-0.66825
-0.69980
-0.72122
-0.73347
-0.73649
-0.72853
-0.70629
-0.66563
-0.60292
-0.51650
-0.40770
-0.28109
-0.14380
-0.00407
0.13037
0.25373
0.36279
0.45666
0.53590
0.60147
0.65379
0.69242
0.71628
0.72444
0.71682
0.69479
0.66111
0.61930
0.57267
0.52336
0.47180
0.41689
0.35674
0.28970
0.21536
0.13497
0.05140
-0.03160
-0.11032
-0.18208
-0.24585
-0.30230
-0.35340
-0.40167
-0.44929
-0.49744
-0.54592
-0.59313
-0.63631
-0.67193
-0.69615
-0.70523
-0.69598
-0.66611
-0.61461
-0.54201
-0.45053
-0.34402
-0.22760
-0.10713
0.01152
0.12317
0.22391
0.31149
0.38530
0.44603
0.49507
0.53377
0.56283
0.58196
0.59009
0.58578
0.56802
0.53689
0.49399
0.44235
0.38581
0.32807
0.27158
0.21685
0.16232
0.10505
0.04195
-0.02882
-0.10676
-0.18857
-0.26864
-0.34006
-0.39620
-0.43206
-0.44537
-0.43696
-0.41030
-0.37054
-0.32309
-0.27241
-0.22107
-0.16963
-0.11711
-0.06188
-0.00280
0.05992
0.12426
0.18653
0.24191
0.28534
0.31241
0.32024
0.30797
0.27694
0.23051
0.17336
0.11059
0.04670
-0.01537
-0.07473
-0.13238
-0.19052
-0.25134
-0.31563
-0.38178
-0.44529
-0.49924
-0.53557
-0.54690
-0.52842
-0.47920
-0.40254
-0.30521
-0.19583
-0.08303
0.02620
0.12737
0.21844
0.29913
0.36990
0.43107
0.48225
0.52236
0.54985
0.56326
0.56165
0.54492
0.51394
0.47047
0.41692
0.35601
0.29044
0.22251
0.15394
0.08568
0.01798
-0.04962
-0.11814
-0.18886
-0.26288
-0.34046
-0.42028
-0.49886
-0.57044
-0.62755
-0.66226
-0.66787
-0.64061
-0.58076
-0.49288
-0.38488
-0.26633
-0.14630
-0.03155
0.07444
0.17139
0.26105
0.34556
0.42585
0.50063
0.56645
0.61861
0.65262
0.66572
0.65775
0.63122
0.59050
0.54048
0.48516
0.42672
0.36529
0.29953
0.22763
0.14851
0.06270
-0.02732
-0.11759
-0.20355
-0.28135
-0.34887
-0.40636
-0.45630
-0.50257
-0.54915
-0.59860
-0.65083
-0.70247
-0.74718
-0.77686
-0.78357
-0.76162
-0.70918
-0.62897
-0.52768
-0.41437
-0.29825
-0.18658
-0.08338
0.01087
0.09840
0.18256
0.26608
0.34980
0.43201
0.50879
0.57500
0.62560
0.65696
0.66759
0.65841
0.63232
0.59331
0.54555
0.49244
0.43609
0.37725
0.31549
0.24979
0.17915
0.10318
0.02250
-0.06116
-0.14519
-0.22651
-0.30206
-0.36922
-0.42594
-0.47072
-0.50230
-0.51946
-0.52094
-0.50568
-0.47321
-0.42410
-0.36019
-0.28451
-0.20080
-0.11288
-0.02401
0.06342
0.14786
0.22826
0.30349
0.37189
0.43117
0.47857
0.51145
0.52793
0.52746
0.51095
0.48057
0.43916
0.38959
0.33419
0.27457
0.21164
0.14586
0.07755
0.00694
-0.06575
-0.14040
-0.21696
-0.29527
-0.37480
-0.45422
-0.53103
-0.60137
-0.66020
-0.70178
-0.72057
-0.71222
-0.67461
-0.60848
-0.51755
-0.40806
-0.28773
-0.16447
-0.04508
0.06563
0.16517
0.25306
0.33006
0.39712
0.45466
0.50213
0.53822
0.56143
0.57082
0.56652
0.54998
0.52361
0.49016
0.45196
0.41039
0.36571
0.31732
0.26433
0.20628
0.14361
0.07772
0.01072
-0.05530
-0.11902
-0.18051
-0.24123
-0.30364
-0.37009
-0.44164
-0.51698
-0.59194
-0.65980
-0.71248
-0.74220
-0.74336
-0.71386
-0.65565
-0.57428
-0.47757
-0.37397
-0.27087
-0.17344
-0.08418
-0.00314
0.07138
0.14183
0.21045
0.27852
0.34592
0.41119
0.47182
0.52492
0.56781
0.59862
0.61666
0.62240
0.61733
0.60342
0.58257
0.55613
0.52462
0.48774
0.44469
0.39473
0.33766
0.27426
0.20634
0.13652
0.06764
0.00206
-0.05904
-0.11594
-0.17039
-0.22507
-0.28290
-0.34609
-0.41538
-0.48948
-0.56484
-0.63592
-0.69581
-0.73738
-0.75464
-0.74398
-0.70515
-0.64140
-0.55885
-0.46514
-0.36783
-0.27283
-0.18355
-0.10075
-0.02309
0.05179
0.12611
0.20100
0.27591
0.34859
0.41541
0.47216
0.51498
0.54131
0.55059
0.54456
0.52695
0.50272
0.47676
0.45267
0.43181
0.41295
0.39279
0.36705
0.33190
0.28523
0.22731
0.16076
0.08976
0.01885
-0.04825
-0.10950
-0.16480
-0.21566
-0.26458
-0.31414
-0.36636
-0.42214
-0.48098
-0.54085
-0.59822
-0.64830
-0.68550
-0.70433
-0.70040
-0.67148
-0.61817
-0.54394
-0.45451
-0.35664
-0.25670
-0.15953
-0.06786
0.01762
0.09769
0.17371
0.24679
0.31727
0.38450
0.44685
0.50212
0.54791
0.58212
0.60329
0.61086
0.60523
0.58764
0.55985
0.52383
0.48141
0.43406
0.38283
0.32852
0.27192
0.21399
0.15600
0.09937
0.04547
-0.00463
-0.05032
-0.09147
-0.12832
-0.16135
-0.19119
-0.21863
-0.24470
-0.27062
-0.29777
-0.32733
-0.35982
-0.39454
-0.42917
-0.45978
-0.48136
-0.48873
-0.47779
-0.44646
-0.39522
-0.32695
-0.24619
-0.15812
-0.06758
0.02154
0.10636
0.18467
0.25446
0.31356
0.35959
0.39032
0.40427
0.40124
0.38260
0.35114
0.31044
0.26402
0.21449
0.16298
0.10917
0.05166
-0.01112
-0.07996
-0.15412
-0.23095
-0.30606
-0.37383
-0.42832
-0.46411
-0.47709
-0.46490
-0.42722
-0.36576
-0.28398
-0.18678
-0.07990
0.03068
0.13944
0.24179
0.33444
0.41531
0.48313
0.53688
0.57518
0.59600
0.59676
0.57494
0.52896
0.45901
0.36763
0.25951
0.14076
0.01765
-0.10465
-0.22280
-0.33524
-0.44128
-0.53968
-0.62734
-0.69870
-0.74632
-0.76253
-0.74164
-0.68197
-0.58695
-0.46481
-0.32695
-0.18555
-0.05117
0.06912
0.17235
0.25929
0.33308
0.39754
0.45558
0.50820
0.55419
0.59056
0.61355
0.61984
0.60756
0.57695
0.53033
0.47156
0.40514
0.33520
0.26484
0.19579
0.12848
0.06245
-0.00331
-0.07010
-0.13935
-0.21245
-0.29040
-0.37321
-0.45914
-0.54403
-0.62125
-0.68234
-0.71849
-0.72251
-0.69071
-0.62405
-0.52809
-0.41179
-0.28548
-0.15865
-0.03828
0.07174
0.17013
0.25692
0.33205
0.39435
0.44140
0.47022
0.47842
0.46534
0.43250
0.38337
0.32223
0.25292
0.17778
0.09737
0.01115
-0.08119
-0.17809
-0.27507
-0.36454
-0.43678
-0.48190
-0.49209
-0.46362
-0.39777
-0.30061
-0.18166
-0.05192
0.07817
0.20025
0.30865
0.40028
0.47375
0.52847
0.56385
0.57905
0.57325
0.54622
0.49899
0.43412
0.35558
0.26811
0.17618
0.08295
-0.01044
-0.10497
-0.20295
-0.30653
-0.41591
-0.52778
-0.63470
-0.72578
-0.78864
-0.81230
-0.78998
-0.72112
-0.61187
-0.47376
-0.32110
-0.16784
-0.02482
0.10175
0.21037
0.30300
0.38306
0.45352
0.51549
0.56782
0.60750
0.63082
0.63458
0.61710
0.57877
0.52184
0.44987
0.36676
0.27593
0.17973
0.07926
-0.02532
-0.13407
-0.24629
-0.35951
-0.46885
-0.56693
-0.64470
-0.69302
-0.70476
-0.67671
-0.61066
-0.51321
-0.39430
-0.26495
-0.13493
-0.01115
0.10279
0.20591
0.29836
0.37992
0.44899
0.50246
0.53651
0.54788
0.53519
0.49955
0.44444
0.37457
0.29444
0.20700
0.11297
0.01129
-0.09960
-0.21988
-0.34663
-0.47290
-0.58803
-0.67925
-0.73440
-0.74473
-0.70728
-0.62577
-0.50991
-0.37313
-0.22955
-0.09102
0.03496
0.14585
0.24321
0.33090
0.41293
0.49160
0.56657
0.63481
0.69142
0.73090
0.74842
0.74085
0.70725
0.64899
0.56933
0.47296
0.36522
0.25135
0.13581
0.02163
-0.08985
-0.19877
-0.30609
-0.41255
-0.51755
-0.61834
-0.70987
-0.78535
-0.83750
-0.86005
-0.84924
-0.80473
-0.72980
-0.63077
-0.51571
-0.39305
-0.27018
-0.15256
-0.04336
0.05634
0.14702
0.22996
0.30652
0.37749
0.44277
0.50129
0.55122
0.59039
0.61677
0.62888
0.62608
0.60862
0.57754
0.53437
0.48085
0.41862
0.34900
0.27285
0.19047
0.10163
0.00569
-0.09802
-0.20952
-0.32741
-0.44810
-0.56552
-0.67138
-0.75623
-0.81110
-0.82926
-0.80776
-0.74812
-0.65610
-0.54052
-0.41155
-0.27878
-0.14973
-0.02891
0.08227
0.18493
0.28159
0.37485
0.46616
0.55502
0.63864
0.71229
0.77013
0.80635
0.81631
0.79746
0.74973
0.67550
0.57901
0.46547
0.34011
0.20729
0.06998
-0.07033
-0.21316
-0.35810
-0.50362
-0.64586
-0.77786
-0.88975
-0.96992
-1.00734
-0.99426
-0.92873
-0.81581
-0.66709
-0.49846
-0.32658
-0.16540
-0.02345
0.09706
0.19934
0.28975
0.37488
0.45915
0.54333
0.62452
0.69722
0.75504
0.79212
0.80406
0.78776
0.74075
0.66035
0.54352
0.38771
0.19279
-0.03655
-0.28878
-0.54501
-0.78067
-0.96931
-1.08791
-1.12224
-1.07052
-0.94413
-0.76495
-0.55989
-0.35440
-0.16681
-0.00517
0.13264
0.25596
0.37667
0.50430
0.64238
0.78685
0.92662
1.04602
1.12811
1.15805
1.12566
1.02681
0.86361
0.64361
0.37867
0.08391
-0.22309
-0.52276
-0.79429
-1.01688
-1.17206
-1.24656
-1.23532
-1.14323
-0.98487
-0.78177
-0.55789
-0.33454
-0.12638
0.06020
0.22614
0.37646
0.51619
0.64664
0.76312
0.85483
0.90661
0.90221
0.82806
0.67698
0.45074
0.16137
-0.16934
-0.51196
-0.83302
-1.09967
-1.28467
-1.37081
-1.35372
-1.24235
-1.05679
-0.82369
-0.57049
-0.31985
-0.08584
0.12717
0.32271
0.50827
0.69057
0.87129
1.04469
1.19747
1.31106
1.36539
1.34339
1.23507
1.04012
0.76866
0.43987
0.07912
-0.28572
-0.62778
-0.92377
-1.15547
-1.31022
-1.38103
-1.36662
-1.27149
-1.10571
-0.88394
-0.62352
-0.34191
-0.05422
0.22841
0.49881
0.75235
0.98444
1.18822
1.35317
1.46553
1.51050
1.47550
1.35378
1.14695
0.86587
0.52961
0.16291
-0.20706
-0.55376
-0.85362
-1.08750
-1.24162
-1.30831
-1.28668
-1.18320
-1.01141
-0.79041
-0.54204
-0.28714
-0.04199
0.18391
0.38812
0.57340
0.74442
0.90406
1.05039
1.17527
1.26487
1.30198
1.26961
1.15497
0.95283
0.66762
0.31359
-0.08680
-0.50572
-0.91340
-1.28140
-1.58532
-1.80687
-1.93548
-1.96929
-1.91527
-1.78801
-1.60705
-1.39306
-1.16388
-0.93183
-0.70318
-0.48011
-0.26423
-0.06004
0.12333
0.27322
0.37724
0.42838
0.42930
0.39373
0.34407
0.30547
0.29873
0.33460
0.41190
0.52023
0.64604
0.77919
0.91667
1.06175
1.21867
1.38576
1.55063
1.69052
1.77828
1.79178
1.72263
1.58007
1.38801
1.17625
0.96927
0.77728
0.59286
0.39459
0.15600
-0.14341
-0.50897
-0.92640
-1.36317
-1.77508
-2.11587
-2.34741
-2.44774
-2.41509
-2.26687
-2.03394
-1.75187
-1.45185
-1.15425
-0.86689
-0.58829
-0.31423
-0.04460
0.21250
0.44115
0.62236
0.74105
0.79235
0.78456
0.73764
0.67772
0.62975
0.61100
0.62739
0.67378
0.73759
0.80402
0.86112
0.90275
0.92883
0.94319
0.94992
0.94993
0.93887
0.90731
0.84311
0.73523
0.57782
0.37310
0.13219
-0.12650
-0.38103
-0.61066
-0.80027
-0.94338
-1.04280
-1.10902
-1.15666
-1.19996
-1.24837
-1.30337
-1.35730
-1.39478
-1.39643
-1.34397
-1.22548
-1.03908
-0.79389
-0.50797
-0.20398
0.09608
0.37522
0.62360
0.83820
1.02026
1.17198
1.29358
1.38190
1.43074
1.43266
1.38158
1.27510
1.11614
0.91331
0.68008
0.43293
0.18882
-0.03756
-0.23609
-0.40262
-0.53896
-0.65137
-0.74786
-0.83490
-0.91457
-0.98296
-1.03060
-1.04480
-1.01342
-0.92887
-0.79091
-0.60748
-0.39310
-0.16554
0.05812
0.26474
0.44668
0.60151
0.73013
0.83445
0.91534
0.97168
1.00055
0.99831
0.96197
0.89031
0.78448
0.64795
0.48612
0.30565
0.11384
-0.08187
-0.27416
-0.45585
-0.61961
-0.75776
-0.86227
-0.92531
-0.94034
-0.90358
-0.81537
-0.68091
-0.51003
-0.31589
-0.11301
0.08490
0.26663
0.42429
0.55312
0.65068
0.71575
0.74746
0.74501
0.70777
0.63574
0.52998
0.39293
0.22862
0.04279
-0.15685
-0.36055
-0.55648
-0.73128
-0.87113
-0.96347
-0.99904
-0.97379
-0.89022
-0.75741
-0.58969
-0.40405
-0.21689
-0.04108
0.11586
0.25191
0.36910
0.47112
0.56075
0.63810
0.70009
0.74123
0.75534
0.73748
0.68556
0.60101
0.48853
0.35499
0.20807
0.05500
-0.09820
-0.24668
-0.38627
-0.51261
-0.62044
-0.70331
-0.75407
-0.76592
-0.73397
-0.65667
-0.53683
-0.38163
-0.20190
-0.01064
0.17865
0.35343
0.50322
0.62022
0.69955
0.73928
0.74038
0.70640
0.64298
0.55697
0.45535
0.34408
0.22719
0.10654
-0.01774
-0.14610
-0.27806
-0.41085
-0.53856
-0.65230
-0.74120
-0.79426
-0.80253
-0.76119
-0.67090
-0.53804
-0.37376
-0.19198
-0.00697
0.16880
0.32594
0.45840
0.56285
0.63774
0.68245
0.69676
0.68072
0.63472
0.55955
0.45660
0.32802
0.17713
0.00892
-0.16942
-0.34821
-0.51551
-0.65802
-0.76260
-0.81827
-0.81813
-0.76083
-0.65102
-0.49865
-0.31733
-0.12201
0.07323
0.25694
0.42109
0.56106
0.67478
0.76170
0.82157
0.85375
0.85686
0.82915
0.76924
0.67717
0.55534
0.40911
0.24687
0.07935
-0.08168
-0.22513
-0.34250
-0.42936
-0.48622
-0.51842
-0.53504
-0.54702
-0.56479
-0.59589
-0.64306
-0.70323
-0.76778
-0.82401
-0.85774
-0.85642
-0.81195
-0.72260
-0.59327
-0.43426
-0.25860
-0.07906
0.09450
0.25638
0.40480
0.54033
0.66376
0.77435
0.86915
0.94347
0.99229
1.01190
1.00105
0.96130
0.89630
0.81055
0.70810
0.59173
0.46293
0.32273
0.17284
0.01669
-0.14016
-0.29058
-0.42711
-0.54376
-0.63756
-0.70948
-0.76423
-0.80885
-0.85033
-0.89296
-0.93615
-0.97352
-0.99388
-0.98378
-0.93129
-0.82966
-0.67977
-0.49056
-0.27704
-0.05665
0.15486
0.34675
0.51470
0.66001
0.78717
0.90078
1.00288
1.09159
1.16128
1.20405
1.21196
1.17927
1.10411
0.98918
0.84140
0.67069
0.48841
0.30573
0.13236
-0.02430
-0.15952
-0.27131
-0.36019
-0.42879
-0.48113
-0.52181
-0.55509
-0.58407
-0.61031
-0.63381
-0.65362
-0.66876
-0.67917
-0.68635
-0.69322
-0.70327
-0.71903
-0.74041
-0.76348
-0.78029
-0.77997
-0.75105
-0.68433
-0.57538
-0.42604
-0.24420
-0.04214
0.16612
0.36761
0.55250
0.71512
0.85361
0.96866
1.06169
1.13325
1.18191
1.20419
1.19531
1.15057
1.06695
0.94446
0.78698
0.60236
0.40166
0.19778
0.00356
-0.17003
-0.31545
-0.42931
-0.51237
-0.56872
-0.60469
-0.62753
-0.64444
-0.66170
-0.68412
-0.71455
-0.75354
-0.79904
-0.84635
-0.88854
-0.91720
-0.92365
-0.90029
-0.84196
-0.74682
-0.61679
-0.45727
-0.27628
-0.08315
0.11298
0.30438
0.48555
0.65330
0.80623
0.94376
1.06513
1.16861
1.25116
1.30867
1.33652
1.33049
1.28758
1.20667
1.08903
0.93841
0.76101
0.56500
0.35994
0.15578
-0.03819
-0.21436
-0.36746
-0.49487
-0.59642
-0.67401
-0.73114
-0.77258
-0.80397
-0.83127
-0.85991
-0.89352
-0.93265
-0.97386
-1.00970
-1.02986
-1.02349
-0.98193
-0.90116
-0.78307
-0.63499
-0.46785
-0.29334
-0.12126
0.04234
0.19551
0.33952
0.47703
0.61012
0.73879
0.86028
0.96940
1.05955
1.12402
1.15718
1.15532
1.11709
1.04347
0.93761
0.80443
0.65022
0.48214
0.30778
0.13458
-0.03069
-0.18244
-0.31669
-0.43138
-0.52641
-0.60359
-0.66629
-0.71885
-0.76579
-0.81071
-0.85522
-0.89811
-0.93499
-0.95896
-0.96194
-0.93675
-0.87907
-0.78894
-0.67095
-0.53317
-0.38515
-0.23551
-0.09015
0.04850
0.18101
0.30946
0.43582
0.56051
0.68168
0.79541
0.89639
0.97910
1.03888
1.07265
1.07922
1.05905
1.01364
0.94493
0.85489
0.74545
0.61885
0.47815
0.32765
0.17301
0.02080
-0.12229
-0.25044
-0.35966
-0.44830
-0.51715
-0.56904
-0.60816
-0.63931
-0.66713
-0.69541
-0.72646
-0.76056
-0.79549
-0.82654
-0.84692
-0.84891
-0.82546
-0.77192
-0.68736
-0.57501
-0.44147
-0.29517
-0.14434
0.00461
0.14787
0.28410
0.41340
0.53611
0.65169
0.75813
0.85209
0.92951
0.98654
1.02043
1.03005
1.01604
0.98031
0.92547
0.85411
0.76836
0.66987
0.56018
0.44124
0.31597
0.18842
0.06350
-0.05366
-0.15862
-0.24838
-0.32186
-0.37998
-0.42523
-0.46108
-0.49114
-0.51851
-0.54522
-0.57210
-0.59876
-0.62403
-0.64643
-0.66474
-0.67852
-0.68838
-0.69607
-0.70412
-0.71521
-0.73134
-0.75290
-0.77802
-0.80245
-0.81996
-0.82352
-0.80671
-0.76522
-0.69779
-0.60643
-0.49577
-0.37181
-0.24054
-0.10682
0.02620
0.15702
0.28529
0.41112
0.53450
0.65495
0.77132
0.88179
0.98395
1.07487
1.15121
1.20964
1.24723
1.26205
1.25354
1.22272
1.17186
1.10407
1.02256
0.93017
0.82912
0.72108
0.60767
0.49085
0.37332
0.25848
0.15009
0.05161
-0.03440
-0.10678
-0.16594
-0.21367
-0.25263
-0.28578
-0.31563
-0.34381
-0.37079
-0.39603
-0.41831
-0.43639
-0.44954
-0.45792
-0.46264
-0.46545
-0.46820
-0.47230
-0.47831
-0.48590
-0.49409
-0.50163
-0.50748
-0.51101
-0.51206
-0.51075
-0.50735
-0.50214
-0.49540
-0.48759
-0.47951
-0.47241
-0.46785
-0.46744
-0.47223
-0.48222
-0.49593
-0.51043
-0.52164
-0.52509
-0.51665
-0.49320
-0.45291
-0.39533
-0.32120
-0.23232
-0.13147
-0.02221
0.09139
0.20536
0.31652
0.42315
0.52520
0.62396
0.72123
0.81808
0.91396
1.00614
1.09002
1.16000
1.21062
1.23765
1.23866
1.21309
1.16183
1.08670
0.99000
0.87450
0.74367
0.60209
0.45552
0.31053
0.17354
0.04970
-0.05816
-0.14986
-0.22743
-0.29414
-0.35321
-0.40687
-0.45594
-0.50002
-0.53810
-0.56924
-0.59316
-0.61040
-0.62230
-0.63066
-0.63750
-0.64476
-0.65411
-0.66681
-0.68342
-0.70348
-0.72515
-0.74502
-0.75826
-0.75927
-0.74270
-0.70465
-0.64355
-0.56054
-0.45905
-0.34381
-0.21977
-0.09110
0.03914
0.16897
0.29693
0.42162
0.54131
0.65380
0.75652
0.84671
0.92158
0.97845
1.01481
1.02842
1.01743
0.98069
0.91802
0.83053
0.72083
0.59315
0.45324
0.30795
0.16460
0.03014
-0.08980
-0.19159
-0.27402
-0.33817
-0.38691
-0.42414
-0.45386
-0.47946
-0.50317
-0.52589
-0.54738
-0.56677
-0.58324
-0.59671
-0.60827
-0.62008
-0.63478
-0.65436
-0.67893
-0.70573
-0.72892
-0.74026
-0.73070
-0.69248
-0.62109
-0.51652
-0.38345
-0.23025
-0.06719
0.09577
0.25081
0.39350
0.52288
0.64079
0.75043
0.85484
0.95556
1.05178
1.14016
1.21521
1.27014
1.29797
1.29270
1.25023
1.16916
1.05109
0.90065
0.72509
0.53363
0.33643
0.14353
-0.03623
-0.19604
-0.33167
-0.44164
-0.52703
-0.59099
-0.63806
-0.67328
-0.70140
-0.72611
-0.74974
-0.77320
-0.79633
-0.81846
-0.83903
-0.85796
-0.87569
-0.89279
-0.90915
-0.92319
-0.93127
-0.92768
-0.90540
-0.85747
-0.77872
-0.66734
-0.52583
-0.36096
-0.18264
-0.00198
0.17109
0.32986
0.47200
0.59947
0.71723
0.83107
0.94534
1.06117
1.17562
1.28201
1.37109
1.43270
1.45751
1.43850
1.37202
1.25848
1.10248
0.91260
0.70058
0.48003
0.26482
0.06729
-0.10326
-0.24168
-0.34726
-0.42326
-0.47566
-0.51154
-0.53754
-0.55871
-0.57808
-0.59686
-0.61505
-0.63217
-0.64782
-0.66188
-0.67444
-0.68569
-0.69576
-0.70483
-0.71333
-0.72214
-0.73251
-0.74564
-0.76186
-0.77986
-0.79604
-0.80460
-0.79835
-0.77019
-0.71483
-0.63017
-0.51797
-0.38352
-0.23451
-0.07943
0.07405
0.22026
0.35612
0.48109
0.59670
0.70567
0.81101
0.91516
1.01931
1.12292
1.22354
1.31688
1.39708
1.45739
1.49088
1.49140
1.45432
1.37724
1.26038
1.10677
0.92229
0.71531
0.49616
0.27609
0.06604
-0.12464
-0.28928
-0.42459
-0.53060
-0.61021
-0.66822
-0.71018
-0.74147
-0.76653
-0.78860
-0.80959
-0.83031
-0.85067
-0.87005
-0.88769
-0.90312
-0.91656
-0.92900
-0.94194
-0.95680
-0.97390
-0.99158
-1.00569
-1.00979
-0.99620
-0.95764
-0.88905
-0.78893
-0.65992
-0.50830
-0.34255
-0.17156
-0.00277
0.15896
0.31179
0.45632
0.59443
0.72785
0.85705
0.98063
1.09541
1.19701
1.28078
1.34258
1.37926
1.38879
1.37006
1.32263
1.24654
1.14251
1.01235
0.85952
0.68946
0.50963
0.32895
0.15675
0.00147
-0.13064
-0.23650
-0.31650
-0.37413
-0.41491
-0.44499
-0.46972
-0.49265
-0.51516
-0.53670
-0.55555
-0.56985
-0.57850
-0.58179
-0.58151
-0.58059
-0.58229
-0.58920
-0.60218
-0.61961
-0.63711
-0.64807
-0.64486
-0.62045
-0.57012
-0.49259
-0.39029
-0.26861
-0.13440
0.00569
0.14657
0.28522
0.42042
0.55165
0.67800
0.79717
0.90512
0.99632
1.06445
1.10333
1.10779
1.07446
1.00235
0.89322
0.75178
0.58540
0.40368
0.21737
0.03719
-0.12760
-0.27046
-0.38836
-0.48179
-0.55411
-0.61021
-0.65501
-0.69237
-0.72457
-0.75263
-0.77722
-0.79955
-0.82183
-0.84692
-0.87720
-0.91297
-0.95123
-0.98528
-1.00577
-1.00293
-0.96936
-0.90242
-0.80527
-0.68604
-0.55547
-0.42368
-0.29746
-0.17885
-0.06561
0.04693
0.16350
0.28687
0.41708
0.55172
0.68707
0.81935
0.94559
1.06385
1.17290
1.27158
1.35829
1.43067
1.48570
1.51998
1.53017
1.51336
1.46732
1.39077
1.28365
1.14750
0.98576
0.80397
0.60958
0.41136
0.21850
0.03946
-0.11907
-0.25293
-0.36074
-0.44364
-0.50464
-0.54777
-0.57733
-0.59729
-0.61092
-0.62077
-0.62866
-0.63587
-0.64323
-0.65113
-0.65957
-0.66810
-0.67592
-0.68205
-0.68556
-0.68584
-0.68279
-0.67690
-0.66926
-0.66135
-0.65485
-0.65127
-0.65166
-0.65630
-0.66445
-0.67431
-0.68308
-0.68720
-0.68279
-0.66613
-0.63429
-0.58559
-0.51998
-0.43922
-0.34672
-0.24714
-0.14570
-0.04727
0.04456
0.12810
0.20372
0.27332
0.33931
0.40351
0.46626
0.52629
0.58142
0.62964
0.67027
0.70450
0.73501
0.76478
0.79551
0.82643
0.85404
0.87314
0.87883
0.86888
0.84551
0.81574
0.78992
0.77842
0.78772
0.81684
0.85575
0.88656
0.88761
0.83935
0.73034
0.56125
0.34544
0.10582
-0.13084
-0.34028
-0.50554
-0.61896
-0.68134
-0.69923
-0.68201
-0.63992
-0.58357
-0.52432
-0.47461
-0.44727
-0.45328
-0.49871
-0.58175
-0.69132
-0.80812
-0.90826
-0.96875
-0.97324
-0.91642
-0.80559
-0.65898
-0.50113
-0.35664
-0.24411
-0.17193
-0.13702
-0.12692
-0.12431
-0.11247
-0.07995
-0.02307
0.05437
0.14361
0.23461
0.31938
0.39390
0.45818
0.51480
0.56664
0.61483
0.65768
0.69072
0.70786
0.70305
0.67183
0.61248
0.52636
0.41773
0.29308
0.16038
0.02823
-0.09506
-0.20244
-0.28899
-0.35241
-0.39301
-0.41313
-0.41629
-0.40664
-0.38886
-0.36845
-0.35211
-0.34737
-0.36118
-0.39774
-0.45623
-0.52959
-0.60507
-0.66666
-0.69863
-0.68900
-0.63188
-0.52791
-0.38323
-0.20738
-0.01124
0.19440
0.39952
0.59482
0.77160
0.92175
1.03832
1.11619
1.15283
1.14853
1.10625
1.03099
0.92915
0.80810
0.67585
0.54075
0.41093
0.29343
0.19319
0.11237
0.05017
0.00338
-0.03256
-0.06233
-0.08968
-0.11684
-0.14447
-0.17209
-0.19872
-0.22354
-0.24636
-0.26778
-0.28901
-0.31154
-0.33666
-0.36509
-0.39686
-0.43123
-0.46689
-0.50202
-0.53438
-0.56148
-0.58092
-0.59096
-0.59126
-0.58346
-0.57127
-0.55975
-0.55391
-0.55695
-0.56873
-0.58515
-0.59882
-0.60076
-0.58276
-0.53943
-0.46936
-0.37506
-0.26185
-0.13624
-0.00432
0.12925
0.26164
0.39155
0.51855
0.64230
0.76182
0.87491
0.97794
1.06599
1.13327
1.17384
1.18244
1.15541
1.09135
0.99168
0.86089
0.70652
0.53860
0.36873
0.20857
0.06811
-0.04601
-0.13163
-0.19122
-0.23102
-0.25926
-0.28407
-0.31158
-0.34482
-0.38365
-0.42552
-0.46698
-0.50505
-0.53828
-0.56683
-0.59183
-0.61421
-0.63347
-0.64706
-0.65056
-0.63873
-0.60705
-0.55318
-0.47778
-0.38453
-0.27926
-0.16854
-0.05842
0.04655
0.14367
0.23177
0.31059
0.38012
0.44001
0.48937
0.52686
0.55106
0.56088
0.55593
0.53675
0.50473
0.46202
0.41118
0.35500
0.29610
0.23670
0.17845
0.12238
0.06893
0.01815
-0.03004
-0.07570
-0.11871
-0.15872
-0.19521
-0.22759
-0.25538
-0.27832
-0.29649
-0.31039
-0.32092
-0.32924
-0.33659
-0.34400
-0.35201
-0.36037
-0.36791
-0.37262
-0.37190
-0.36307
-0.34391
-0.31317
-0.27082
-0.21796
-0.15650
-0.08863
-0.01636
0.05872
0.13544
0.21268
0.28910
0.36275
0.43103
0.49084
0.53889
0.57219
0.58855
0.58701
0.56806
0.53364
0.48682
0.43129
0.37078
0.30847
0.24667
0.18667
0.12892
0.07330
0.01948
-0.03269
-0.08300
-0.13083
-0.17523
-0.21520
-0.24996
-0.27916
-0.30303
-0.32219
-0.33751
-0.34977
-0.35952
-0.36707
-0.37263
-0.37660
-0.37972
-0.38308
-0.38777
-0.39442
-0.40260
-0.41048
-0.41490
-0.41180
-0.39708
-0.36760
-0.32205
-0.26143
-0.18894
-0.10935
-0.02790
0.05081
0.12373
0.18981
0.24988
0.30603
0.36067
0.41565
0.47156
0.52739
0.58070
0.62807
0.66573
0.69028
0.69918
0.69107
0.66587
0.62473
0.56973
0.50369
0.42989
0.35177
0.27273
0.19582
0.12358
0.05778
-0.00062
-0.05145
-0.09516
-0.13261
-0.16479
-0.19260
-0.21673
-0.23754
-0.25516
-0.26953
-0.28062
-0.28861
-0.29390
-0.29716
-0.29910
-0.30034
-0.30123
-0.30188
-0.30222
-0.30225
-0.30224
-0.30279
-0.30465
-0.30847
-0.31435
-0.32174
-0.32941
-0.33593
-0.34018
-0.34198
-0.34224
-0.34282
-0.34586
-0.35284
-0.36378
-0.37681
-0.38832
-0.39383
-0.38908
-0.37119
-0.33941
-0.29513
-0.24122
-0.18094
-0.11674
-0.04964
0.02081
0.09583
0.17641
0.26234
0.35195
0.44233
0.53022
0.61282
0.68838
0.75617
0.81598
0.86738
0.90917
0.93927
0.95511
0.95431
0.93537
0.89812
0.84369
0.77428
0.69258
0.60147
0.50374
0.40216
0.29953
0.19877
0.10276
0.01401
-0.06571
-0.13573
-0.19649
-0.24932
-0.29586
-0.33744
-0.37462
-0.40706
-0.43379
-0.45381
-0.46666
-0.47280
-0.47367
-0.47125
-0.46755
-0.46405
-0.46136
-0.45930
-0.45718
-0.45430
-0.45031
-0.44539
-0.44012
-0.43516
-0.43083
-0.42688
-0.42259
-0.41706
-0.40978
-0.40103
-0.39202
-0.38469
-0.38101
-0.38221
-0.38803
-0.39629
-0.40311
-0.40355
-0.39275
-0.36711
-0.32520
-0.26813
-0.19913
-0.12263
-0.04291
0.03698
0.11576
0.19377
0.27225
0.35241
0.43472
0.51865
0.60286
0.68555
0.76478
0.83854
0.90457
0.96011
1.00185
1.02623
1.03010
1.01145
0.97006
0.90779
0.82826
0.73629
0.63696
0.53480
0.43320
0.33426
0.23897
0.14775
0.06097
-0.02063
-0.09579
-0.16291
-0.22043
-0.26726
-0.30318
-0.32896
-0.34632
-0.35752
-0.36496
-0.37064
-0.37585
-0.38103
-0.38585
-0.38957
-0.39141
-0.39096
-0.38834
-0.38427
-0.37983
-0.37620
-0.37438
-0.37492
-0.37788
-0.38281
-0.38886
-0.39501
-0.40035
-0.40430
-0.40685
-0.40864
-0.41088
-0.41496
-0.42207
-0.43266
-0.44601
-0.46007
-0.47168
-0.47712
-0.47289
-0.45650
-0.42694
-0.38477
-0.33172
-0.26996
-0.20140
-0.12720
-0.04782
0.03663
0.12582
0.21878
0.31375
0.40845
0.50058
0.58827
0.67044
0.74679
0.81737
0.88217
0.94048
0.99061
1.02988
1.05491
1.06224
1.04896
1.01336
0.95534
0.87649
0.77993
0.66989
0.55117
0.42864
0.30682
0.18964
0.08025
-0.01902
-0.10672
-0.18214
-0.24528
-0.29669
-0.33742
-0.36892
-0.39295
-0.41148
-0.42651
-0.43979
-0.45261
-0.46554
-0.47842
-0.49038
-0.50013
-0.50631
-0.50791
-0.50450
-0.49641
-0.48461
-0.47053
-0.45585
-0.44225
-0.43131
-0.42440
-0.42255
-0.42635
-0.43577
-0.44998
-0.46721
-0.48471
-0.49894
-0.50590
-0.50165
-0.48284
-0.44720
-0.39377
-0.32295
-0.23620
-0.13579
-0.02440
0.09504
0.21943
0.34546
0.46965
0.58837
0.69795
0.79481
0.87565
0.93752
0.97806
0.99573
0.99005
0.96185
0.91331
0.84771
0.76896
0.68094
0.58690
0.48918
0.38925
0.28816
0.18701
0.08737
-0.00868
-0.09877
-0.18065
-0.25264
-0.31389
-0.36458
-0.40576
-0.43923
-0.46725
-0.49226
-0.51652
-0.54177
-0.56878
-0.59697
-0.62418
-0.64671
-0.65975
-0.65822
-0.63787
-0.59647
-0.53454
-0.45557
-0.36537
-0.27075
-0.17791
-0.09095
-0.01103
0.06356
0.13639
0.21137
0.29103
0.37537
0.46138
0.54363
0.61542
0.67040
0.70397
0.71418
0.70195
0.67058
0.62485
0.56977
0.50964
0.44725
0.38377
0.31899
0.25199
0.18198
0.10891
0.03383
-0.04125
-0.11378
-0.18138
-0.24241
-0.29634
-0.34380
-0.38624
-0.42531
-0.46236
-0.49806
-0.53235
-0.56475
-0.59485
-0.62253
-0.64796
-0.67112
-0.69110
-0.70555
-0.71049
-0.70086
-0.67156
-0.61890
-0.54187
-0.44281
-0.32717
-0.20242
-0.07631
0.04486
0.15743
0.26073
0.35645
0.44730
0.53548
0.62146
0.70345
0.77763
0.83909
0.88313
0.90643
0.90782
0.88841
0.85118
0.80011
0.73924
0.67193
0.60044
0.52596
0.44892
0.36948
0.28796
0.20514
0.12235
0.04134
-0.03597
-0.10781
-0.17284
-0.23041
-0.28058
-0.32401
-0.36166
-0.39455
-0.42350
-0.44903
-0.47146
-0.49115
-0.50868
-0.52485
-0.54059
-0.55648
-0.57229
-0.58652
-0.59635
-0.59800
-0.58752
-0.56179
-0.51934
-0.46082
-0.38874
-0.30683
-0.21922
-0.12971
-0.04147
0.04299
0.12166
0.19290
0.25566
0.30972
0.35590
0.39598
0.43206
0.46562
0.49654
0.52238
0.53853
0.53914
0.51869
0.47387
0.40498
0.31649
0.21637
