1.24000
1.40000
1.44000
1.68000
1.20000
1.00000
1.04000
1.20000
1.20000
1.08000
1.24000
1.30000
1.22000
1.32000
1.20000
1.16000
1.00000
1.16000
1.30000
1.06000
1.20000
1.30000
1.06000
0.96000
1.12000
1.00000
1.06000
0.98000
1.08000
1.30000
1.40000
1.36000
1.08000
1.14000
1.28000
1.18000
1.12000
1.08000
1.26000
1.28000
1.10000
1.04000
1.04000
1.02000
1.06000
1.04000
1.06000
1.04000
1.14000
1.62000
0.98000
0.98000
1.08000
1.14000
1.06000
1.38000
1.46000
0.52000
0.70000
0.72000
0.88000
1.00000
1.04000
1.08000
1.08000
0.98000
0.98000
0.88000
1.04000
1.00000
1.06000
1.10000
1.08000
1.04000
1.06000
1.06000
1.06000
0.96000
1.08000
1.14000
1.08000
1.04000
1.00000
1.02000
1.02000
1.02000
1.06000
1.08000
1.02000
1.00000
0.94000
0.92000
1.02000
1.02000
0.98000
1.04000
1.00000
0.96000
0.98000
1.08000
1.12000
0.92000
1.02000
1.12000
0.98000
1.10000
1.08000
1.10000
1.04000
1.08000
1.08000
1.02000
1.08000
1.06000
1.08000
0.98000
1.04000
1.08000
1.02000
1.10000
1.00000
0.98000
1.06000
1.10000
1.06000
1.10000
1.14000
