62.00000
129.00000
190.00000
252.00000
315.00000
391.00000
472.00000
531.00000
586.00000
649.00000
718.00000
781.00000
838.00000
896.00000
958.00000
1020.00000
1084.00000
1146.00000
1207.00000
1260.00000
1311.00000
1366.00000
1422.00000
1483.00000
1540.00000
1597.00000
1658.00000
1718.00000
1768.00000
1822.00000
1870.00000
1907.00000
1943.00000
1984.00000
2027.00000
2072.00000
2125.00000
2185.00000
2236.00000
2284.00000
2332.00000
2378.00000
2431.00000
2485.00000
2535.00000
2583.00000
2630.00000
2683.00000
2737.00000
2791.00000
2851.00000
2910.00000
2973.00000
3036.00000
3101.00000
3167.00000
3233.00000
3296.00000
3360.00000
3420.00000
3487.00000
3553.00000
3619.00000
3691.00000
3769.00000
3845.00000
3922.00000
4007.00000
4057.00000
4095.00000
4128.00000
4171.00000
4208.00000
4251.00000
4300.00000
4354.00000
4413.00000
4475.00000
4531.00000
4589.00000
4657.00000
4728.00000
4787.00000
4844.00000
4900.00000
4947.00000
4992.00000
5051.00000
5139.00000
5207.00000
5275.00000
5347.00000
5419.00000
5485.00000
5552.00000
5619.00000
5693.00000
5764.00000
5828.00000
5892.00000
5945.00000
6012.00000
6079.00000
6148.00000
6216.00000
6296.00000
6364.00000
6437.00000
6510.00000
6585.00000
6660.00000
6736.00000
6803.00000
6866.00000
6927.00000
6992.00000
7055.00000
7121.00000
7173.00000
7225.00000
7287.00000
7346.00000
7404.00000
7472.00000
7527.00000
7583.00000
7640.00000
7700.00000
7751.00000
7808.00000
7874.00000
7932.00000
7994.00000
8058.00000
8120.00000
8179.00000
8242.00000
8313.00000
8379.00000
8445.00000
8515.00000
8572.00000
8626.00000
8693.00000
8760.00000
8823.00000
8882.00000
8947.00000
9016.00000
9088.00000
9152.00000
9216.00000
9280.00000
9348.00000
9413.00000
9485.00000
9549.00000
9616.00000
9683.00000
9745.00000
9803.00000
9862.00000
9924.00000
9983.00000
