12.00000
71.00000
123.00000
173.00000
227.00000
282.00000
335.00000
389.00000
447.00000
505.00000
561.00000
616.00000
665.00000
714.00000
757.00000
802.00000
853.00000
908.00000
966.00000
1023.00000
1078.00000
1130.00000
1178.00000
1226.00000
1277.00000
1334.00000
1398.00000
1465.00000
1534.00000
1605.00000
1677.00000
1743.00000
1808.00000
1863.00000
1929.00000
1988.00000
2046.00000
2097.00000
2148.00000
2204.00000
2267.00000
2331.00000
2388.00000
2440.00000
2495.00000
2550.00000
2608.00000
2673.00000
2740.00000
2803.00000
2861.00000
2917.00000
2968.00000
3015.00000
3064.00000
3120.00000
3182.00000
3253.00000
3318.00000
3370.00000
3419.00000
3470.00000
3520.00000
3571.00000
3623.00000
3666.00000
3709.00000
3754.00000
3807.00000
3861.00000
3913.00000
3968.00000
4027.00000
4078.00000
4133.00000
4196.00000
4258.00000
4315.00000
4369.00000
4419.00000
4464.00000
4522.00000
4585.00000
4632.00000
4680.00000
4727.00000
4778.00000
4835.00000
4887.00000
4935.00000
4986.00000
5037.00000
5086.00000
5129.00000
5177.00000
5229.00000
5282.00000
5338.00000
5396.00000
5454.00000
5507.00000
5557.00000
5605.00000
5656.00000
5706.00000
5759.00000
5812.00000
5865.00000
5906.00000
5951.00000
6004.00000
6056.00000
6104.00000
6158.00000
6214.00000
6264.00000
6315.00000
6366.00000
6421.00000
6482.00000
6535.00000
6588.00000
6640.00000
6691.00000
6739.00000
6785.00000
6841.00000
6893.00000
6951.00000
7004.00000
7063.00000
7114.00000
7163.00000
7218.00000
7272.00000
7323.00000
7370.00000
7416.00000
7468.00000
7525.00000
7582.00000
7638.00000
7689.00000
7745.00000
7798.00000
7853.00000
7905.00000
7956.00000
8010.00000
8065.00000
8120.00000
8176.00000
8240.00000
8303.00000
8364.00000
8414.00000
8466.00000
