0.05508
0.13215
0.20775
0.28064
0.35041
0.41722
0.48123
0.54187
0.59751
0.64556
0.68307
0.70759
0.71795
0.71466
0.69987
0.67689
0.64943
0.62080
0.59328
0.56779
0.54390
0.52010
0.49429
0.46429
0.42820
0.38479
0.33361
0.27506
0.21038
0.14152
0.07085
0.00083
-0.06654
-0.13013
-0.18999
-0.24730
-0.30397
-0.36202
-0.42287
-0.48690
-0.55335
-0.62052
-0.68627
-0.74841
-0.80492
-0.85393
-0.89348
-0.92130
-0.93486
-0.93170
-0.91008
-0.86951
-0.81107
-0.73715
-0.65084
-0.55509
-0.45204
-0.34285
-0.22808
-0.10840
0.01468
0.13838
0.25885
0.37183
0.47346
0.56098
0.63297
0.68920
0.73020
0.75698
0.77080
0.77318
0.76594
0.75105
0.73033
0.70503
0.67548
0.64103
0.60041
0.55240
0.49655
0.43382
0.36657
0.29812
0.23180
0.16993
0.11313
0.06017
0.00854
-0.04459
-0.10135
-0.16235
-0.22655
-0.29162
-0.35473
-0.41353
-0.46673
-0.51433
-0.55718
-0.59626
-0.63181
-0.66280
-0.68683
-0.70062
-0.70085
-0.68503
-0.65213
-0.60266
-0.53834
-0.46142
-0.37407
-0.27807
-0.17494
-0.06634
0.04540
0.15701
0.26439
0.36305
0.44881
0.51844
0.57006
0.60330
0.61910
0.61937
0.60664
0.58362
0.55299
0.51707
0.47772
0.43618
0.39309
0.34851
0.30218
0.25367
0.20278
0.14978
0.09559
0.04181
-0.00962
-0.05682
-0.09855
-0.13464
-0.16612
-0.19510
-0.22424
-0.25612
-0.29253
-0.33402
-0.37966
-0.42716
-0.47321
-0.51407
-0.54611
-0.56628
-0.57250
-0.56384
-0.54049
-0.50348
-0.45434
-0.39457
-0.32532
-0.24728
-0.16092
-0.06693
0.03313
0.13648
0.23909
0.33615
0.42289
0.49546
0.55159
0.59083
0.61420
0.62366
0.62137
0.60922
0.58865
0.56078
0.52661
0.48725
0.44393
0.39782
0.34969
0.29960
0.24678
0.18997
0.12793
0.06028
-0.01194
-0.08604
-0.15806
-0.22367
-0.27923
-0.32274
-0.35433
-0.37614
-0.39170
-0.40505
-0.41990
-0.43899
-0.46375
-0.49425
-0.52918
-0.56592
-0.60068
-0.62881
-0.64536
-0.64589
-0.62734
-0.58871
-0.53140
-0.45880
-0.37552
-0.28618
-0.19435
-0.10196
-0.00926
0.08457
0.18048
0.27868
0.37794
0.47553
0.56749
0.64933
0.71685
0.76689
0.79785
0.80992
0.80496
0.78600
0.75667
0.72054
0.68044
0.63808
0.59378
0.54661
0.49468
0.43571
0.36777
0.28997
0.20295
0.10912
0.01234
-0.08267
-0.17129
-0.24993
-0.31669
-0.37162
-0.41647
-0.45417
-0.48809
-0.52137
-0.55641
-0.59463
-0.63625
-0.68025
-0.72434
-0.76500
-0.79776
-0.81770
-0.82024
-0.80215
-0.76228
-0.70205
-0.62514
-0.53668
-0.44202
-0.34547
-0.24944
-0.15430
-0.05885
0.03865
0.13943
0.24333
0.34849
0.45153
0.54814
0.63385
0.70480
0.75831
0.79328
0.81028
0.81142
0.79992
0.77944
0.75340
0.72427
0.69308
0.65929
0.62099
0.57553
0.52027
0.45346
0.37488
0.28616
0.19073
0.09319
-0.00153
-0.08924
-0.16731
-0.23510
-0.29384
-0.34601
-0.39437
-0.44118
-0.48755
-0.53341
-0.57778
-0.61925
-0.65649
-0.68840
-0.71404
-0.73235
-0.74180
-0.74032
-0.72557
-0.69543
-0.64865
-0.58535
-0.50709
-0.41655
-0.31689
-0.21113
-0.10167
0.00967
0.12148
0.23228
0.34018
0.44278
0.53723
0.62055
0.69005
0.74363
0.78010
0.79930
0.80205
0.79003
0.76543
0.73063
0.68777
0.63841
0.58338
0.52268
0.45576
0.38187
0.30064
0.21245
0.11883
0.02242
-0.07323
-0.16423
-0.24699
-0.31885
-0.37855
-0.42638
-0.46401
-0.49417
-0.52011
-0.54517
-0.57232
-0.60375
-0.64033
-0.68123
-0.72359
-0.76269
-0.79256
-0.80707
-0.80129
-0.77261
-0.72135
-0.65062
-0.56534
-0.47095
-0.37203
-0.27148
-0.17032
-0.06817
0.03594
0.14261
0.25143
0.36081
0.46813
0.57029
0.66424
0.74747
0.81819
0.87525
0.91797
0.94594
0.95902
0.95746
0.94213
0.91462
0.87709
0.83184
0.78077
0.72480
0.66368
0.59622
0.52094
0.43693
0.34458
0.24586
0.14404
0.04292
-0.05407
-0.14473
-0.22841
-0.30588
-0.37873
-0.44848
-0.51592
-0.58075
-0.64181
-0.69765
-0.74731
-0.79084
-0.82947
-0.86504
-0.89919
-0.93224
-0.96247
-0.98588
-0.99678
-0.98901
-0.95753
-0.89987
-0.81698
-0.71313
-0.59501
-0.47016
-0.34532
-0.22520
-0.11188
-0.00505
0.09720
0.19733
0.29737
0.39826
0.49959
0.59957
0.69530
0.78314
0.85913
0.91959
0.96163
0.98370
0.98583
0.96970
0.93836
0.89563
0.84543
0.79109
0.73480
0.67742
0.61855
0.55694
0.49099
0.41934
0.34141
0.25763
0.16958
0.07969
-0.00922
-0.09453
-0.17432
-0.24772
-0.31485
-0.37651
-0.43357
-0.48647
-0.53492
-0.57799
-0.61463
-0.64448
-0.66845
-0.68889
-0.70912
-0.73227
-0.75986
-0.79064
-0.82013
-0.84115
-0.84538
-0.82547
-0.77717
-0.70063
-0.60056
-0.48506
-0.36353
-0.24432
-0.13289
-0.03098
0.06312
0.15329
0.24388
0.33814
0.43713
0.53939
0.64127
0.73768
0.82304
0.89217
0.94100
0.96705
0.96972
0.95030
0.91182
0.85849
0.79509
0.72608
0.65487
0.58324
0.51136
0.43811
0.36186
0.28130
0.19607
0.10698
0.01585
-0.07489
-0.16271
-0.24537
-0.32113
-0.38888
-0.44810
-0.49885
-0.54173
-0.57788
-0.60898
-0.63717
-0.66480
-0.69402
-0.72616
-0.76112
-0.79695
-0.82976
-0.85419
-0.86432
-0.85488
-0.82248
-0.76646
-0.68906
-0.59489
-0.48982
-0.37964
-0.26887
-0.16004
-0.05366
0.05124
0.15626
0.26273
0.37098
0.48009
0.58784
0.69100
0.78566
0.86764
0.93299
0.97851
1.00237
1.00450
0.98673
0.95251
0.90618
0.85198
0.79311
0.73111
0.66575
0.59549
0.51839
0.43310
0.33962
0.23956
0.13595
0.03258
-0.06679
-0.15913
-0.24249
-0.31613
-0.38029
-0.43587
-0.48408
-0.52629
-0.56383
-0.59800
-0.63004
-0.66104
-0.69174
-0.72238
-0.75242
-0.78039
-0.80389
-0.81963
-0.82381
-0.81267
-0.78312
-0.73350
-0.66409
-0.57740
-0.47783
-0.37093
-0.26224
-0.15608
-0.05456
0.04263
0.13777
0.23390
0.33339
0.43674
0.54191
0.64455
0.73885
0.81883
0.87964
0.91856
0.93531
0.93172
0.91083
0.87584
0.82922
0.77224
0.70516
0.62774
0.54000
0.44279
0.33811
0.22893
0.11880
0.01120
-0.09094
-0.18557
-0.27168
-0.34912
-0.41848
-0.48086
-0.53764
-0.59026
-0.63998
-0.68755
-0.73288
-0.77473
-0.81046
-0.83617
-0.84710
-0.83853
-0.80682
-0.75042
-0.67059
-0.57133
-0.45878
-0.34000
-0.22154
-0.10820
-0.00232
0.09620
0.18925
0.27934
0.36829
0.45626
0.54118
0.61903
0.68463
0.73293
0.76036
0.76580
0.75103
0.72033
0.67955
0.63469
0.59053
0.54969
0.51215
0.47551
0.43584
0.38879
0.33091
0.26059
0.17867
0.08840
-0.00527
-0.09666
-0.18064
-0.25361
-0.31404
-0.36255
-0.40139
-0.43374
-0.46292
-0.49176
-0.52207
-0.55434
-0.58743
-0.61841
-0.64272
-0.65469
-0.64854
-0.61972
-0.56623
-0.48949
-0.39444
-0.28862
-0.18051
-0.07753
0.01553
0.09733
0.16948
0.23529
0.29792
0.35887
0.41722
0.46984
0.51240
0.54072
0.55198
0.54535
0.52200
0.48448
0.43594
0.37929
0.31689
0.25052
0.18172
0.11216
0.04385
-0.02102
-0.08053
-0.13370
-0.18101
-0.22449
-0.26728
-0.31258
-0.36235
-0.41609
-0.47025
-0.51852
-0.55310
-0.56658
-0.55394
-0.51396
-0.44972
-0.36791
-0.27717
-0.18602
-0.10100
-0.02541
0.04092
0.10091
0.15884
0.21883
0.28343
0.35278
0.42448
0.49409
0.55611
0.60520
0.63727
0.65025
0.64438
0.62186
0.58614
0.54101
0.48965
0.43414
0.37519
0.31252
0.24530
0.17287
0.09512
0.01277
-0.07284
-0.16007
-0.24747
-0.33406
-0.41932
-0.50283
-0.58374
-0.66013
-0.72871
-0.78492
-0.82355
-0.83972
-0.82998
-0.79332
-0.73156
-0.64922
-0.55267
-0.44885
-0.34391
-0.24202
-0.14483
-0.05162
0.03991
0.13241
0.22767
0.32569
0.42434
0.51963
0.60647
0.67980
0.73561
0.77181
0.78852
0.78791
0.77344
0.74888
0.71741
0.68083
0.63943
0.59219
0.53747
0.47369
0.40009
0.31698
0.22585
0.12912
0.02970
-0.06945
-0.16576
-0.25742
-0.34358
-0.42451
-0.50139
-0.57593
-0.64978
-0.72371
-0.79696
-0.86671
-0.92813
-0.97489
-1.00029
-0.99872
-0.96709
-0.90575
-0.81865
-0.71248
-0.59511
-0.47386
-0.35407
-0.23844
-0.12729
-0.01939
0.08690
0.19276
0.29841
0.40307
0.50515
0.60254
0.69283
0.77339
0.84145
0.89430
0.92958
0.94583
0.94297
0.92265
0.88819
0.84409
0.79507
0.74498
0.69579
0.64713
0.59645
0.53983
0.47323
0.39374
0.30042
0.19463
0.07969
-0.03982
-0.15894
-0.27312
-0.37880
-0.47378
-0.55736
-0.63035
-0.69491
-0.75414
-0.81149
-0.86982
-0.93037
-0.99182
-1.04974
-1.09691
-1.12447
-1.12382
-1.08890
-1.01797
-0.91442
-0.78614
-0.64371
-0.49787
-0.35707
-0.22607
-0.10561
0.00657
0.11416
0.22068
0.32828
0.43737
0.54672
0.65391
0.75585
0.84911
0.93018
0.99567
1.04266
1.06914
1.07459
1.06027
1.02930
0.98605
0.93531
0.88106
0.82563
0.76914
0.70978
0.64464
0.57083
0.48660
0.39198
0.28882
0.18025
0.06982
-0.03928
-0.14473
-0.24516
-0.33991
-0.42874
-0.51162
-0.58872
-0.66060
-0.72827
-0.79300
-0.85583
-0.91682
-0.97441
-1.02524
-1.06458
-1.08741
-1.08980
-1.07002
-1.02908
-0.97041
-0.89876
-0.81884
-0.73412
-0.64618
-0.55490
-0.45916
-0.35785
-0.25069
-0.13860
-0.02352
0.09210
0.20589
0.31603
0.42128
0.52082
0.61384
0.69923
0.77543
0.84060
0.89296
0.93126
0.95521
0.96555
0.96392
0.95245
0.93323
0.90790
0.87738
0.84187
0.80111
0.75478
0.70279
0.64553
0.58364
0.51774
0.44795
0.37361
0.29331
0.20533
0.10826
0.00180
-0.11282
-0.23271
-0.35387
-0.47192
-0.58310
-0.68488
-0.77621
-0.85720
-0.92852
-0.99053
-1.04273
-1.08336
-1.10960
-1.11803
-1.10553
-1.07009
-1.01153
-0.93170
-0.83429
-0.72409
-0.60613
-0.48470
-0.36280
-0.24191
-0.12231
-0.00370
0.11398
0.22996
0.34228
0.44803
0.54394
0.62717
0.69601
0.75024
0.79105
0.82051
0.84082
0.85362
0.85960
0.85857
0.84978
0.83253
0.80660
0.77249
0.73138
0.68479
0.63417
0.58047
0.52380
0.46343
0.39787
0.32528
0.24385
0.15234
0.05042
-0.06098
-0.17969
-0.30246
-0.42535
-0.54432
-0.65579
-0.75705
-0.84646
-0.92337
-0.98767
-1.03923
-1.07725
-1.09994
-1.10457
-1.08814
-1.04832
-0.98452
-0.89848
-0.79426
-0.67749
-0.55423
-0.42970
-0.30743
-0.18899
-0.07433
0.03750
0.14748
0.25596
0.36231
0.46500
0.56193
0.65086
0.72982
0.79728
0.85230
0.89441
0.92347
0.93957
0.94301
0.93435
0.91452
0.88489
0.84720
0.80330
0.75490
0.70326
0.64892
0.59155
0.52996
0.46217
0.38575
0.29828
0.19801
0.08451
-0.04073
-0.17417
-0.31057
-0.44389
-0.56860
-0.68087
-0.77929
-0.86464
-0.93893
-1.00382
-1.05915
-1.10216
-1.12776
-1.12988
-1.10340
-1.04601
-0.95929
-0.84870
-0.72229
-0.58884
-0.45596
-0.32871
-0.20923
-0.09721
0.00908
0.11156
0.21148
0.30892
0.40287
0.49151
0.57278
0.64466
0.70546
0.75377
0.78852
0.80896
0.81481
0.80652
0.78539
0.75369
0.71438
0.67077
0.62582
0.58161
0.53880
0.49650
0.45250
0.40380
0.34736
0.28082
0.20299
0.11406
0.01549
-0.09035
-0.20067
-0.31271
-0.42402
-0.53253
-0.63637
-0.73352
-0.82147
-0.89692
-0.95576
-0.99341
-1.00547
-0.98872
-0.94203
-0.86698
-0.76789
-0.65119
-0.52419
-0.39374
-0.26511
-0.14129
-0.02306
0.09035
0.20018
0.30705
0.41012
0.50682
0.59320
0.66497
0.71862
0.75250
0.76735
0.76615
0.75327
0.73334
0.71003
0.68513
0.65838
0.62778
0.59047
0.54380
0.48624
0.41786
0.34026
0.25610
0.16823
0.07894
-0.01062
-0.10055
-0.19193
-0.28624
-0.38468
-0.48748
-0.59344
-0.69958
-0.80115
-0.89193
-0.96481
-1.01280
-1.03013
-1.01340
-0.96236
-0.88008
-0.77254
-0.64744
-0.51278
-0.37544
-0.24024
-0.10972
0.01544
0.13553
0.25080
0.36074
0.46372
0.55718
0.63804
0.70331
0.75067
0.77891
0.78810
0.77952
0.75549
0.71902
0.67355
0.62258
0.56939
0.51660
0.46588
0.41758
0.37066
0.32286
0.27121
0.21280
0.14568
0.06949
-0.01429
-0.10263
-0.19181
-0.27834
-0.35993
-0.43596
-0.50737
-0.57613
-0.64416
-0.71230
-0.77938
-0.84184
-0.89404
-0.92915
-0.94055
-0.92322
-0.87483
-0.79633
-0.69169
-0.56718
-0.43019
-0.28803
-0.14698
-0.01163
0.11527
0.23262
0.34049
0.43955
0.53049
0.61352
0.68810
0.75284
0.80578
0.84478
0.86810
0.87487
0.86535
0.84095
0.80396
0.75719
0.70347
0.64540
0.58512
0.52432
0.46420
0.40551
0.34835
0.29214
0.23550
0.17649
0.11300
0.04336
-0.03318
-0.11606
-0.20344
-0.29253
-0.38009
-0.46310
-0.53931
-0.60774
-0.66893
-0.72484
-0.77840
-0.83258
-0.88917
-0.94757
-1.00402
-1.05175
-1.08210
-1.08658
-1.05907
-0.99765
-0.90527
-0.78904
-0.65849
-0.52325
-0.39097
-0.26613
-0.14978
-0.04032
0.06532
0.17036
0.27719
0.38668
0.49803
0.60884
0.71545
0.81343
0.89813
0.96538
1.01198
1.03624
1.03821
1.01977
0.98434
0.93654
0.88151
0.82416
0.76848
0.71696
0.67039
0.62803
0.58811
0.54858
0.50771
0.46447
0.41856
0.36997
0.31855
0.26341
0.20277
0.13409
0.05466
-0.03747
-0.14269
-0.25921
-0.38314
-0.50912
-0.63156
-0.74580
-0.84907
-0.94067
-1.02144
-1.09261
-1.15463
-1.20630
-1.24460
-1.26541
-1.26471
-1.23997
-1.19111
-1.12069
-1.03331
-0.93439
-0.82891
-0.72041
-0.61074
-0.50035
-0.38909
-0.27684
-0.16395
-0.05118
0.06060
0.17081
0.27931
0.38624
0.49168
0.59523
0.69569
0.79107
0.87874
0.95591
1.02004
1.06931
1.10286
1.12086
1.12429
1.11474
1.09408
1.06431
1.02754
0.98607
0.94239
0.89906
0.85828
0.82128
0.78758
0.75461
0.71776
0.67115
0.60897
0.52708
0.42432
0.30321
0.16954
0.03112
-0.10413
-0.22996
-0.34296
-0.44280
-0.53152
-0.61222
-0.68763
-0.75914
-0.82640
-0.88775
-0.94121
-0.98559
-1.02137
-1.05091
-1.07782
-1.10575
-1.13681
-1.17037
-1.20270
-1.22755
-1.23781
-1.22747
-1.19335
-1.13597
-1.05917
-0.96879
-0.87075
-0.76936
-0.66643
-0.56125
-0.45155
-0.33477
-0.20930
-0.07506
0.06639
0.21239
0.35981
0.50569
0.64749
0.78318
0.91092
1.02873
1.13416
1.22421
1.29568
1.34576
1.37287
1.37731
1.36150
1.32962
1.28681
1.23802
1.18697
1.13557
1.08375
1.02985
0.97140
0.90595
0.83169
0.74796
0.65518
0.55474
0.44854
0.33865
0.22697
0.11508
0.00418
-0.10486
-0.21135
-0.31469
-0.41427
-0.50937
-0.59907
-0.68222
-0.75745
-0.82333
-0.87860
-0.92261
-0.95565
-0.97930
-0.99647
-1.01102
-1.02704
-1.04779
-1.07457
-1.10598
-1.13767
-1.16301
-1.17443
-1.16516
-1.13105
-1.07159
-0.99004
-0.89255
-0.78640
-0.67816
-0.57223
-0.47020
-0.37122
-0.27293
-0.17270
-0.06854
0.04036
0.15367
0.27021
0.38837
0.50643
0.62260
0.73506
0.84179
0.94058
1.02905
1.10489
1.16601
1.21085
1.23855
1.24917
1.24365
1.22381
1.19204
1.15095
1.10289
1.04964
0.99211
0.93044
0.86414
0.79261
0.71547
0.63289
0.54568
0.45520
0.36302
0.27071
0.17958
0.09056
0.00425
-0.07903
-0.15908
-0.23578
-0.30901
-0.37867
-0.44474
-0.50723
-0.56617
-0.62155
-0.67326
-0.72118
-0.76531
-0.80595
-0.84379
-0.87996
-0.91585
-0.95275
-0.99134
-1.03124
-1.07065
-1.10628
-1.13362
-1.14769
-1.14391
-1.11913
-1.07241
-1.00534
-0.92176
-0.82684
-0.72579
-0.62263
-0.51928
-0.41549
-0.30941
-0.19878
-0.08220
0.04005
0.16572
0.29116
0.41225
0.52542
0.62839
0.72039
0.80184
0.87385
0.93749
0.99330
1.04099
1.07954
1.10743
1.12324
1.12611
1.11614
1.09458
1.06364
1.02614
0.98497
0.94250
0.90013
0.85793
0.81453
0.76740
0.71333
0.64923
0.57303
0.48440
0.38514
0.27901
0.17102
0.06637
-0.03065
-0.11738
-0.19307
-0.25864
-0.31604
-0.36762
-0.41543
-0.46092
-0.50476
-0.54692
-0.58691
-0.62408
-0.65783
-0.68774
-0.71370
-0.73579
-0.75431
-0.76971
-0.78270
-0.79424
-0.80571
-0.81874
-0.83500
-0.85557
-0.88025
-0.90688
-0.93108
-0.94662
-0.94662
-0.92510
-0.87874
-0.80793
-0.71690
-0.61266
-0.50303
-0.39460
-0.29111
-0.19289
-0.09747
-0.00103
0.10001
0.20756
0.32134
0.43900
0.55690
0.67102
0.77763
0.87371
0.95697
1.02580
1.07926
1.11708
1.13982
1.14881
1.14595
1.13336
1.11286
1.08564
1.05199
1.01141
0.96286
0.90522
0.83778
0.76059
0.67464
0.58189
0.48500
0.38689
0.29023
0.19685
0.10743
0.02144
-0.06247
-0.14584
-0.22975
-0.31427
-0.39827
-0.47952
-0.55514
-0.62222
-0.67837
-0.72229
-0.75401
-0.77490
-0.78739
-0.79458
-0.79968
-0.80556
-0.81444
-0.82754
-0.84502
-0.86586
-0.88788
-0.90784
-0.92171
-0.92509
-0.91389
-0.88501
-0.83701
-0.77046
-0.68790
-0.59324
-0.49089
-0.38467
-0.27704
-0.16880
-0.05940
0.05228
0.16709
0.28491
0.40442
0.52329
0.63851
0.74679
0.84483
0.92949
0.99808
1.04863
1.08029
1.09362
1.09060
1.07430
1.04808
1.01476
0.97577
0.93082
0.87814
0.81530
0.74032
0.65283
0.55464
0.44973
0.34345
0.24126
0.14743
0.06410
-0.00899
-0.07392
-0.13357
-0.19049
-0.24608
-0.30029
-0.35192
-0.39930
-0.44101
-0.47639
-0.50575
-0.53021
-0.55123
-0.57020
-0.58815
-0.60564
-0.62299
-0.64049
-0.65869
-0.67832
-0.70006
-0.72405
-0.74932
-0.77347
-0.79271
-0.80232
-0.79748
-0.77425
-0.73036
-0.66566
-0.58216
-0.48344
-0.37399
-0.25829
-0.14021
-0.02256
0.09295
0.20555
0.31507
0.42150
0.52457
0.62338
0.71618
0.80042
0.87310
0.93132
0.97296
0.99710
1.00424
0.99602
0.97467
0.94234
0.90054
0.84989
0.79025
0.72120
0.64258
0.55500
0.46004
0.36013
0.25818
0.15707
0.05914
-0.03410
-0.12211
-0.20518
-0.28410
-0.35975
-0.43271
-0.50303
-0.57027
-0.63368
-0.69250
-0.74613
-0.79415
-0.83605
-0.87089
-0.89693
-0.91161
-0.91184
-0.89466
-0.85809
-0.80194
-0.72828
-0.64129
-0.54654
-0.44982
-0.35580
-0.26704
-0.18356
-0.10317
-0.02245
0.06192
0.15195
0.24752
0.34618
0.44358
0.53441
0.61351
0.67696
0.72275
0.75111
0.76414
0.76521
0.75800
0.74568
0.73037
0.71289
0.69301
0.66994
0.64279
0.61106
0.57475
0.53424
0.49004
0.44247
0.39158
0.33724
0.27943
0.21852
0.15533
0.09096
0.02640
-0.03797
-0.10246
-0.16796
-0.23534
-0.30467
-0.37476
-0.44298
-0.50578
-0.55965
-0.60211
-0.63249
-0.65226
-0.66464
-0.67392
-0.68451
-0.69998
-0.72236
-0.75152
-0.78499
-0.81797
-0.84392
-0.85560
-0.84654
-0.81262
-0.75327
-0.67183
-0.57484
-0.47044
-0.36628
-0.26764
-0.17635
-0.09086
-0.00726
0.07903
0.17154
0.27151
0.37748
0.48561
0.59066
0.68725
0.77097
0.83919
0.89125
0.92821
0.95217
0.96546
0.96991
0.96651
0.95541
0.93616
0.90822
0.87139
0.82598
0.77290
0.71349
0.64919
0.58132
0.51086
0.43836
0.36403
0.28789
0.21001
0.13068
0.05056
-0.02944
-0.10834
-0.18537
-0.26014
-0.33272
-0.40351
-0.47306
-0.54191
-0.61055
-0.67949
-0.74930
-0.82050
-0.89324
-0.96661
-1.03800
-1.10264
-1.15379
-1.18371
-1.18523
-1.15363
-1.08808
-0.99217
-0.87326
-0.74070
-0.60367
-0.46918
-0.34101
-0.21970
-0.10363
0.00953
0.12142
0.23218
0.34033
0.44326
0.53793
0.62164
0.69248
0.74944
0.79222
0.82095
0.83594
0.83760
0.82661
0.80418
0.77235
0.73404
0.69280
0.65225
0.61530
0.58348
0.55656
0.53264
0.50870
0.48139
0.44791
0.40652
0.35678
0.29938
0.23578
0.16787
0.09769
0.02728
-0.04148
-0.10708
-0.16866
-0.22639
-0.28165
-0.33697
-0.39543
-0.45984
-0.53169
-0.61023
-0.69210
-0.77149
-0.84102
-0.89303
-0.92110
-0.92127
-0.89286
-0.83844
-0.76324
-0.67399
-0.57752
-0.47954
-0.38380
-0.29176
-0.20293
-0.11567
-0.02820
0.06047
0.14997
0.23843
0.32288
0.39987
0.46620
0.51958
0.55900
0.58477
0.59834
0.60180
0.59746
0.58731
0.57280
0.55466
0.53300
0.50749
0.47766
0.44316
0.40401
0.36078
0.31454
0.26669
0.21864
0.17145
0.12562
0.08092
0.03639
-0.00948
-0.05849
-0.11250
-0.17312
-0.24138
-0.31742
-0.40009
-0.48666
-0.57272
-0.65236
-0.71876
-0.76508
-0.78562
-0.77693
-0.73862
-0.67363
-0.58784
-0.48892
-0.38484
-0.28221
-0.18520
-0.09500
-0.01030
0.07165
0.15361
0.23703
0.32123
0.40327
0.47867
0.54251
0.59084
0.62176
0.63591
0.63618
0.62677
0.61188
0.59456
0.57598
0.55546
0.53116
0.50107
0.46393
0.41978
0.36986
0.31601
0.26001
0.20296
0.14512
0.08618
0.02568
-0.03658
-0.10043
-0.16560
-0.23217
-0.30095
-0.37356
-0.45195
-0.53747
-0.62973
-0.72571
-0.81943
-0.90252
-0.96563
-1.00034
-1.00111
-0.96653
-0.89965
-0.80712
-0.69747
-0.57908
-0.45853
-0.33963
-0.22355
-0.10958
0.00359
0.11672
0.22923
0.33894
0.44240
0.53550
0.61428
0.67567
0.71797
0.74119
0.74694
0.73815
0.71866
0.69254
0.66356
0.63459
0.60723
0.58163
0.55661
0.53005
0.49953
0.46308
0.41980
0.37021
0.31606
0.25987
0.20406
0.15026
0.09872
0.04825
-0.00345
-0.05911
-0.12106
-0.19059
-0.26761
-0.35081
-0.43812
-0.52740
-0.61679
-0.70481
-0.78995
-0.87000
-0.94144
-0.99921
-1.03710
-1.04881
-1.02947
-0.97710
-0.89341
-0.78379
-0.65623
-0.51960
-0.38174
-0.24812
-0.12121
-0.00094
0.11422
0.22582
0.33425
0.43808
0.53428
0.61901
0.68876
0.74139
0.77671
0.79652
0.80398
0.80279
0.79621
0.78640
0.77416
0.75913
0.74039
0.71702
0.68872
0.65592
0.61962
0.58099
0.54087
0.49947
0.45633
0.41060
0.36140
0.30813
0.25057
0.18876
0.12266
0.05203
-0.02359
-0.10455
-0.19069
-0.28090
-0.37313
-0.46467
-0.55294
-0.63627
-0.71451
-0.78907
-0.86222
-0.93588
-1.01021
-1.08270
-1.14799
-1.19869
-1.22708
-1.22702
-1.19564
-1.13405
-1.04698
-0.94142
-0.82481
-0.70335
-0.58107
-0.45977
-0.33964
-0.22017
-0.10090
0.01823
0.13682
0.25425
0.36971
0.48207
0.58964
0.68996
0.77988
0.85605
0.91564
0.95714
0.98079
0.98854
0.98361
0.96971
0.95030
0.92802
0.90442
0.87996
0.85418
0.82606
0.79425
0.75746
0.71465
0.66533
0.60962
0.54828
0.48263
0.41429
0.34490
0.27578
0.20782
0.14134
0.07624
0.01215
-0.05142
-0.11497
-0.17903
-0.24417
-0.31096
-0.37982
-0.45072
-0.52298
-0.59520
-0.66564
-0.73276
-0.79589
-0.85561
-0.91356
-0.97161
-1.03065
-1.08938
-1.14360
-1.18650
-1.20984
-1.20590
-1.16947
-1.09930
-0.99835
-0.87306
-0.73157
-0.58184
-0.43013
-0.28028
-0.13393
0.00869
0.14766
0.28252
0.41189
0.53350
0.64462
0.74242
0.82443
0.88874
0.93420
0.96049
0.96831
0.95938
0.93643
0.90305
0.86331
0.82124
0.78018
0.74218
0.70760
0.67500
0.64154
0.60369
0.55829
0.50355
0.43972
0.36920
0.29591
0.22414
0.15723
0.09660
0.04138
-0.01120
-0.06478
-0.12266
-0.18692
-0.25786
-0.33425
-0.41388
-0.49439
-0.57385
-0.65093
-0.72469
-0.79391
-0.85651
-0.90921
-0.94767
-0.96715
-0.96353
-0.93427
-0.87919
-0.80065
-0.70318
-0.59264
-0.47511
-0.35581
-0.23840
-0.12472
-0.01506
0.09107
0.19409
0.29345
0.38725
0.47233
0.54491
0.60157
0.64022
0.66069
0.66484
0.65611
0.63861
0.61624
0.59178
0.56656
0.54042
0.51213
0.48007
0.44282
0.39967
0.35080
0.29727
0.24081
0.18345
0.12723
0.07383
0.02439
-0.02067
-0.06163
-0.09953
-0.13601
-0.17325
-0.21368
-0.25967
-0.31304
-0.37458
-0.44361
-0.51769
-0.59260
-0.66262
-0.72119
-0.76180
-0.77908
-0.76981
-0.73359
-0.67294
-0.59277
-0.49919
-0.39816
-0.29429
-0.19012
-0.08626
0.01789
0.12299
0.22858
0.33253
0.43094
0.51889
0.59145
0.64493
0.67776
0.69084
0.68734
0.67185
0.64932
0.62392
0.59831
0.57335
0.54833
0.52167
0.49165
0.45710
0.41774
0.37414
0.32735
0.27842
0.22800
0.17611
0.12220
0.06545
0.00508
-0.05931
-0.12765
-0.19951
-0.27431
-0.35156
-0.43097
-0.51232
-0.59515
-0.67831
-0.75961
-0.83572
-0.90219
-0.95387
-0.98546
-0.99229
-0.97120
-0.92130
-0.84446
-0.74525
-0.63026
-0.50687
-0.38177
-0.25972
-0.14283
-0.03077
0.07834
0.18656
0.29477
0.40182
0.50441
0.59775
0.67673
0.73729
0.77742
0.79764
0.80079
0.79124
0.77371
0.75224
0.72939
0.70591
0.68098
0.65285
0.61961
0.57991
0.53335
0.48053
0.42270
0.36131
0.29753
0.23202
0.16491
0.09592
0.02466
-0.04916
-0.12557
-0.20422
-0.28451
-0.36565
-0.44695
-0.52788
-0.60810
-0.68717
-0.76409
-0.83674
-0.90142
-0.95288
-0.98493
-0.99163
-0.96884
-0.91556
-0.83465
-0.73250
-0.61765
-0.49879
-0.38271
-0.27292
-0.16935
-0.06926
0.03112
0.13467
0.24204
0.35116
0.45768
0.55614
0.64138
0.70966
0.75932
0.79084
0.80632
0.80874
0.80121
0.78632
0.76586
0.74084
0.71170
0.67863
0.64186
0.60171
0.55854
0.51254
0.46354
0.41086
0.35351
0.29041
0.22081
0.14465
0.06262
-0.02391
-0.11333
-0.20416
-0.29543
-0.38670
-0.47799
-0.56939
-0.66077
-0.75150
-0.84031
-0.92522
-1.00347
-1.07144
-1.12463
-1.15796
-1.16641
-1.14603
-1.09501
-1.01448
-0.90869
-0.78426
-0.64893
-0.50994
-0.37276
-0.24037
-0.11348
0.00866
0.12714
0.24231
0.35324
0.45777
0.55304
0.63634
0.70588
0.76124
0.80337
0.83415
0.85569
0.86968
0.87695
0.87743
0.87046
0.85536
0.83202
0.80127
0.76492
0.72542
0.68526
0.64626
0.60906
0.57288
0.53568
0.49470
0.44711
0.39076
0.32468
0.24943
0.16713
0.08128
-0.00384
-0.08392
-0.15547
-0.21661
-0.26740
-0.30982
-0.34720
-0.38344
-0.42207
-0.46559
-0.51512
-0.57053
-0.63082
-0.69469
-0.76081
-0.82787
-0.89419
-0.95721
-1.01318
-1.05716
-1.08375
-1.08822
-1.06778
-1.02257
-0.95579
-0.87297
-0.78042
-0.68350
-0.58535
-0.48640
-0.38505
-0.27894
-0.16648
-0.04782
0.07488
0.19803
0.31762
0.43022
0.53353
0.62645
0.70867
0.78015
0.84069
0.88978
0.92673
0.95091
0.96207
0.96050
0.94701
0.92284
0.88954
0.84884
0.80274
0.75351
0.70370
0.65585
0.61203
0.57328
0.53922
0.50800
0.47670
0.44209
0.40148
0.35343
0.29793
0.23623
0.17028
0.10213
0.03345
-0.03471
-0.10191
-0.16827
-0.23434
-0.30107
-0.36962
-0.44126
-0.51696
-0.59708
-0.68110
-0.76749
-0.85387
-0.93734
-1.01481
-1.08332
-1.14003
-1.18221
-1.20703
-1.21166
-1.19359
-1.15125
-1.08466
-0.99585
-0.88878
-0.76875
-0.64136
-0.51142
-0.38221
-0.25530
-0.13095
-0.00884
0.11116
0.22855
0.34218
0.45049
0.55186
0.64494
0.72877
0.80272
0.86637
0.91935
0.96121
0.99145
1.00965
1.01570
1.01005
0.99385
0.96900
0.93794
0.90325
0.86725
0.83149
0.79643
0.76132
0.72433
0.68297
0.63461
0.57701
0.50876
0.42952
0.34002
0.24183
0.13717
0.02855
-0.08129
-0.18949
-0.29310
-0.38934
-0.47591
-0.55147
-0.61608
-0.67134
-0.72029
-0.76682
-0.81485
-0.86739
-0.92561
-0.98831
-1.05171
-1.10989
-1.15563
-1.18183
-1.18285
-1.15586
-1.10149
-1.02379
-0.92922
-0.82508
-0.71775
-0.61121
-0.50638
-0.40146
-0.29305
-0.17781
-0.05392
0.07798
0.21475
0.35154
0.48297
0.60432
0.71229
0.80514
0.88236
0.94409
0.99067
1.02239
1.03966
1.04321
1.03445
1.01547
0.98869
0.95632
0.91969
0.87889
0.83284
0.77985
0.71852
0.64859
0.57142
0.48989
0.40770
0.32818
0.25328
0.18278
0.11438
0.04442
-0.03088
-0.11410
-0.20574
-0.30386
-0.40451
-0.50269
-0.59356
-0.67363
-0.74155
-0.79831
-0.84676
-0.89060
-0.93293
-0.97493
-1.01492
-1.04825
-1.06814
-1.06728
-1.03980
-0.98304
-0.89840
-0.79114
-0.66893
-0.53992
-0.41082
-0.28567
-0.16570
-0.05001
0.06314
0.17515
0.28624
0.39537
0.50048
0.59908
0.68864
0.76686
0.83167
0.88126
0.91421
0.92971
0.92796
0.91037
0.87958
0.83919
0.79311
0.74492
0.69719
0.65097
0.60568
0.55933
0.50911
0.45214
0.38633
0.31098
0.22703
0.13682
0.04347
-0.04992
-0.14092
-0.22823
-0.31163
-0.39174
-0.46957
-0.54613
-0.62214
-0.69788
-0.77299
-0.84629
-0.91543
-0.97673
-1.02515
-1.05484
-1.06012
-1.03685
-0.98370
-0.90281
-0.79967
-0.68190
-0.55754
-0.43328
-0.31322
-0.19864
-0.08857
0.01896
0.12570
0.23233
0.33815
0.44135
0.53948
0.62988
0.70997
0.77729
0.82965
0.86528
0.88323
0.88375
0.86856
0.84080
0.80461
0.76434
0.72352
0.68408
0.64582
0.60652
0.56267
0.51051
0.44723
0.37177
0.28516
0.19023
0.09086
-0.00897
-0.10598
-0.19822
-0.28518
-0.36764
-0.44731
-0.52622
-0.60613
-0.68776
-0.77015
-0.85021
-0.92260
-0.98027
-1.01550
-1.02144
-0.99372
-0.93164
-0.83868
-0.72196
-0.59086
-0.45505
-0.32259
-0.19860
-0.08479
0.02001
0.11862
0.21415
0.30866
0.40243
0.49371
0.57910
0.65422
0.71464
0.75675
0.77848
0.77971
0.76232
0.72982
0.68665
0.63730
0.58550
0.53354
0.48196
0.42972
0.37463
0.31414
0.24608
0.16939
0.08435
-0.00745
-0.10358
-0.20134
-0.29836
-0.39292
-0.48390
-0.57038
-0.65102
-0.72354
-0.78444
-0.82925
-0.85324
-0.85234
-0.82430
-0.76936
-0.69053
-0.59313
-0.48385
-0.36947
-0.25569
-0.14626
-0.04273
0.05530
0.14937
0.24116
0.33160
0.42018
0.50480
0.58215
0.64842
0.70017
0.73517
0.75283
0.75430
0.74209
0.71929
0.68879
0.65255
0.61124
0.56425
0.51028
0.44801
0.37691
0.29775
0.21267
0.12482
0.03754
-0.04659
-0.12646
-0.20279
-0.27785
-0.35475
-0.43640
-0.52444
-0.61848
-0.71561
-0.81048
-0.89581
-0.96345
-1.00565
-1.01652
-0.99317
-0.93633
-0.85019
-0.74158
-0.61867
-0.48949
-0.36076
-0.23709
-0.12082
-0.01232
0.08942
0.18603
0.27903
0.36923
0.45637
0.53906
0.61492
0.68099
0.73438
0.77279
0.79505
0.80137
0.79329
0.77334
0.74453
0.70977
0.67141
0.63092
0.58885
0.54487
0.49798
0.44683
0.39005
0.32661
0.25616
0.17934
0.09788
0.01442
-0.06785
-0.14591
-0.21763
-0.28234
-0.34117
-0.39685
-0.45317
-0.51412
-0.58282
-0.66051
-0.74572
-0.83389
-0.91762
-0.98758
-1.03423
-1.04975
-1.02998
-0.97558
-0.89208
-0.78856
-0.67549
-0.56212
-0.45443
-0.35421
-0.25947
-0.16596
-0.06928
0.03338
0.14213
0.25443
0.36593
0.47176
0.56780
0.65142
0.72164
0.77870
0.82337
0.85626
0.87757
0.88708
0.88459
0.87033
0.84531
0.81136
0.77087
0.72634
0.67988
0.63297
0.58638
0.54041
0.49517
0.45080
0.40742
0.36498
0.32295
0.28010
0.23456
0.18420
0.12709
0.06216
-0.01050
-0.08964
-0.17314
-0.25863
-0.34402
-0.42794
-0.50990
-0.59036
-0.67043
-0.75165
-0.83541
-0.92227
-1.01115
-1.09869
-1.17895
-1.24399
-1.28514
-1.29488
-1.26872
-1.20646
-1.11242
-0.99452
-0.86252
-0.72600
-0.59258
-0.46693
-0.35059
-0.24241
-0.13961
-0.03883
0.06286
0.16715
0.27414
0.38227
0.48859
0.58935
0.68058
0.75881
0.82150
0.86731
0.89623
0.90943
0.90911
0.89828
0.88037
0.85884
0.83670
0.81606
0.79788
0.78193
0.76706
0.75159
0.73374
0.71213
0.68602
0.65542
0.62098
0.58375
0.54484
0.50514
0.46501
0.42415
0.38154
0.33554
0.28405
0.22489
0.15623
0.07706
-0.01229
-0.10989
-0.21229
-0.31499
-0.41329
-0.50334
-0.58296
-0.65223
-0.71348
-0.77081
-0.82908
-0.89266
-0.96408
-1.04282
-1.12472
-1.20208
-1.26491
-1.30291
-1.30794
-1.27629
-1.20990
-1.11615
-1.00603
-0.89125
-0.78119
-0.68063
-0.58909
-0.50183
-0.41201
-0.31336
-0.20222
-0.07853
0.05435
0.19084
0.32470
0.45036
0.56387
0.66308
0.74739
0.81728
0.87361
0.91724
0.94874
0.96836
0.97626
0.97277
0.95870
0.93549
0.90506
0.86952
0.83085
0.79056
0.74959
0.70838
0.66714
0.62602
0.58526
0.54504
0.50533
0.46560
0.42480
0.38151
0.33435
0.28230
0.22510
0.16331
0.09821
0.03148
-0.03516
-0.10033
-0.16327
-0.22399
-0.28322
-0.34229
-0.40295
-0.46713
-0.53665
-0.61285
-0.69603
-0.78490
-0.87602
-0.96374
-1.04064
-1.09870
-1.13089
-1.13283
-1.10395
-1.04764
-0.97041
-0.88010
-0.78396
-0.68695
-0.59102
-0.49542
-0.39781
-0.29581
-0.18826
-0.07587
0.03894
0.15284
0.26252
0.36539
0.45978
0.54465
0.61916
0.68228
0.73288
0.77003
0.79343
0.80373
0.80249
0.79191
0.77432
0.75184
0.72611
0.69824
0.66882
0.63789
0.60490
0.56872
0.52774
0.48026
0.42495
0.36141
0.29039
0.21374
0.13395
0.05346
-0.02599
-0.10388
-0.18088
-0.25850
-0.33830
-0.42105
-0.50607
-0.59094
-0.67169
-0.74342
-0.80109
-0.84035
-0.85821
-0.85340
-0.82653
-0.77985
-0.71681
-0.64136
-0.55734
-0.46781
-0.37476
-0.27902
-0.18070
-0.07967
0.02372
0.12821
0.23135
0.32971
0.41930
0.49619
0.55726
0.60072
0.62657
0.63656
0.63386
0.62230
0.60548
0.58592
0.56458
0.54085
0.51306
0.47918
0.43773
0.38825
0.33150
0.26911
0.20303
0.13490
0.06570
-0.00436
-0.07556
-0.14838
-0.22328
-0.30050
-0.38013
-0.46192
-0.54500
-0.62744
-0.70573
-0.77456
-0.82714
-0.85625
-0.85578
-0.82249
-0.75710
-0.66460
-0.55328
-0.43284
-0.31224
-0.19782
-0.09243
0.00438
0.09520
0.18308
0.26996
0.35570
0.43799
0.51304
0.57669
0.62561
0.65799
0.67371
0.67405
0.66113
0.63732
0.60489
0.56592
0.52233
0.47593
0.42847
0.38147
0.33605
0.29270
0.25118
0.21053
0.16923
0.12542
0.07722
0.02298
-0.03841
-0.10729
-0.18317
-0.26475
-0.35012
-0.43706
-0.52318
-0.60600
-0.68279
-0.75042
-0.80517
-0.84293
-0.85955
-0.85163
-0.81731
-0.75692
-0.67328
-0.57146
-0.45795
-0.33959
-0.22239
-0.11060
-0.00623
0.09076
0.18184
0.26892
0.35339
0.43534
0.51333
0.58467
0.64608
0.69456
0.72809
0.74605
0.74916
0.73908
0.71775
0.68689
0.64763
0.60065
0.54650
0.48606
0.42089
0.35319
0.28544
0.21974
0.15721
0.09757
0.03918
-0.02044
-0.08393
-0.15332
-0.22961
-0.31267
-0.40135
-0.49362
-0.58650
-0.67597
-0.75675
-0.82268
-0.86745
-0.88597
-0.87571
-0.83771
-0.77657
-0.69949
-0.61439
-0.52796
-0.44408
-0.36337
-0.28380
-0.20221
-0.11589
-0.02385
0.07276
0.17112
0.26759
0.35868
0.44169
0.51480
0.57684
0.62696
0.66448
0.68899
0.70069
0.70065
0.69076
0.67334
0.65050
0.62348
0.59233
0.55606
0.51322
0.46266
0.40431
0.33948
0.27076
0.20139
0.13446
0.07199
0.01437
-0.03987
-0.09387
-0.15185
-0.21830
-0.29689
-0.38943
-0.49491
-0.60895
-0.72393
-0.82986
-0.91596
-0.97273
-0.99393
-0.97793
-0.92796
-0.85124
-0.75708
-0.65466
-0.55104
-0.45011
-0.35251
-0.25649
-0.15927
-0.05851
0.04670
0.15533
0.26459
0.37048
0.46865
0.55518
0.62715
0.68296
0.72231
0.74602
0.75578
0.75390
0.74306
0.72600
0.70522
0.68252
0.65870
0.63337
0.60497
0.57117
0.52939
0.47754
0.41452
0.34072
0.25810
0.16994
0.08030
-0.00689
-0.08869
-0.16402
-0.23406
-0.30203
-0.37238
-0.44946
-0.53595
-0.63157
-0.73232
-0.83070
-0.91683
-0.98031
-1.01241
-1.00805
-0.96690
-0.89342
-0.79572
-0.68366
-0.56665
-0.45184
-0.34307
-0.24081
-0.14302
-0.04646
0.05184
0.15337
0.25753
0.36165
0.46147
0.55209
0.62890
0.68852
0.72927
0.75137
0.75668
0.74816
0.72918
0.70283
0.67140
0.63603
0.59665
0.55213
0.50069
0.44040
0.36976
0.28815
0.19607
0.09505
-0.01268
-0.12468
-0.23873
-0.35296
-0.46563
-0.57456
-0.67657
-0.76705
-0.84007
-0.88911
-0.90827
-0.89360
-0.84423
-0.76278
-0.65507
-0.52902
-0.39321
-0.25550
-0.12198
0.00341
0.11871
0.22332
0.31724
0.40040
0.47227
0.53187
0.57806
0.60999
0.62749
0.63134
0.62315
0.60515
0.57968
0.54879
0.51387
0.47546
0.43335
0.38684
0.33520
0.27807
0.21575
0.14917
0.07956
0.00787
-0.06583
-0.14272
-0.22512
-0.31569
-0.41613
-0.52572
-0.64017
-0.75132
-0.84797
-0.91779
-0.94992
-0.93749
-0.87938
-0.78053
-0.65081
-0.50261
-0.34818
-0.19722
-0.05571
0.07403
0.19225
0.30011
0.39836
0.48641
0.56242
0.62380
0.66819
0.69424
0.70210
0.69343
0.67097
0.63797
0.59762
0.55250
0.50441
0.45422
0.40201
0.34727
0.28918
0.22697
0.16016
0.08866
0.01265
-0.06764
-0.15224
-0.24162
-0.33647
-0.43720
-0.54302
-0.65108
-0.75584
-0.84921
-0.92156
-0.96352
-0.96813
-0.93270
-0.85966
-0.75617
-0.63250
-0.49963
-0.36687
-0.24018
-0.12168
-0.01031
0.09654
0.20130
0.30479
0.40557
0.50026
0.58442
0.65379
0.70541
0.73823
0.75327
0.75315
0.74137
0.72150
0.69653
0.66853
0.63855
0.60671
0.57240
0.53451
0.49163
0.44237
0.38563
0.32098
0.24884
0.17063
0.08860
0.00535
-0.07685
-0.15685
-0.23519
-0.31420
-0.39751
-0.48893
-0.59092
-0.70311
-0.82129
-0.93732
-1.04003
-1.11721
-1.15803
-1.15548
-1.10791
-1.01951
-0.89935
-0.75939
-0.61203
-0.46772
-0.33332
-0.21150
-0.10122
0.00101
0.09937
0.19717
0.29579
0.39429
0.48981
0.57840
0.65608
0.71980
0.76799
0.80070
0.81935
0.82618
0.82362
0.81381
0.79825
0.77778
0.75263
0.72271
0.68783
0.64797
0.60331
0.55436
0.50177
0.44623
0.38828
0.32808
0.26526
0.19894
0.12786
0.05076
-0.03319
-0.12401
-0.22080
-0.32206
-0.42620
-0.53203
-0.63903
-0.74696
-0.85495
-0.96042
-1.05823
-1.14066
-1.19854
-1.22321
-1.20883
-1.15422
-1.06340
-0.94484
-0.80940
-0.66781
-0.52845
-0.39601
-0.27147
-0.15313
-0.03823
0.07545
0.18850
0.29956
0.40573
0.50335
0.58894
0.65983
0.71458
0.75302
0.77603
0.78526
0.78279
0.77077
0.75117
0.72568
0.69560
0.66190
0.62532
0.58648
0.54600
0.50449
0.46244
0.42002
0.37679
0.33161
0.28277
0.22846
0.16744
0.09973
0.02696
-0.04792
-0.12158
-0.19172
-0.25825
-0.32390
-0.39357
-0.47273
-0.56506
-0.67032
-0.78301
-0.89259
-0.98522
-1.04677
-1.06610
-1.03776
-0.96326
-0.85046
-0.71141
-0.55935
-0.40579
-0.25859
-0.12127
0.00617
0.12572
0.23941
0.34788
0.44964
0.54140
0.61900
0.67876
0.71860
0.73871
0.74154
0.73115
0.71232
0.68943
0.66566
0.64250
0.61978
0.59606
0.56931
0.53763
0.49982
0.45568
0.40593
0.35182
0.29463
0.23513
0.17331
0.10833
0.03885
-0.03655
-0.11895
-0.20878
-0.30578
-0.40903
-0.51715
-0.62829
-0.74002
-0.84896
-0.95054
-1.03894
-1.10761
-1.15024
-1.16216
-1.14141
-1.08942
-1.01071
-0.91186
-0.80005
-0.68151
-0.56060
-0.43953
-0.31880
-0.19811
-0.07717
0.04361
0.16296
0.27887
0.38887
0.49040
0.58104
0.65876
0.72211
0.77032
0.80341
0.82216
0.82797
0.82265
0.80814
0.78631
0.75878
0.72683
0.69156
0.65401
0.61544
0.57745
0.54186
0.51032
0.48379
0.46187
0.44259
0.42255
0.39766
0.36425
0.32021
0.26568
0.20314
0.13666
0.07069
0.00859
-0.04848
-0.10215
-0.15657
-0.21744
-0.29054
-0.38020
-0.48797
-0.61189
-0.74630
-0.88245
-1.00951
-1.11608
-1.19194
-1.22966
-1.22588
-1.18184
-1.10306
-0.99821
-0.87731
-0.74984
-0.62306
-0.50101
-0.38451
-0.27185
-0.16015
-0.04677
0.06952
0.18790
0.30556
0.41810
0.52046
0.60783
0.67654
0.72479
0.75298
0.76364
0.76094
0.74982
0.73494
0.71968
0.70541
0.69130
0.67470
0.65208
0.62019
0.57724
0.52364
0.46200
0.39653
0.33179
0.27117
0.21575
0.16356
0.10994
0.04861
-0.02664
-0.12017
-0.23309
-0.36264
-0.50235
-0.64294
-0.77367
-0.88398
-0.96491
-1.01031
-1.01751
-0.98754
-0.92470
-0.83574
-0.72872
-0.61174
-0.49181
-0.37403
-0.26131
-0.15449
-0.05294
0.04471
0.13975
0.23279
0.32330
0.40953
0.48870
0.55747
0.61265
0.65187
0.67425
0.68065
0.67366
0.65709
0.63516
0.61165
0.58904
0.56816
0.54815
0.52701
0.50227
0.47184
0.43451
0.39026
0.34004
0.28540
0.22788
0.16853
0.10760
0.04448
-0.02213
-0.09380
-0.17206
-0.25787
-0.35139
-0.45169
-0.55679
-0.66374
-0.76889
-0.86809
-0.95697
-1.03110
-1.08626
-1.11880
-1.12601
-1.10657
-1.06073
-0.99033
-0.89849
-0.78905
-0.66597
-0.53286
-0.39279
-0.24835
-0.10198
0.04365
0.18553
0.32021
0.44414
0.55400
0.64715
0.72203
0.77844
0.81752
0.84167
0.85401
0.85783
0.85582
0.84959
0.83951
0.82495
0.80501
0.77924
0.74827
0.71397
0.67897
0.64586
0.61618
0.58969
0.56423
0.53614
0.50122
0.45572
0.39732
0.32544
0.24129
0.14734
0.04676
-0.05715
-0.16131
-0.26296
-0.35958
-0.44894
-0.52915
-0.59903
-0.65849
-0.70887
-0.75294
-0.79452
-0.83766
-0.88561
-0.93968
-0.99843
-1.05737
-1.10939
-1.14589
-1.15845
-1.14071
-1.08988
-1.00751
-0.89924
-0.77355
-0.63975
-0.50602
-0.37779
-0.25708
-0.14282
-0.03198
0.07884
0.19193
0.30743
0.42308
0.53464
0.63693
0.72513
0.79584
0.84779
0.88180
0.90029
0.90639
0.90306
0.89257
0.87621
0.85448
0.82747
0.79519
0.75794
0.71644
0.67185
0.62569
0.57954
0.53478
0.49232
0.45232
0.41421
0.37678
0.33836
0.29716
0.25148
0.20000
0.14191
0.07702
0.00575
-0.07096
-0.15176
-0.23499
-0.31874
-0.40091
-0.47939
-0.55230
-0.61847
-0.67780
-0.73152
-0.78202
-0.83220
-0.88430
-0.93867
-0.99277
-1.04086
-1.07471
-1.08538
-1.06543
-1.01116
-0.92383
-0.80958
-0.67784
-0.53882
-0.40096
-0.26914
-0.14428
-0.02431
0.09399
0.21291
0.33249
0.45012
0.56123
0.66063
0.74389
0.80826
0.85297
0.87895
0.88817
0.88308
0.86619
0.83996
0.80677
0.76890
0.72842
0.68687
0.64503
0.60278
0.55923
0.51306
0.46298
0.40823
0.34876
0.28524
0.21885
0.15091
0.08254
0.01441
-0.05334
-0.12108
-0.18951
-0.25956
-0.33205
-0.40759
-0.48628
-0.56761
-0.65035
-0.73238
-0.81069
-0.88136
-0.93979
-0.98111
-1.00089
-0.99595
-0.96513
-0.90967
-0.83317
-0.74088
-0.63867
-0.53176
-0.42380
-0.31637
-0.20924
-0.10115
0.00909
0.12157
0.23476
0.34558
0.45001
0.54397
0.62417
0.68863
0.73687
0.76974
0.78898
0.79675
0.79523
0.78624
0.77112
0.75071
0.72553
0.69590
0.66209
0.62435
0.58281
0.53738
0.48769
0.43316
0.37325
0.30774
0.23693
0.16172
0.08340
0.00334
-0.07744
-0.15851
-0.24004
-0.32263
-0.40694
-0.49329
-0.58140
-0.67014
-0.75753
-0.84063
-0.91555
-0.97741
-1.02064
-1.03957
-1.02947
-0.98775
-0.91498
-0.81528
-0.69585
-0.56561
-0.43341
-0.30623
-0.18804
-0.07954
0.02114
0.11697
0.21050
0.30254
0.39168
0.47463
0.54722
0.60573
0.64800
0.67397
0.68559
0.68610
0.67904
0.66729
0.65255
0.63515
0.61453
0.58984
0.56054
0.52675
0.48917
0.44878
0.40636
0.36216
0.31578
0.26637
0.21296
0.15491
0.09210
0.02495
-0.04586
-0.11976
-0.19653
-0.27638
-0.35965
-0.44621
-0.53481
-0.62253
-0.70459
-0.77468
-0.82583
-0.85166
-0.84765
-0.81221
-0.74710
-0.65718
-0.54954
-0.43221
-0.31277
-0.19725
-0.08955
0.00856
0.09694
0.17625
0.24722
0.31004
0.36426
0.40890
0.44289
0.46553
0.47687
0.47791
0.47052
0.45708
0.44001
0.42131
0.40216
0.38278
0.36245
0.33966
0.31241
0.27851
0.23600
0.18354
0.12088
0.04915
-0.02910
-0.11030
-0.19051
-0.26632
-0.33551
-0.39729
-0.45177
-0.49916
-0.53871
-0.56811
-0.58360
-0.58092
-0.55671
-0.50997
-0.44300
-0.36128
-0.27250
-0.18470
-0.10436
-0.03489
0.02388
0.07514
0.12352
0.17326
0.22658
0.28289
0.33899
0.39017
0.43162
0.45986
0.47352
0.47337
0.46180
0.44184
0.41627
0.38709
0.35546
0.32203
0.28745
0.25268
0.21908
0.18804
0.16054
0.13668
0.11540
0.09473
0.07230
0.04603
0.01478
-0.02131
-0.06087
-0.10168
-0.14128
-0.17749
-0.20883
-0.23471
-0.25541
-0.27197
-0.28602
-0.29964
-0.31522
-0.33504
-0.36083
-0.39313
-0.43073
-0.47039
-0.50707
-0.53476
-0.54769
-0.54171
-0.51534
-0.47014
-0.41030
-0.34151
-0.26955
-0.19888
-0.13187
-0.06855
-0.00712
0.05513
0.12068
0.19075
0.26456
0.33913
0.40962
0.47035
0.51611
0.54354
0.55208
0.54417
0.52464
0.49950
0.47438
0.45325
0.43776
0.42720
0.41918
0.41064
0.39881
0.38182
0.35902
0.33071
0.29787
0.26167
0.22334
0.18409
0.14516
0.10788
0.07345
0.04262
0.01524
-0.01001
-0.03560
-0.06475
-0.10067
-0.14583
-0.20131
-0.26656
-0.33963
-0.41769
-0.49775
-0.57722
-0.65419
-0.72734
-0.79544
-0.85674
-0.90840
-0.94626
-0.96514
-0.95977
-0.92609
-0.86256
-0.77101
-0.65657
-0.52678
-0.38989
-0.25317
-0.12164
0.00239
0.11894
0.22936
0.33522
0.43738
0.53560
0.62857
0.71436
0.79087
0.85623
0.90890
0.94769
0.97171
0.98040
0.97363
0.95182
0.91602
0.86787
0.80938
0.74271
0.66997
0.59314
0.51410
0.43461
0.35619
0.27978
0.20539
0.13176
0.05652
-0.02334
-0.11051
-0.20648
-0.31084
-0.42127
-0.53406
-0.64511
-0.75089
-0.84902
-0.93817
-1.01735
-1.08485
-1.13749
-1.17049
-1.17826
-1.15579
-1.09999
-1.01069
-0.89064
-0.74487
-0.57962
-0.40130
-0.21593
-0.02916
0.15342
0.32592
0.48208
0.61584
0.72219
0.79838
0.84462
0.86421
0.86281
0.84703
0.82286
0.79440
0.76326
0.72882
0.68909
0.64188
0.58585
0.52112
0.44931
0.37309
0.29546
0.21896
0.14519
0.07452
0.00623
-0.06126
-0.13001
-0.20221
-0.27986
-0.36431
-0.45582
-0.55296
-0.65208
-0.74711
-0.82996
-0.89163
-0.92405
-0.92201
-0.88460
-0.81563
-0.72267
-0.61499
-0.50107
-0.38663
-0.27364
-0.16082
-0.04527
0.07554
0.20191
0.33109
0.45750
0.57382
0.67271
0.74826
0.79713
0.81884
0.81553
0.79115
0.75057
0.69877
0.64023
0.57856
0.51639
0.45525
0.39561
0.33689
0.27763
0.21586
0.14962
0.07758
-0.00049
-0.08355
-0.16945
-0.25555
-0.33934
-0.41909
-0.49410
-0.56452
-0.63074
-0.69254
-0.74844
-0.79531
-0.82861
-0.84325
-0.83466
-0.80004
-0.73909
-0.65425
-0.55010
-0.43234
-0.30659
-0.17750
-0.04830
0.07892
0.20267
0.32131
0.43258
0.53347
0.62050
0.69032
0.74037
0.76941
0.77788
0.76784
0.74262
0.70615
0.66223
0.61374
0.56219
0.50771
0.44940
0.38610
0.31723
0.24345
0.16690
0.09093
0.01932
-0.04479
-0.09984
-0.14642
-0.18725
-0.22655
-0.26899
-0.31859
-0.37770
-0.44634
-0.52197
-0.59963
-0.67249
-0.73289
-0.77361
-0.78933
-0.77782
-0.74054
-0.68240
-0.61049
-0.53237
-0.45417
-0.37926
-0.30785
-0.23757
-0.16492
-0.08685
-0.00211
0.08817
0.18071
0.27092
0.35411
0.42646
0.48559
0.53069
0.56217
0.58126
0.58948
0.58843
0.57963
0.56454
0.54454
0.52080
0.49415
0.46494
0.43300
0.39785
0.35911
0.31692
0.27237
0.22744
0.18468
0.14646
0.11412
0.08734
0.06396
0.04051
0.01309
-0.02147
-0.06462
-0.11575
-0.17240
-0.23115
-0.28875
-0.34313
-0.39395
-0.44241
-0.49048
-0.53967
-0.58994
-0.63894
-0.68211
-0.71346
-0.72690
-0.71771
-0.68371
-0.62576
-0.54753
-0.45462
-0.35333
-0.24952
-0.14772
-0.05079
0.04000
0.12444
0.20281
0.27530
0.34166
0.40111
0.45245
0.49444
0.52610
0.54709
0.55783
0.55947
0.55369
0.54237
0.52725
0.50972
0.49075
0.47094
0.45071
0.43039
0.41026
0.39039
0.37038
0.34908
0.32452
0.29413
0.25528
0.20593
0.14523
0.07376
-0.00657
-0.09315
-0.18325
-0.27481
-0.36664
-0.45834
-0.54969
-0.63974
-0.72602
-0.80409
-0.86777
-0.91004
-0.92451
-0.90698
-0.85665
-0.77658
-0.67324
-0.55521
-0.43149
-0.30975
-0.19524
-0.09029
0.00523
0.09305
0.17535
0.25369
0.32847
0.39876
0.46266
0.51785
0.56221
0.59433
0.61371
0.62073
0.61636
0.60193
0.57883
0.54843
0.51214
0.47157
0.42850
0.38485
0.34231
0.30198
0.26397
0.22737
0.19043
0.15107
0.10745
0.05836
0.00342
-0.05718
-0.12304
-0.19395
-0.26997
-0.35115
-0.43689
-0.52518
-0.61203
-0.69146
-0.75612
-0.79851
-0.81248
-0.79463
-0.74515
-0.66784
-0.56930
-0.45747
-0.34008
-0.22331
-0.11115
-0.00545
0.09337
0.18551
0.27093
0.34893
0.41812
0.47673
0.52313
0.55627
0.57599
0.58310
0.57928
0.56686
0.54845
0.52653
0.50305
0.47903
0.45434
0.42790
0.39809
0.36341
0.32318
0.27789
0.22911
0.17900
0.12952
0.08170
0.03513
-0.01196
-0.06228
-0.11870
-0.18354
-0.25804
-0.34216
-0.43457
-0.53266
-0.63246
-0.72855
-0.81416
-0.88173
-0.92398
-0.93528
-0.91302
-0.85841
-0.77638
-0.67449
-0.56120
-0.44403
-0.32810
-0.21566
-0.10654
0.00065
0.10704
0.21241
0.31470
0.41026
0.49478
0.56442
0.61681
0.65162
0.67056
0.67672
0.67369
0.66457
0.65138
0.63486
0.61471
0.59014
0.56048
0.52553
0.48577
0.44215
0.39575
0.34745
0.29767
0.24639
0.19332
0.13824
0.08123
0.02272
-0.03668
-0.09658
-0.15732
-0.22024
-0.28763
-0.36214
-0.44572
-0.53841
-0.63727
-0.73597
-0.82524
-0.89437
-0.93329
-0.93491
-0.89686
-0.82220
-0.71884
-0.59764
-0.46994
-0.34512
-0.22899
-0.12331
-0.02658
0.06435
0.15241
0.23883
0.32253
0.40041
0.46838
0.52274
0.56125
0.58366
0.59161
0.58787
0.57554
0.55725
0.53482
0.50922
0.48094
0.45029
0.41768
0.38359
0.34832
0.31177
0.27321
0.23152
0.18554
0.13474
0.07966
0.02202
-0.03570
-0.09106
-0.14273
-0.19126
-0.23924
-0.29076
-0.34993
-0.41924
-0.49791
-0.58112
-0.66029
-0.72455
-0.76301
-0.76733
-0.73363
-0.66351
-0.56366
-0.44424
-0.31665
-0.19115
-0.07511
0.02779
0.11731
0.19557
0.26555
0.32969
0.38878
0.44167
0.48562
0.51732
0.53410
0.53501
0.52134
0.49650
0.46523
0.43245
0.40202
0.37582
0.35338
0.33212
0.30814
0.27737
0.23664
0.18446
0.12122
0.04872
-0.03066
-0.11498
-0.20330
-0.29566
-0.39218
-0.49184
-0.59121
-0.68391
-0.76118
-0.81349
-0.83278
-0.81467
-0.75966
-0.67317
-0.56412
-0.44268
-0.31788
-0.19585
-0.07925
0.03205
0.13952
0.24415
0.34524
0.43990
0.52362
0.59140
0.63916
0.66489
0.66925
0.65547
0.62859
0.59445
0.55843
0.52449
0.49459
0.46847
0.44405
0.41807
0.38703
0.34804
0.29956
0.24175
0.17645
0.10669
0.03590
-0.03310
-0.09907
-0.16302
-0.22830
-0.29990
-0.38296
-0.48081
-0.59305
-0.71431
-0.83427
-0.93916
-1.01439
-1.04785
-1.03276
-0.96940
-0.86497
-0.73171
-0.58392
-0.43470
-0.29342
-0.16470
-0.04875
0.05698
0.15590
0.25044
0.34104
0.42595
0.50181
0.56471
0.61130
0.63964
0.64964
0.64295
0.62246
0.59164
0.55388
0.51209
0.46857
0.42509
0.38309
0.34381
0.30813
0.27638
0.24795
0.22124
0.19376
0.16273
0.12580
0.08188
0.03156
-0.02281
-0.07777
-0.12971
-0.17593
-0.21558
-0.24990
-0.28197
-0.31570
-0.35458
-0.40039
-0.45227
-0.50637
-0.55631
-0.59437
-0.61315
-0.60725
-0.57451
-0.51657
-0.43839
-0.34714
-0.25051
-0.15524
-0.06590
0.01545
0.08896
0.15607
0.21839
0.27673
0.33066
0.37864
0.41854
0.44844
0.46722
0.47490
0.47244
0.46142
0.44348
0.42001
0.39214
0.36088
0.32747
0.29352
0.26089
0.23124
0.20545
0.18306
0.16219
0.13993
0.11315
0.07948
0.03803
-0.01050
-0.06430
-0.12147
-0.18091
-0.24279
-0.30825
-0.37843
-0.45321
-0.53026
-0.60477
-0.67011
-0.71926
-0.74653
-0.74897
-0.72702
-0.68411
-0.62543
-0.55633
-0.48093
-0.40138
-0.31799
-0.23013
-0.13731
-0.04018
0.05910
0.15707
0.24986
0.33416
0.40790
0.47051
0.52252
0.56485
0.59821
0.62273
0.63810
0.64399
0.64057
0.62874
0.61011
0.58654
0.55963
0.53028
0.49855
0.46395
0.42596
0.38458
0.34067
0.29586
0.25205
0.21069
0.17209
0.13512
0.09737
0.05576
0.00749
-0.04915
-0.11422
-0.18629
-0.26294
-0.34172
-0.42081
-0.49929
-0.57682
-0.65284
-0.72566
-0.79199
-0.84708
-0.88565
-0.90322
-0.89741
-0.86864
-0.81996
-0.75604
-0.68173
-0.60083
-0.51534
-0.42556
-0.33086
-0.23058
-0.12494
-0.01539
0.09546
0.20425
0.30748
0.40193
0.48509
0.55526
0.61155
0.65385
0.68269
0.69912
0.70452
0.70040
0.68815
0.66883
0.64305
0.61107
0.57306
0.52950
0.48157
0.43129
0.38136
0.33466
0.29346
0.25876
0.22984
0.20439
0.17913
0.15069
0.11660
0.07592
0.02938
-0.02096
-0.07249
-0.12285
-0.17067
-0.21602
-0.26040
-0.30644
-0.35721
-0.41530
-0.48197
-0.55634
-0.63506
-0.71238
-0.78087
-0.83260
-0.86060
-0.86030
-0.83048
-0.77353
-0.69486
-0.60159
-0.50093
-0.39867
-0.29830
-0.20099
-0.10621
-0.01286
0.07975
0.17123
0.26005
0.34385
0.42003
0.48626
0.54071
0.58214
0.60988
0.62375
0.62418
0.61230
0.59008
0.56022
0.52600
0.49076
0.45741
0.42790
0.40295
0.38195
0.36326
0.34467
0.32399
0.29950
0.27032
0.23650
0.19883
0.15855
0.11703
0.07547
0.03481
-0.00435
-0.04180
-0.07782
-0.11342
-0.15047
-0.19170
-0.24039
-0.29964
-0.37134
-0.45514
-0.54772
-0.64274
-0.73159
-0.80485
-0.85416
-0.87390
-0.86218
-0.82098
-0.75529
-0.67178
-0.57720
-0.47729
-0.37611
-0.27604
-0.17817
-0.08275
0.01027
0.10094
0.18900
0.27372
0.35382
0.42750
0.49258
0.54689
0.58867
0.61703
0.63216
0.63539
0.62893
0.61541
0.59741
0.57700
0.55549
0.53339
0.51049
0.48600
0.45874
0.42742
0.39091
0.34855
0.30038
0.24725
0.19072
0.13269
0.07486
0.01820
-0.03749
-0.09360
-0.15247
-0.21677
-0.28869
-0.36920
-0.45746
-0.55056
-0.64361
-0.73027
-0.80358
-0.85693
-0.88515
-0.88532
-0.85721
-0.80327
-0.72803
-0.63720
-0.53666
-0.43154
-0.32568
-0.22153
-0.12031
-0.02253
0.07157
0.16161
0.24681
0.32591
0.39723
0.45891
0.50924
0.54706
0.57207
0.58494
0.58728
0.58130
0.56941
0.55376
0.53591
0.51667
0.49617
0.47404
0.44977
0.42293
0.39334
0.36099
0.32597
0.28827
0.24770
0.20390
0.15647
0.10513
0.04976
-0.00968
-0.07334
-0.14172
-0.21568
-0.29616
-0.38357
-0.47692
-0.57314
-0.66678
-0.75041
-0.81570
-0.85496
-0.86273
-0.83690
-0.77910
-0.69431
-0.58974
-0.47344
-0.35302
-0.23466
-0.12261
-0.01918
0.07500
0.16048
0.23835
0.30958
0.37449
0.43241
0.48169
0.52010
0.54554
0.55686
0.55453
0.54088
0.51977
0.49573
0.47268
0.45278
0.43579
0.41912
0.39870
0.37043
0.33152
0.28154
0.22251
0.15821
0.09281
0.02936
-0.03119
-0.09036
-0.15151
-0.21868
-0.29508
-0.38185
-0.47726
-0.57651
-0.67228
-0.75581
-0.81837
-0.85275
-0.85448
-0.82258
-0.75956
-0.67079
-0.56338
-0.44495
-0.32236
-0.20094
-0.08413
0.02633
0.12995
0.22673
0.31666
0.39930
0.47359
0.53795
0.59055
0.62970
0.65422
0.66383
0.65931
0.64242
0.61571
0.58206
0.54434
0.50500
0.46575
0.42749
0.39023
0.35325
0.31530
0.27492
0.23077
0.18188
0.12782
0.06873
0.00516
-0.06219
-0.13268
-0.20588
-0.28163
-0.35974
-0.43980
-0.52079
-0.60079
-0.67684
-0.74497
-0.80057
-0.83892
-0.85598
-0.84907
-0.81740
-0.76223
-0.68661
-0.59474
-0.49125
-0.38049
-0.26609
-0.15089
-0.03705
0.07362
0.17947
0.27893
0.37051
0.45286
0.52474
0.58500
0.63251
0.66630
0.68580
0.69113
0.68335
0.66453
0.63744
0.60504
0.56988
0.53348
0.49613
0.45696
0.41450
0.36730
0.31458
0.25668
0.19499
0.13161
0.06866
0.00754
-0.05171
-0.11063
-0.17206
-0.23945
-0.31571
-0.40213
-0.49749
-0.59765
-0.69587
-0.78377
-0.85280
-0.89593
-0.90903
-0.89161
-0.84670
-0.77986
-0.69762
-0.60592
-0.50894
-0.40866
-0.30521
-0.19786
-0.08610
0.02933
0.14603
0.26018
0.36716
0.46253
0.54285
0.60622
0.65248
0.68299
0.70014
0.70680
0.70563
0.69869
0.68710
0.67110
0.65025
0.62375
0.59083
0.55105
0.50437
0.45127
0.39255
0.32931
0.26285
0.19464
0.12622
0.05904
-0.00589
-0.06825
-0.12865
-0.18854
-0.24991
-0.31484
-0.38496
-0.46101
-0.54250
-0.62745
-0.71229
-0.79198
-0.86037
-0.91093
-0.93782
-0.93704
-0.90746
-0.85129
-0.77366
-0.68156
-0.58213
-0.48111
-0.38167
-0.28417
-0.18679
-0.08674
0.01818
0.12835
0.24168
0.35373
0.45868
0.55058
0.62475
0.67877
0.71279
0.72931
0.73228
0.72614
0.71478
0.70086
0.68556
0.66875
0.64944
0.62623
0.59778
0.56291
0.52072
0.47057
0.41210
0.34549
0.27169
0.19258
0.11101
0.03036
-0.04605
-0.11591
-0.17862
-0.23575
-0.29077
-0.34830
-0.41280
-0.48724
-0.57190
-0.66373
-0.75650
-0.84165
-0.90977
-0.95242
-0.96378
-0.94177
-0.88833
-0.80885
-0.71093
-0.60283
-0.49189
-0.38339
-0.28001
-0.18191
-0.08730
0.00647
0.10178
0.19980
0.29981
0.39908
0.49332
0.57751
0.64697
0.69841
0.73067
0.74490
0.74417
0.73266
0.71456
0.69318
0.67032
0.64622
0.61989
0.58967
0.55384
0.51104
0.46050
0.40202
0.33598
0.26332
0.18557
0.10493
0.02422
-0.05341
-0.12494
-0.18827
-0.24300
-0.29102
-0.33655
-0.38546
-0.44387
-0.51625
-0.60367
-0.70251
-0.80448
-0.89770
-0.96908
-1.00710
-1.00447
-0.95976
-0.87764
-0.76754
-0.64126
-0.51022
-0.38316
-0.26488
-0.15618
-0.05488
0.04253
0.13920
0.23663
0.33402
0.42849
0.51574
0.59119
0.65101
0.69293
0.71658
0.72334
0.71587
0.69735
0.67079
0.63848
0.60181
0.56136
0.51722
0.46934
0.41778
0.36272
0.30415
0.24155
0.17359
0.09819
0.01316
-0.08289
-0.18933
-0.30272
-0.41665
-0.52242
-0.61058
-0.67273
-0.70329
-0.70049
-0.66653
-0.60673
-0.52816
-0.43794
-0.34199
-0.24419
-0.14638
-0.04889
0.04857
0.14589
0.24177
0.33335
0.41637
0.48587
0.53713
0.56676
0.57351
0.55859
0.52543
0.47899
0.42468
0.36732
0.31019
0.25447
0.19915
0.14140
0.07729
0.00277
-0.08532
-0.18840
-0.30557
-0.43326
-0.56537
-0.69362
-0.80852
-0.90051
-0.96147
-0.98607
-0.97271
-0.92375
-0.84494
-0.74424
-0.63026
-0.51082
-0.39191
-0.27715
-0.16792
-0.06386
0.03629
0.13387
0.22959
0.32315
0.41326
0.49792
0.57493
0.64233
0.69878
0.74363
0.77688
0.79896
0.81057
0.81254
0.80582
0.79147
0.77060
0.74429
0.71331
0.67799
0.63813
0.59310
0.54216
0.48485
0.42137
0.35263
0.28015
0.20563
0.13029
0.05442
-0.02304
-0.10440
-0.19280
-0.29139
-0.40237
-0.52602
-0.66002
-0.79921
-0.93577
-1.06006
-1.16183
-1.23181
-1.26327
-1.25327
-1.20327
-1.11883
-1.00851
-0.88213
-0.74901
-0.61644
-0.48894
-0.36813
-0.25341
-0.14298
-0.03497
0.07162
0.17637
0.27746
0.37203
0.45686
0.52916
0.58718
0.63054
0.66017
0.67798
0.68621
0.68687
0.68125
0.66979
0.65222
0.62811
0.59747
0.56135
0.52204
0.48285
0.44735
0.41828
0.39649
0.38032
0.36576
0.34746
0.32033
0.28119
0.22981
0.16892
0.10308
0.03689
-0.02688
-0.08836
-0.15065
-0.21856
-0.29675
-0.38764
-0.48991
-0.59806
-0.70311
-0.79438
-0.86166
-0.89741
-0.89809
-0.86459
-0.80152
-0.71578
-0.61485
-0.50541
-0.39245
-0.27917
-0.16738
-0.05810
0.04781
0.14927
0.24476
0.33235
0.40987
0.47522
0.52676
0.56369
0.58630
0.59600
0.59500
0.58581
0.57056
0.55051
0.52587
0.49598
0.45980
0.41655
0.36627
0.31009
0.25016
0.18916
0.12972
0.07368
0.02161
-0.02746
-0.07597
-0.12744
-0.18585
-0.25478
-0.33655
-0.43124
-0.53607
-0.64515
-0.74984
-0.83989
-0.90514
-0.93743
-0.93228
-0.88981
-0.81458
-0.71443
-0.59860
-0.47570
-0.35214
-0.23132
-0.11388
0.00132
0.11571
0.22970
0.34191
0.44909
0.54685
0.63071
0.69720
0.74459
0.77311
0.78463
0.78199
0.76826
0.74620
0.71801
0.68538
0.64957
0.61162
0.57220
0.53146
0.48884
0.44308
0.39255
0.33576
0.27209
0.20228
0.12850
0.05395
-0.01809
-0.08541
-0.14782
-0.20762
-0.26926
-0.33826
-0.41965
-0.51628
-0.62743
-0.74818
-0.86967
-0.98036
-1.06803
-1.12215
-1.13603
-1.10818
-1.04258
-0.94761
-0.83399
-0.71231
-0.59082
-0.47412
-0.36301
-0.25551
-0.14840
-0.03899
0.07371
0.18839
0.30164
0.40869
0.50452
0.58488
0.64718
0.69085
0.71731
0.72944
0.73082
0.72495
0.71466
0.70175
0.68689
0.66981
0.64955
0.62482
0.59446
0.55779
0.51502
0.46738
0.41714
0.36717
0.32038
0.27888
0.24329
0.21230
0.18277
0.15022
0.10993
0.05806
-0.00723
-0.08529
-0.17305
-0.26591
-0.35901
-0.44851
-0.53252
-0.61117
-0.68592
-0.75821
-0.82801
-0.89271
-0.94694
-0.98338
-0.99439
-0.97406
-0.91978
-0.83307
-0.71930
-0.58657
-0.44397
-0.30003
-0.16139
-0.03227
0.08545
0.19162
0.28696
0.37221
0.44755
0.51246
0.56588
0.60672
0.63431
0.64881
0.65132
0.64367
0.62807
0.60660
0.58086
0.55181
0.51986
0.48507
0.44758
0.40779
0.36653
0.32479
0.28346
0.24290
0.20261
0.16130
0.11710
0.06809
0.01274
-0.04987
-0.12010
-0.19803
-0.28365
-0.37683
-0.47678
-0.58124
-0.68566
-0.78299
-0.86424
-0.92000
-0.94251
-0.92765
-0.87610
-0.79323
-0.68773
-0.56941
-0.44682
-0.32563
-0.20799
-0.09327
0.02055
0.13502
0.24999
0.36298
0.46960
0.56462
0.64325
0.70233
0.74098
0.76070
0.76486
0.75784
0.74395
0.72650
0.70714
0.68566
0.66031
0.62851
0.58776
0.53647
0.47456
0.40361
0.32656
0.24710
0.16886
0.09471
0.02619
-0.03670
-0.09553
-0.15312
-0.21320
-0.27979
-0.35642
-0.44531
-0.54646
-0.65696
-0.77071
-0.87882
-0.97077
-1.03622
-1.06708
-1.05928
-1.01375
-0.93605
-0.83501
-0.72047
-0.60112
-0.48281
-0.36800
-0.25620
-0.14527
-0.03305
0.08127
0.19640
0.30901
0.41443
0.50781
0.58516
0.64420
0.68460
0.70782
0.71648
0.71370
0.70231
0.68446
0.66156
0.63443
0.60364
0.56968
0.53299
0.49369
0.45134
0.40476
0.35209
0.29124
0.22051
0.13915
0.04785
-0.05135
-0.15537
-0.26086
-0.36481
-0.46488
-0.55928
-0.64616
-0.72291
-0.78560
-0.82921
-0.84840
-0.83903
-0.79967
-0.73263
-0.64402
-0.54271
-0.43845
-0.33971
-0.25203
-0.17714
-0.11305
-0.05514
0.00251
0.06545
0.13764
0.22055
0.31288
0.41080
0.50871
0.60029
0.67963
0.74226
0.78576
0.80999
0.81669
0.80885
0.78986
0.76277
0.72990
0.69265
0.65163
0.60693
0.55828
0.50526
0.44735
0.38400
0.31468
0.23901
0.15689
0.06867
-0.02466
-0.12143
-0.21922
-0.31520
-0.40659
-0.49144
-0.56945
-0.64246
-0.71427
-0.78965
-0.87248
-0.96371
-1.05979
-1.15230
-1.22915
-1.27714
-1.28514
-1.24701
-1.16319
-1.04064
-0.89117
-0.72878
-0.56673
-0.41525
-0.28016
-0.16279
-0.06063
0.03122
0.11852
0.20631
0.29772
0.39329
0.49084
0.58606
0.67350
0.74782
0.80505
0.84344
0.86377
0.86911
0.86388
0.85280
0.83974
0.82698
0.81495
0.80248
0.78746
0.76767
0.74152
0.70849
0.66922
0.62524
0.57849
0.53063
0.48262
0.43439
0.38485
0.33224
0.27460
0.21027
0.13835
0.05891
-0.02711
-0.11805
-0.21200
-0.30714
-0.40215
-0.49644
-0.59027
-0.68452
-0.78028
-0.87801
-0.97669
-1.07304
-1.16124
-1.23337
-1.28070
-1.29558
-1.27344
-1.21410
-1.12205
-1.00539
-0.87372
-0.73583
-0.59784
-0.46241
-0.32915
-0.19593
-0.06052
0.07812
0.21914
0.35982
0.49620
0.62386
0.73869
0.83744
0.91802
0.97955
1.02223
1.04708
1.05566
1.04981
1.03141
1.00231
0.96432
0.91926
0.86900
0.81541
0.76013
0.70415
0.64728
0.58781
0.52238
0.44650
0.35553
0.24609
0.11727
-0.02855
-0.18584
-0.34686
-0.50327
-0.64785
-0.77590
-0.88581
-0.97869
-1.05717
-1.12376
-1.17941
-1.22265
-1.24975
-1.25584
-1.23656
-1.18968
-1.11596
-1.01905
-0.90439
-0.77759
-0.64306
-0.50325
-0.35889
-0.20994
-0.05675
0.09899
0.25387
0.40323
0.54198
0.66565
0.77127
0.85768
0.92535
0.97578
1.01074
1.03165
1.03923
1.03369
1.01512
0.98412
0.94222
0.89200
0.83676
0.77988
0.72397
0.67021
0.61791
0.56462
0.50673
0.44030
0.36215
0.27071
0.16646
0.05192
-0.06893
-0.19143
-0.31122
-0.42487
-0.53034
-0.62694
-0.71517
-0.79634
-0.87214
-0.94414
-1.01314
-1.07851
-1.13763
-1.18557
-1.21546
-1.21952
-1.19067
-1.12453
-1.02095
-0.88470
-0.72489
-0.55312
-0.38100
-0.21766
-0.06813
0.06700
0.19052
0.30673
0.41927
0.52950
0.63580
0.73398
0.81849
0.88404
0.92698
0.94624
0.94338
0.92215
0.88748
0.84450
0.79765
0.75022
0.70404
0.65960
0.61617
0.57205
0.52482
0.47164
0.40964
0.33644
0.25068
0.15258
0.04414
-0.07093
-0.18792
-0.30204
-0.40952
-0.50835
-0.59858
-0.68181
-0.76026
-0.83545
-0.90699
-0.97188
-1.02447
-1.05738
-1.06298
-1.03524
-0.97139
-0.87294
-0.74566
-0.59863
-0.44240
-0.28698
-0.14007
-0.00600
0.11431
0.22253
0.32158
0.41420
0.50179
0.58397
0.65865
0.72276
0.77313
0.80743
0.82473
0.82571
0.81240
0.78769
0.75478
0.71663
0.67567
0.63353
0.59100
0.54788
0.50307
0.45464
0.40012
0.33704
0.26347
0.17861
0.08309
-0.02101
-0.13046
-0.24146
-0.35013
-0.45304
-0.54752
-0.63195
-0.70586
-0.77006
-0.82629
-0.87670
-0.92286
-0.96471
-0.99984
-1.02322
-1.02794
-1.00663
-0.95336
-0.86539
-0.74431
-0.59604
-0.42980
-0.25622
-0.08528
0.07531
0.22096
0.35009
0.46316
0.56155
0.64644
0.71827
0.77669
0.82101
0.85069
0.86572
0.86668
0.85455
0.83038
0.79516
0.74976
0.69514
0.63258
0.56376
0.49070
0.41541
0.33947
0.26367
0.18794
0.11152
0.03352
-0.04657
-0.12837
-0.21044
-0.29041
-0.36540
-0.43264
-0.49008
-0.53691
-0.57383
-0.60298
-0.62742
-0.65023
-0.67344
-0.69695
-0.71787
-0.73058
-0.72773
-0.70185
-0.64733
-0.56214
-0.44870
-0.31360
-0.16626
-0.01695
0.12516
0.25355
0.36485
0.45851
0.53573
0.59827
0.64739
0.68339
0.70572
0.71352
0.70617
0.68378
0.64727
0.59823
0.53861
0.47048
0.39591
0.31697
0.23573
0.15427
0.07450
-0.00196
-0.07403
-0.14127
-0.20380
-0.26216
-0.31701
-0.36901
-0.41869
-0.46653
-0.51304
-0.55863
-0.60342
-0.64669
-0.68647
-0.71919
-0.73992
-0.74309
-0.72368
-0.67854
-0.60741
-0.51322
-0.40147
-0.27902
-0.15255
-0.02730
0.09340
0.20800
0.31587
0.41638
0.50821
0.58908
0.65617
0.70680
0.73931
0.75364
0.75154
0.73624
0.71179
0.68213
0.65035
0.61802
0.58504
0.54987
0.51008
0.46309
0.40698
0.34101
0.26596
0.18399
0.09841
0.01306
-0.06832
-0.14267
-0.20818
-0.26446
-0.31246
-0.35410
-0.39163
-0.42714
-0.46213
-0.49738
-0.53314
-0.56921
-0.60511
-0.63997
-0.67230
-0.69975
-0.71915
-0.72675
-0.71893
-0.69304
-0.64812
-0.58530
-0.50769
-0.41961
-0.32566
-0.22962
-0.13381
-0.03902
0.05500
0.14863
0.24163
0.33259
0.41899
0.49772
0.56566
0.62040
0.66062
0.68626
0.69833
0.69864
0.68932
0.67242
0.64948
0.62135
0.58814
0.54933
0.50415
0.45197
0.39275
0.32734
0.25755
0.18592
0.11519
0.04772
-0.01508
-0.07298
-0.12690
-0.17844
-0.22930
-0.28067
-0.33285
-0.38522
-0.43659
-0.48573
-0.53187
-0.57487
-0.61496
-0.65214
-0.68539
-0.71216
-0.72841
-0.72925
-0.71025
-0.66878
-0.60511
-0.52265
-0.42733
-0.32616
-0.22548
-0.12946
-0.03937
0.04612
0.12975
0.21408
0.29995
0.38575
0.46761
0.54051
0.59973
0.64224
0.66741
0.67693
0.67414
0.66291
0.64674
0.62793
0.60737
0.58461
0.55823
0.52637
0.48733
0.44016
0.38501
0.32342
0.25818
0.19286
0.13100
0.07520
0.02641
-0.01642
-0.05598
-0.09581
-0.13924
-0.18837
-0.24355
-0.30344
-0.36560
-0.42739
-0.48683
-0.54309
-0.59634
-0.64723
-0.69601
-0.74177
-0.78190
-0.81223
-0.82751
-0.82255
-0.79342
-0.73857
-0.65949
-0.56055
-0.44827
-0.32990
-0.21204
-0.09945
0.00547
0.10257
0.19320
0.27927
0.36228
0.44272
0.51990
0.59218
0.65733
0.71299
0.75693
0.78733
0.80289
0.80304
0.78806
0.75914
0.71826
0.66796
0.61093
0.54967
0.48612
0.42165
0.35698
0.29246
0.22819
0.16420
0.10043
0.03672
-0.02734
-0.09248
-0.15965
-0.22994
-0.30425
-0.38299
-0.46582
-0.55141
-0.63729
-0.71986
-0.79449
-0.85583
-0.89841
-0.91747
-0.91008
-0.87606
-0.81850
-0.74350
-0.65904
-0.57314
-0.49189
-0.41799
-0.35031
-0.28467
-0.21559
-0.13838
-0.05081
0.04626
0.14920
0.25285
0.35197
0.44240
0.52160
0.58861
0.64348
0.68666
0.71850
0.73903
0.74807
0.74550
0.73160
0.70726
0.67401
0.63391
0.58939
0.54293
0.49692
0.45338
0.41376
0.37875
0.34813
0.32071
0.29448
0.26685
0.23518
0.19716
0.15132
0.09726
0.03570
-0.03162
-0.10226
-0.17343
-0.24241
-0.30709
-0.36637
-0.42049
-0.47112
-0.52111
-0.57392
-0.63267
-0.69909
-0.77249
-0.84913
-0.92212
-0.98231
-1.01976
-1.02590
-0.99546
-0.92790
-0.82774
-0.70364
-0.56653
-0.42719
-0.29412
-0.17218
-0.06229
0.03771
0.13170
0.22353
0.31579
0.40899
0.50147
0.58981
0.66946
0.73565
0.78412
0.81196
0.81812
0.80381
0.77249
0.72934
0.68038
0.63127
0.58617
0.54686
0.51254
0.48023
0.44579
0.40512
0.35539
0.29577
0.22764
0.15413
0.07924
0.00685
-0.06024
-0.12093
-0.17603
-0.22803
-0.28055
-0.33743
-0.40169
-0.47446
-0.55411
-0.63590
-0.71228
-0.77396
-0.81170
-0.81831
-0.79048
-0.72988
-0.64294
-0.53944
-0.43020
-0.32443
-0.22776
-0.14134
-0.06242
0.01398
0.09278
0.17691
0.26616
0.35712
0.44422
0.52118
0.58259
0.62499
0.64731
0.65069
0.63781
0.61207
0.57686
0.53513
0.48918
0.44077
0.39118
0.34132
0.29170
0.24233
0.19273
0.14199
0.08907
0.03304
-0.02657
-0.08965
-0.15561
-0.22369
-0.29338
-0.36473
-0.43841
-0.51533
-0.59580
-0.67862
-0.76027
-0.83468
-0.89384
-0.92912
-0.93321
-0.90185
-0.83509
-0.73741
-0.61688
-0.48335
-0.34642
-0.21364
-0.08951
0.02469
0.13013
0.22912
0.32380
0.41504
0.50202
0.58238
0.65293
0.71055
0.75303
0.77957
0.79088
0.78879
0.77572
0.75404
0.72570
0.69210
0.65431
0.61333
0.57036
0.52675
0.48372
0.44193
0.40100
0.35930
0.31418
0.26252
0.20168
0.13029
0.04893
-0.03992
-0.13235
-0.22395
-0.31091
-0.39095
-0.46387
-0.53150
-0.59713
-0.66449
-0.73639
-0.81341
-0.89297
-0.96901
-1.03274
-1.07420
-1.08445
-1.05783
-0.99345
-0.89555
-0.77251
-0.63487
-0.49295
-0.35478
-0.22502
-0.10488
0.00701
0.11317
0.21590
0.31627
0.41366
0.50597
0.59010
0.66276
0.72113
0.76335
0.78872
0.79761
0.79124
0.77143
0.74037
0.70054
0.65464
0.60556
0.55621
0.50924
0.46658
0.42897
0.39568
0.36445
0.33200
0.29472
0.24970
0.19550
0.13261
0.06331
-0.00891
-0.08036
-0.14812
-0.21080
-0.26890
-0.32464
-0.38131
-0.44242
-0.51057
-0.58647
-0.66820
-0.75102
-0.82771
-0.88962
-0.92815
-0.93651
-0.91112
-0.85249
-0.76508
-0.65623
-0.53453
-0.40807
-0.28310
-0.16347
-0.05081
0.05481
0.15400
0.24738
0.33507
0.41659
0.49081
0.55608
0.61053
0.65228
0.67987
0.69258
0.69073
0.67580
0.65026
0.61734
0.58044
0.54263
0.50616
0.47207
0.44009
0.40874
0.37574
0.33858
0.29516
0.24434
0.18632
0.12253
0.05540
-0.01230
-0.07812
-0.14067
-0.20010
-0.25830
-0.31865
-0.38513
-0.46116
-0.54814
-0.64423
-0.74376
-0.83759
-0.91440
-0.96279
-0.97375
-0.94263
-0.87035
-0.76322
-0.63165
-0.48781
-0.34321
-0.20646
-0.08213
0.02928
0.13017
0.22406
0.31368
0.39965
0.48016
0.55156
0.60974
0.65152
0.67575
0.68354
0.67780
0.66220
0.63994
0.61299
0.58180
0.54579
0.50415
0.45666
0.40417
0.34850
0.29185
0.23601
0.18176
0.12866
0.07529
0.01969
-0.04003
-0.10533
-0.17709
-0.25563
-0.34067
-0.43118
-0.52495
-0.61821
-0.70544
-0.77965
-0.83328
-0.85958
-0.85410
-0.81595
-0.74813
-0.65701
-0.55079
-0.43753
-0.32338
-0.21154
-0.10235
0.00567
0.11421
0.22365
0.33218
0.43578
0.52905
0.60654
0.66415
0.70014
0.71548
0.71343
0.69859
0.67555
0.64779
0.61700
0.58289
0.54378
0.49736
0.44164
0.37570
0.30005
0.21657
0.12806
0.03759
-0.05214
-0.13948
-0.22407
-0.30695
-0.39001
-0.47518
-0.56321
-0.65256
-0.73870
-0.81428
-0.87029
-0.89794
-0.89079
-0.84641
-0.76711
-0.65944
-0.53271
-0.39702
-0.26141
-0.13253
-0.01418
0.09242
0.18791
0.27384
0.35183
0.42292
0.48717
0.54360
0.59042
0.62551
0.64708
0.65425
0.64752
0.62875
0.60087
0.56731
0.53119
0.49464
0.45836
0.42154
0.38229
0.33830
0.28761
0.22921
0.16319
0.09050
0.01234
-0.07047
-0.15792
-0.25081
-0.35015
-0.45631
-0.56796
-0.68144
-0.79062
-0.88752
-0.96345
-1.01054
-1.02314
-0.99903
-0.93980
-0.85061
-0.73914
-0.61407
-0.48353
-0.35385
-0.22897
-0.11059
0.00110
0.10642
0.20531
0.29681
0.37913
0.45011
0.50802
0.55226
0.58371
0.60467
0.61826
0.62768
0.63535
0.64244
0.64869
0.65274
0.65271
0.64688
0.63422
0.61469
0.58919
0.55925
0.52659
0.49273
0.45865
0.42457
0.38992
0.35341
0.31313
0.26685
0.21237
0.14803
0.07319
-0.01131
-0.10305
-0.19830
-0.29265
-0.38201
-0.46359
-0.53673
-0.60318
-0.66678
-0.73231
-0.80383
-0.88282
-0.96678
-1.04881
-1.11850
-1.16405
-1.17516
-1.14561
-1.07504
-0.96898
-0.83744
-0.69240
-0.54506
-0.40371
-0.27267
-0.15251
-0.04110
0.06491
0.16870
0.27225
0.37584
0.47800
0.57583
0.66563
0.74366
0.80683
0.85333
0.88284
0.89654
0.89671
0.88627
0.86817
0.84501
0.81875
0.79063
0.76124
0.73065
0.69841
0.66372
0.62538
0.58197
0.53206
0.47454
0.40899
0.33591
0.25674
0.17356
0.08857
0.00354
-0.08059
-0.16378
-0.24671
-0.33039
-0.41583
-0.50381
-0.59473
-0.68852
-0.78441
-0.88059
-0.97385
-1.05940
-1.13108
-1.18213
-1.20632
-1.19938
-1.16004
-1.09051
-0.99603
-0.88369
-0.76075
-0.63311
-0.50435
-0.37570
-0.24677
-0.11681
0.01411
0.14440
0.27100
0.39001
0.49765
0.59105
0.66874
0.73056
0.77729
0.81010
0.83027
0.83898
0.83748
0.82727
0.81026
0.78864
0.76454
0.73942
0.71361
0.68613
0.65498
0.61790
0.57337
0.52136
0.46355
0.40284
0.34223
0.28367
0.22719
0.17080
0.11124
0.04524
-0.02918
-0.11185
-0.20034
-0.29071
-0.37870
-0.46101
-0.53622
-0.60501
-0.66968
-0.73300
-0.79678
-0.86061
-0.92119
-0.97247
-1.00673
-1.01632
-0.99552
-0.94202
-0.85757
-0.74758
-0.61986
-0.48278
-0.34363
-0.20749
-0.07685
0.04778
0.16687
0.28067
0.38837
0.48781
0.57594
0.64950
0.70600
0.74430
0.76476
0.76899
0.75918
0.73748
0.70560
0.66472
0.61578
0.55999
0.49919
0.43599
0.37348
0.31459
0.26129
0.21397
0.17119
0.12995
0.08650
0.03727
-0.02028
-0.08707
-0.16246
-0.24456
-0.33092
-0.41902
-0.50656
-0.59124
-0.67039
-0.74052
-0.79725
-0.83569
-0.85128
-0.84094
-0.80394
-0.74233
-0.66071
-0.56521
-0.46222
-0.35713
-0.25348
-0.15285
-0.05522
0.04016
0.13399
0.22626
0.31604
0.40150
0.48023
0.54965
0.60746
0.65195
0.68225
0.69847
0.70164
0.69357
0.67652
0.65290
0.62489
0.59403
0.56106
0.52590
0.48787
0.44609
0.40002
0.34982
0.29655
0.24196
0.18800
0.13615
0.08687
0.03931
-0.00846
-0.05889
-0.11407
-0.17500
-0.24121
-0.31089
-0.38168
-0.45153
-0.51953
-0.58612
-0.65260
-0.71999
-0.78778
-0.85294
-0.90980
-0.95088
-0.96845
-0.95644
-0.91198
-0.83618
-0.73382
-0.61221
-0.47955
-0.34339
-0.20951
-0.08151
0.03900
0.15167
0.25670
0.35416
0.44370
0.52449
0.59552
0.65584
0.70480
0.74216
0.76803
0.78278
0.78686
0.78076
0.76501
0.74027
0.70744
0.66775
0.62270
0.57397
0.52308
0.47115
0.41862
0.36505
0.30921
0.24935
0.18372
0.11117
0.03169
-0.05338
-0.14158
-0.23001
-0.31621
-0.39893
-0.47849
-0.55655
-0.63521
-0.71572
-0.79727
-0.87626
-0.94642
-0.99987
-1.02887
-1.02773
-0.99422
-0.93016
-0.84084
-0.73368
-0.61638
-0.49542
-0.37509
-0.25738
-0.14257
-0.03014
0.08033
0.18867
0.29390
0.39431
0.48780
0.57212
0.64517
0.70529
0.75142
0.78336
0.80170
0.80775
0.80324
0.78994
0.76941
0.74274
0.71061
0.67340
0.63145
0.58530
0.53578
0.48401
0.43112
0.37806
0.32530
0.27265
0.21936
0.16424
0.10606
0.04385
-0.02283
-0.09382
-0.16840
-0.24550
-0.32394
-0.40278
-0.48149
-0.56017
-0.63937
-0.71968
-0.80096
-0.88144
-0.95707
-1.02146
-1.06659
-1.08437
-1.06849
-1.01622
-0.92934
-0.81398
-0.67941
-0.53598
-0.39306
-0.25731
-0.13187
-0.01655
0.09118
0.19467
0.29661
0.39785
0.49698
0.59055
0.67396
0.74261
0.79303
0.82359
0.83472
0.82860
0.80853
0.77803
0.74031
0.69782
0.65226
0.60475
0.55609
0.50692
0.45765
0.40835
0.35863
0.30756
0.25385
0.19614
0.13333
0.06486
-0.00916
-0.08802
-0.17063
-0.25586
-0.34279
-0.43084
-0.51961
-0.60858
-0.69656
-0.78114
-0.85834
-0.92268
-0.96777
-0.98741
-0.97685
-0.93410
-0.86052
-0.76081
-0.64213
-0.51269
-0.38017
-0.25042
-0.12680
-0.01026
0.09994
0.20513
0.30623
0.40308
0.49420
0.57711
0.64881
0.70650
0.74820
0.77316
0.78210
0.77694
0.76041
0.73538
0.70427
0.66865
0.62929
0.58635
0.53987
0.49001
0.43721
0.38191
0.32417
0.26341
0.19839
0.12771
0.05043
-0.03327
-0.12197
-0.21328
-0.30471
-0.39449
-0.48218
-0.56856
-0.65485
-0.74152
-0.82702
-0.90717
-0.97534
-1.02365
-1.04474
-1.03367
-0.98915
-0.91388
-0.81372
-0.69617
-0.56854
-0.43653
-0.30368
-0.17159
-0.04090
0.08766
0.21253
0.33113
0.44033
0.53717
0.61954
0.68646
0.73799
0.77483
0.79791
0.80805
0.80610
0.79309
0.77056
0.74062
0.70571
0.66808
0.62921
0.58943
0.54788
0.50300
0.45313
0.39722
0.33516
0.26772
0.19611
0.12143
0.04419
-0.03573
-0.11890
-0.20592
-0.29698
-0.39171
-0.48923
-0.58818
-0.68676
-0.78248
-0.87187
-0.95024
-1.01187
-1.05072
-1.06154
-1.04112
-0.98925
-0.90902
-0.80624
-0.68826
-0.56239
-0.43451
-0.30839
-0.18565
-0.06652
0.04912
0.16091
0.26755
0.36689
0.45650
0.53435
0.59938
0.65160
0.69194
0.72170
0.74204
0.75358
0.75641
0.75033
0.73519
0.71128
0.67955
0.64148
0.59885
0.55332
0.50595
0.45700
0.40582
0.35115
0.29151
0.22582
0.15397
0.07715
-0.00204
-0.07998
-0.15259
-0.21624
-0.26849
-0.30861
-0.33770
-0.35851
-0.37485
-0.39097
-0.41091
-0.43785
-0.47371
-0.51878
-0.57162
-0.62902
-0.68618
-0.73714
-0.77539
-0.79472
-0.79015
-0.75878
-0.70031
-0.61724
-0.51445
-0.39844
-0.27630
-0.15461
-0.03871
0.06779
0.16298
0.24628
0.31795
0.37863
0.42903
0.46977
0.50134
0.52413
0.53845
0.54463
0.54303
0.53421
0.51893
0.49819
0.47314
0.44494
0.41460
0.38296
0.35075
0.31876
0.28785
0.25900
0.23299
0.21010
0.18978
0.17053
0.15009
0.12595
0.09600
0.05917
0.01584
-0.03222
-0.08235
-0.13183
-0.17877
-0.22286
-0.26549
-0.30935
-0.35738
-0.41150
-0.47138
-0.53370
-0.59227
-0.63900
-0.66564
-0.66574
-0.63631
-0.57866
-0.49800
-0.40210
-0.29935
-0.19676
-0.09868
-0.00641
0.08118
0.16633
0.25088
0.33508
0.41715
0.49354
0.55989
0.61212
0.64752
0.66528
0.66657
0.65398
0.63072
0.59980
0.56337
0.52256
0.47766
0.42864
0.37559
0.31913
0.26042
0.20091
0.14191
0.08408
0.02716
-0.03013
-0.08986
-0.15446
-0.22618
-0.30657
-0.39590
-0.49280
-0.59402
-0.69443
-0.78751
-0.86613
-0.92369
-0.95541
-0.95925
-0.93633
-0.89062
-0.82795
-0.75462
-0.67610
-0.59605
-0.51605
-0.43606
-0.35518
-0.27265
-0.18842
-0.10343
-0.01932
0.06210
0.13935
0.21163
0.27887
0.34151
0.40016
0.45520
0.50659
0.55379
0.59589
0.63182
0.66052
0.68114
0.69312
0.69618
0.69042
0.67640
0.65519
0.62850
0.59859
0.56798
0.53905
0.51353
0.49206
0.47407
0.45786
0.44112
0.42157
0.39753
0.36840
0.33483
0.29850
0.26170
0.22664
0.19481
0.16631
0.13956
0.11133
0.07716
0.03218
-0.02779
-0.10529
-0.20049
-0.31092
-0.43180
-0.55678
-0.67910
-0.79277
-0.89357
-0.97954
-1.05070
-1.10811
-1.15255
-1.18327
-1.19742
-1.19045
-1.15749
-1.09519
-1.00342
-0.88605
-0.75054
-0.60638
-0.46290
-0.32729
-0.20339
-0.09163
0.01011
0.10506
0.19621
0.28543
0.37312
0.45843
0.53949
0.61389
0.67894
0.73207
0.77125
0.79547
0.80509
0.80196
0.78919
0.77048
0.74941
0.72876
0.71004
0.69344
0.67807
0.66232
0.64438
0.62268
0.59615
0.56434
0.52724
0.48504
0.43776
0.38508
0.32635
0.26096
0.18874
0.11047
0.02795
-0.05613
-0.13887
-0.21788
-0.29209
-0.36207
-0.43000
-0.49896
-0.57189
-0.65035
-0.73348
-0.81747
-0.89569
-0.95976
-1.00119
-1.01343
-0.99357
-0.94336
-0.86904
-0.77989
-0.68612
-0.59635
-0.51581
-0.44548
-0.38255
-0.32186
-0.25783
-0.18625
-0.10546
-0.01664
0.07667
0.16966
0.25744
0.33599
0.40284
0.45713
0.49940
0.53107
0.55391
0.56955
0.57913
0.58327
0.58210
0.57557
0.56365
0.54665
0.52523
0.50040
0.47339
0.44541
0.41756
0.39062
0.36512
0.34131
0.31925
0.29879
0.27953
0.26073
0.24127
0.21974
0.19467
0.16489
0.12993
0.09036
0.04790
0.00511
-0.03512
-0.07035
-0.09935
-0.12259
-0.14232
-0.16220
-0.18656
-0.21947
-0.26389
-0.32097
-0.38981
-0.46750
-0.54944
-0.62998
-0.70296
-0.76241
-0.80311
-0.82114
-0.81434
-0.78257
-0.72776
-0.65344
-0.56415
-0.46451
-0.35855
-0.24930
-0.13890
-0.02894
0.07899
0.18299
0.28073
0.36964
0.44717
0.51106
0.55957
0.59164
0.60711
0.60689
0.59300
0.56853
0.53722
0.50293
0.46898
0.43753
0.40926
0.38334
0.35784
0.33034
0.29865
0.26142
0.21837
0.17022
0.11835
0.06426
0.00903
-0.04706
-0.10472
-0.16544
-0.23106
-0.30298
-0.38136
-0.46441
-0.54796
-0.62574
-0.69012
-0.73346
-0.74975
-0.73595
-0.69278
-0.62460
-0.53833
-0.44186
-0.34220
-0.24419
-0.14990
-0.05892
0.03055
0.12037
0.21130
0.30229
0.39059
0.47232
0.54339
0.60036
0.64099
0.66451
0.67144
0.66329
0.64219
0.61055
0.57088
0.52570
0.47743
0.42839
0.38057
0.33534
0.29321
0.25358
0.21481
0.17458
0.13044
0.08064
0.02465
-0.03649
-0.10051
-0.16450
-0.22590
-0.28330
-0.33686
-0.38824
-0.43995
-0.49442
-0.55299
-0.61512
-0.67803
-0.73681
-0.78514
-0.81631
-0.82447
-0.80577
-0.75922
-0.68700
-0.59407
-0.48736
-0.37442
-0.26206
-0.15521
-0.05637
0.03438
0.11871
0.19897
0.27711
0.35373
0.42767
0.49613
0.55541
0.60188
0.63295
0.64773
0.64706
0.63313
0.60875
0.57659
0.53873
0.49654
0.45092
0.40260
0.35242
0.30140
0.25054
0.20059
0.15181
0.10389
0.05606
0.00727
-0.04356
-0.09732
-0.15457
-0.21531
-0.27875
-0.34303
-0.40513
-0.46088
-0.50539
-0.53370
-0.54160
-0.52643
-0.48760
-0.42672
-0.34738
-0.25466
-0.15448
