81.00000
322.00000
565.00000
810.00000
1052.00000
1301.00000
1548.00000
1798.00000
2047.00000
2296.00000
2547.00000
2800.00000
3056.00000
3306.00000
3556.00000
3811.00000
4064.00000
4316.00000
4567.00000
4821.00000
5073.00000
5325.00000
5577.00000
5831.00000
6086.00000
6341.00000
6592.00000
6842.00000
7089.00000
7339.00000
7585.00000
7830.00000
8073.00000
8318.00000
8564.00000
8813.00000
9062.00000
9316.00000
9566.00000
9815.00000
10063.00000
10313.00000
10564.00000
10814.00000
11065.00000
11315.00000
11565.00000
11814.00000
12061.00000
12314.00000
12564.00000
12817.00000
13068.00000
13321.00000
13569.00000
13817.00000
14066.00000
14314.00000
14561.00000
14809.00000
15056.00000
15302.00000
15547.00000
15795.00000
16046.00000
16293.00000
16542.00000
16791.00000
17043.00000
17296.00000
17547.00000
17804.00000
18058.00000
18316.00000
18572.00000
18825.00000
19084.00000
19339.00000
19595.00000
19853.00000
20106.00000
20364.00000
20615.00000
20866.00000
21116.00000
21365.00000
21611.00000
21857.00000
22107.00000
22354.00000
22603.00000
22854.00000
23105.00000
23364.00000
23625.00000
23884.00000
24145.00000
24401.00000
24653.00000
24901.00000
25148.00000
25392.00000
25635.00000
25875.00000
26116.00000
26354.00000
26592.00000
26831.00000
27070.00000
27309.00000
27546.00000
27784.00000
28022.00000
28260.00000
28498.00000
28736.00000
28972.00000
29209.00000
29447.00000
29684.00000
29928.00000
30173.00000
30415.00000
30660.00000
30904.00000
31151.00000
31393.00000
31634.00000
31874.00000
32114.00000
32353.00000
32592.00000
32835.00000
33079.00000
33323.00000
33565.00000
33811.00000
34050.00000
34291.00000
34531.00000
34770.00000
35010.00000
35251.00000
35492.00000
35734.00000
35979.00000
36223.00000
36472.00000
36724.00000
36971.00000
37217.00000
37463.00000
37709.00000
37953.00000
38196.00000
38437.00000
38677.00000
38917.00000
39156.00000
39395.00000
39634.00000
39872.00000
40114.00000
40357.00000
40602.00000
40846.00000
41093.00000
41344.00000
41590.00000
41841.00000
42089.00000
42343.00000
42592.00000
42841.00000
43087.00000
43336.00000
43585.00000
43836.00000
44087.00000
44336.00000
44584.00000
44830.00000
45076.00000
45319.00000
45563.00000
45807.00000
46048.00000
46291.00000
46535.00000
46783.00000
47035.00000
47287.00000
47537.00000
47790.00000
48041.00000
48294.00000
48547.00000
48799.00000
49056.00000
49310.00000
49565.00000
49823.00000
50079.00000
50336.00000
50591.00000
50851.00000
51108.00000
51367.00000
51627.00000
51887.00000
52141.00000
52393.00000
52643.00000
52891.00000
53137.00000
53382.00000
53629.00000
53877.00000
54123.00000
54368.00000
54613.00000
54858.00000
55103.00000
55348.00000
55599.00000
55846.00000
56094.00000
56343.00000
56590.00000
56834.00000
57080.00000
57326.00000
57571.00000
57818.00000
58062.00000
58312.00000
58565.00000
58812.00000
59068.00000
59323.00000
59576.00000
59830.00000
60079.00000
60327.00000
60574.00000
60822.00000
61068.00000
61314.00000
61560.00000
61806.00000
62051.00000
62294.00000
62535.00000
62777.00000
63015.00000
63253.00000
63488.00000
63723.00000
63957.00000
64194.00000
64440.00000
64683.00000
64937.00000
65185.00000
65441.00000
65692.00000
65949.00000
66201.00000
66459.00000
66710.00000
66959.00000
67206.00000
67451.00000
67696.00000
67939.00000
68181.00000
68424.00000
68671.00000
68916.00000
69161.00000
69411.00000
69661.00000
69917.00000
70171.00000
70425.00000
70681.00000
70936.00000
71188.00000
71438.00000
71686.00000
71932.00000
72177.00000
72420.00000
72661.00000
72901.00000
73142.00000
73384.00000
73626.00000
73869.00000
74111.00000
74354.00000
74604.00000
74856.00000
75112.00000
75367.00000
75621.00000
75878.00000
76134.00000
76386.00000
76642.00000
76896.00000
77142.00000
77388.00000
77634.00000
77878.00000
78122.00000
78369.00000
78617.00000
78871.00000
79123.00000
79374.00000
79623.00000
79877.00000
80125.00000
80372.00000
80616.00000
80862.00000
81108.00000
81354.00000
81598.00000
81841.00000
82085.00000
82330.00000
82574.00000
82814.00000
83055.00000
83294.00000
83532.00000
83771.00000
84009.00000
84246.00000
84482.00000
84720.00000
84958.00000
85197.00000
85438.00000
85677.00000
85917.00000
86166.00000
86411.00000
86662.00000
86916.00000
87167.00000
87423.00000
87675.00000
87926.00000
88174.00000
88423.00000
88681.00000
88937.00000
89192.00000
89450.00000
89703.00000
89964.00000
90223.00000
90485.00000
90747.00000
91005.00000
91263.00000
91517.00000
91769.00000
92018.00000
92265.00000
92512.00000
92759.00000
93006.00000
93259.00000
93511.00000
93762.00000
94022.00000
94276.00000
94539.00000
94797.00000
95055.00000
95313.00000
95574.00000
95833.00000
96091.00000
96347.00000
96608.00000
96863.00000
97128.00000
97388.00000
97648.00000
97912.00000
98175.00000
98437.00000
98699.00000
98955.00000
99208.00000
99467.00000
99721.00000
99971.00000
