0.90000
1.06000
1.30000
1.42000
1.82000
1.42000
1.56000
1.00000
0.96000
1.24000
1.64000
1.58000
1.68000
2.02000
1.48000
1.82000
1.86000
1.44000
1.24000
1.14000
1.24000
0.94000
1.72000
1.68000
1.46000
1.90000
1.18000
1.28000
1.32000
1.74000
1.96000
1.00000
0.98000
2.14000
1.78000
1.02000
0.90000
0.78000
0.86000
0.94000
0.76000
1.16000
1.06000
1.38000
1.38000
1.04000
1.44000
1.44000
0.98000
1.82000
1.58000
1.38000
1.90000
1.28000
1.32000
1.76000
2.02000
2.14000
2.36000
1.60000
1.82000
1.84000
1.24000
1.06000
1.46000
1.06000
1.04000
0.90000
0.70000
0.60000
0.82000
1.08000
0.80000
0.78000
0.74000
0.82000
0.78000
0.64000
0.76000
0.76000
0.66000
0.74000
0.82000
0.78000
0.78000
0.58000
0.86000
0.82000
0.72000
0.68000
0.78000
0.82000
0.80000
0.74000
0.68000
0.66000
0.60000
0.58000
0.52000
0.54000
0.78000
0.74000
0.84000
0.94000
0.88000
0.94000
0.92000
1.12000
0.96000
0.80000
0.80000
0.80000
0.68000
0.70000
0.84000
0.78000
0.80000
1.58000
0.92000
0.80000
0.78000
0.78000
0.80000
0.76000
