88.00000
185.00000
282.00000
380.00000
476.00000
574.00000
672.00000
768.00000
866.00000
963.00000
1060.00000
1158.00000
1256.00000
1353.00000
1451.00000
1548.00000
1646.00000
1743.00000
1839.00000
1936.00000
2032.00000
2128.00000
2224.00000
2320.00000
2415.00000
2511.00000
2608.00000
2703.00000
2799.00000
2895.00000
2991.00000
3087.00000
3184.00000
3281.00000
3379.00000
3476.00000
3574.00000
3673.00000
3772.00000
3870.00000
3968.00000
4066.00000
4163.00000
4261.00000
4358.00000
4455.00000
4553.00000
4650.00000
4751.00000
4854.00000
4957.00000
5058.00000
5157.00000
5258.00000
5357.00000
5457.00000
5556.00000
5654.00000
5753.00000
5850.00000
5948.00000
6045.00000
6142.00000
6238.00000
6335.00000
6431.00000
6527.00000
6623.00000
6719.00000
6815.00000
6910.00000
7006.00000
7102.00000
7197.00000
7293.00000
7389.00000
7484.00000
7581.00000
7677.00000
7773.00000
7869.00000
7966.00000
8062.00000
8158.00000
8253.00000
8349.00000
8444.00000
8539.00000
8635.00000
8731.00000
8826.00000
8925.00000
9022.00000
9121.00000
9218.00000
9318.00000
9417.00000
9518.00000
9618.00000
9719.00000
9819.00000
9919.00000
10020.00000
10121.00000
10221.00000
10320.00000
10419.00000
10517.00000
10615.00000
10713.00000
10811.00000
10907.00000
11004.00000
11101.00000
11198.00000
11295.00000
11392.00000
11488.00000
11585.00000
11682.00000
11779.00000
11877.00000
11977.00000
12081.00000
12186.00000
12289.00000
12391.00000
12492.00000
12595.00000
12700.00000
12803.00000
12905.00000
13007.00000
13109.00000
13211.00000
13312.00000
13412.00000
13513.00000
13613.00000
13712.00000
13811.00000
13910.00000
14009.00000
14107.00000
14205.00000
14302.00000
14399.00000
14496.00000
14593.00000
14690.00000
14787.00000
14883.00000
14980.00000
15077.00000
15174.00000
15271.00000
15368.00000
15466.00000
15563.00000
15661.00000
15760.00000
15858.00000
15957.00000
16055.00000
16154.00000
16252.00000
16351.00000
16450.00000
16549.00000
16650.00000
16751.00000
16850.00000
16950.00000
17050.00000
17150.00000
17249.00000
17348.00000
17447.00000
17546.00000
17644.00000
17742.00000
17840.00000
17937.00000
18035.00000
18132.00000
18229.00000
18326.00000
18424.00000
18521.00000
18618.00000
18716.00000
18818.00000
18918.00000
19018.00000
19117.00000
19217.00000
19317.00000
19417.00000
19516.00000
19615.00000
19714.00000
19812.00000
19911.00000
20009.00000
20107.00000
20204.00000
20302.00000
20399.00000
20497.00000
20594.00000
20697.00000
20798.00000
20897.00000
21001.00000
21104.00000
21210.00000
21317.00000
21424.00000
21534.00000
21643.00000
21752.00000
21857.00000
21962.00000
22065.00000
22167.00000
22269.00000
22370.00000
22471.00000
22572.00000
22673.00000
22773.00000
22873.00000
22975.00000
23076.00000
23176.00000
23278.00000
23378.00000
23479.00000
23579.00000
23679.00000
23779.00000
23878.00000
23977.00000
24076.00000
24176.00000
24275.00000
24375.00000
24474.00000
24573.00000
24672.00000
24771.00000
24870.00000
24968.00000
25066.00000
25165.00000
25263.00000
25361.00000
25459.00000
25557.00000
25655.00000
25753.00000
25850.00000
25948.00000
26045.00000
26142.00000
26239.00000
26336.00000
26433.00000
26529.00000
26625.00000
26721.00000
26816.00000
26912.00000
27007.00000
27103.00000
27199.00000
27295.00000
27391.00000
27488.00000
27584.00000
27681.00000
27778.00000
27877.00000
27975.00000
28073.00000
28171.00000
28269.00000
28366.00000
28464.00000
28562.00000
28659.00000
28756.00000
28853.00000
28951.00000
29048.00000
29145.00000
29243.00000
29340.00000
29437.00000
29535.00000
29632.00000
29730.00000
29827.00000
29924.00000
30020.00000
30117.00000
30214.00000
30310.00000
30406.00000
30503.00000
30599.00000
30696.00000
30792.00000
30888.00000
30985.00000
31081.00000
31177.00000
31274.00000
31370.00000
31466.00000
31562.00000
31658.00000
31754.00000
31850.00000
31946.00000
32041.00000
32137.00000
32232.00000
32328.00000
32423.00000
32519.00000
32614.00000
32710.00000
32806.00000
32902.00000
32998.00000
33095.00000
33191.00000
33288.00000
33384.00000
33481.00000
33577.00000
33674.00000
33770.00000
33866.00000
33965.00000
34063.00000
34161.00000
34258.00000
34356.00000
34454.00000
34552.00000
34650.00000
34748.00000
34846.00000
34944.00000
35041.00000
35138.00000
35235.00000
35332.00000
35428.00000
35525.00000
35622.00000
35718.00000
35814.00000
35911.00000
36006.00000
36102.00000
36198.00000
36294.00000
36389.00000
36485.00000
36580.00000
36676.00000
36771.00000
36866.00000
36961.00000
37056.00000
37151.00000
37246.00000
37340.00000
37435.00000
37530.00000
37625.00000
37720.00000
37816.00000
37911.00000
38006.00000
38102.00000
38198.00000
38293.00000
38389.00000
38484.00000
38579.00000
38675.00000
38770.00000
38865.00000
38960.00000
39055.00000
39150.00000
39245.00000
39339.00000
39434.00000
39529.00000
39624.00000
39720.00000
39815.00000
39910.00000
40006.00000
40101.00000
40196.00000
40292.00000
40387.00000
40483.00000
40579.00000
40674.00000
40770.00000
40865.00000
40960.00000
41056.00000
41151.00000
41246.00000
41341.00000
41436.00000
41531.00000
41626.00000
41722.00000
41817.00000
41912.00000
42008.00000
42103.00000
42199.00000
42294.00000
42390.00000
42485.00000
42581.00000
42676.00000
42772.00000
42867.00000
42962.00000
43058.00000
43153.00000
43247.00000
43343.00000
43438.00000
43533.00000
43628.00000
43723.00000
43818.00000
43914.00000
44010.00000
44112.00000
44212.00000
44310.00000
44408.00000
44506.00000
44604.00000
44702.00000
44799.00000
44895.00000
44991.00000
45087.00000
45182.00000
45277.00000
45372.00000
45466.00000
45560.00000
45654.00000
45748.00000
45842.00000
45936.00000
46029.00000
46123.00000
46217.00000
46310.00000
46404.00000
46497.00000
46591.00000
46684.00000
46778.00000
46871.00000
46965.00000
47058.00000
47151.00000
47244.00000
47337.00000
47430.00000
47523.00000
47616.00000
47709.00000
47802.00000
47895.00000
47988.00000
48080.00000
48173.00000
48266.00000
48359.00000
48452.00000
48545.00000
48639.00000
48733.00000
48827.00000
48921.00000
49015.00000
49109.00000
49203.00000
49297.00000
49391.00000
49485.00000
49579.00000
49673.00000
49766.00000
49860.00000
49953.00000
