1.26000
1.40000
1.20000
1.46000
1.68000
1.14000
1.38000
1.48000
1.30000
1.36000
1.30000
1.16000
1.16000
1.32000
1.32000
1.12000
1.22000
1.30000
1.12000
1.20000
1.32000
1.10000
1.26000
1.44000
1.16000
1.12000
1.08000
1.08000
1.32000
1.48000
1.36000
1.38000
1.56000
1.44000
1.50000
1.24000
1.22000
1.24000
1.28000
1.40000
1.34000
1.34000
1.06000
1.36000
1.36000
1.30000
1.42000
1.46000
1.56000
1.42000
1.78000
1.60000
1.38000
1.46000
1.56000
1.24000
1.48000
1.44000
1.60000
1.32000
1.22000
1.42000
1.50000
1.52000
1.30000
1.34000
1.26000
1.24000
1.00000
1.10000
2.38000
0.96000
1.54000
1.34000
1.12000
1.24000
1.32000
1.34000
2.02000
1.52000
1.12000
1.14000
1.28000
1.22000
1.38000
1.50000
1.20000
1.34000
1.52000
1.98000
1.32000
1.16000
3.30000
1.20000
1.32000
1.02000
1.20000
1.62000
1.52000
1.48000
1.56000
1.58000
1.48000
1.18000
1.10000
1.30000
1.08000
1.12000
1.14000
1.14000
1.30000
1.32000
1.36000
1.22000
1.20000
1.16000
1.18000
1.26000
1.20000
1.10000
1.18000
1.18000
1.16000
1.22000
1.44000
1.36000
1.18000
1.00000
1.06000
1.18000
1.42000
1.18000
1.26000
1.10000
1.10000
1.16000
1.18000
1.20000
