47.00000
145.00000
243.00000
340.00000
438.00000
536.00000
634.00000
731.00000
829.00000
926.00000
1023.00000
1120.00000
1217.00000
1313.00000
1410.00000
1507.00000
1605.00000
1702.00000
1810.00000
1916.00000
2024.00000
2133.00000
2239.00000
2343.00000
2446.00000
2549.00000
2651.00000
2755.00000
2857.00000
2958.00000
3059.00000
3159.00000
3259.00000
3358.00000
3457.00000
3557.00000
3657.00000
3755.00000
3854.00000
3953.00000
4051.00000
4150.00000
4249.00000
4348.00000
4447.00000
4545.00000
4643.00000
4745.00000
4846.00000
4946.00000
5047.00000
5147.00000
5248.00000
5348.00000
5448.00000
5548.00000
5647.00000
5747.00000
5845.00000
5944.00000
6044.00000
6143.00000
6242.00000
6342.00000
6441.00000
6541.00000
6640.00000
6740.00000
6839.00000
6938.00000
7037.00000
7137.00000
7237.00000
7336.00000
7435.00000
7535.00000
7634.00000
7734.00000
7833.00000
7933.00000
8033.00000
8132.00000
8232.00000
8332.00000
8432.00000
8532.00000
8632.00000
8733.00000
8833.00000
8932.00000
9032.00000
9131.00000
9230.00000
9329.00000
9427.00000
9525.00000
9623.00000
9720.00000
9818.00000
9915.00000
10012.00000
10109.00000
10207.00000
10305.00000
10403.00000
10502.00000
10601.00000
10699.00000
10798.00000
10897.00000
10997.00000
11097.00000
11196.00000
11296.00000
11397.00000
11497.00000
11598.00000
11699.00000
11800.00000
11901.00000
12002.00000
12102.00000
12203.00000
12303.00000
12403.00000
12503.00000
12603.00000
12702.00000
12801.00000
12900.00000
12998.00000
13097.00000
13195.00000
13293.00000
13391.00000
13489.00000
13587.00000
13684.00000
13782.00000
13880.00000
13978.00000
14079.00000
14179.00000
14278.00000
14377.00000
14476.00000
14576.00000
14675.00000
14775.00000
14875.00000
14975.00000
15076.00000
15177.00000
15279.00000
15383.00000
15487.00000
15593.00000
15696.00000
15801.00000
15905.00000
16009.00000
16111.00000
16213.00000
16315.00000
16415.00000
16516.00000
16616.00000
16715.00000
16814.00000
16912.00000
17010.00000
17109.00000
17206.00000
17304.00000
17402.00000
17500.00000
17598.00000
17696.00000
17793.00000
17890.00000
17990.00000
18088.00000
18187.00000
18285.00000
18383.00000
18482.00000
18580.00000
18679.00000
18779.00000
18877.00000
18976.00000
19075.00000
19175.00000
19275.00000
19375.00000
19477.00000
19577.00000
19678.00000
19783.00000
19885.00000
19987.00000
20089.00000
20190.00000
20292.00000
20392.00000
20492.00000
20593.00000
20693.00000
20793.00000
20892.00000
20992.00000
21092.00000
21195.00000
21297.00000
21398.00000
21499.00000
21600.00000
21701.00000
21801.00000
21902.00000
22003.00000
22103.00000
22204.00000
22304.00000
22404.00000
22505.00000
22606.00000
22706.00000
22808.00000
22908.00000
23008.00000
23109.00000
23210.00000
23309.00000
23409.00000
23508.00000
23607.00000
23707.00000
23806.00000
23905.00000
24004.00000
24103.00000
24203.00000
24302.00000
24401.00000
24500.00000
24599.00000
24699.00000
24798.00000
24898.00000
24997.00000
25096.00000
25195.00000
25295.00000
25394.00000
25493.00000
25593.00000
25694.00000
25794.00000
25894.00000
25994.00000
26095.00000
26195.00000
26296.00000
26396.00000
26497.00000
26597.00000
26698.00000
26799.00000
26899.00000
26999.00000
27100.00000
27200.00000
27300.00000
27400.00000
27501.00000
27601.00000
27701.00000
27802.00000
27903.00000
28004.00000
28104.00000
28205.00000
28306.00000
28407.00000
28508.00000
28610.00000
28712.00000
