40.00000
102.00000
172.00000
244.00000
328.00000
388.00000
438.00000
490.00000
550.00000
610.00000
664.00000
726.00000
791.00000
852.00000
918.00000
978.00000
1036.00000
1086.00000
1144.00000
1209.00000
1262.00000
1322.00000
1387.00000
1440.00000
1488.00000
1544.00000
1594.00000
1647.00000
1696.00000
1750.00000
1815.00000
1885.00000
1953.00000
2007.00000
2064.00000
2128.00000
2187.00000
2243.00000
2297.00000
2360.00000
2424.00000
2479.00000
2531.00000
2583.00000
2634.00000
2687.00000
2739.00000
2792.00000
2844.00000
2901.00000
2982.00000
3031.00000
3080.00000
3134.00000
3191.00000
3244.00000
3313.00000
3386.00000
3412.00000
3447.00000
3483.00000
3527.00000
3577.00000
3629.00000
3683.00000
3737.00000
3786.00000
3835.00000
3879.00000
3931.00000
3981.00000
4034.00000
4089.00000
4143.00000
4195.00000
4248.00000
4301.00000
4354.00000
4402.00000
4456.00000
4513.00000
4567.00000
4619.00000
4669.00000
4720.00000
4771.00000
4822.00000
4875.00000
4929.00000
4980.00000
5030.00000
5077.00000
5123.00000
5174.00000
5225.00000
5274.00000
5326.00000
5376.00000
5424.00000
5473.00000
5527.00000
5583.00000
5629.00000
5680.00000
5736.00000
5785.00000
5840.00000
5894.00000
5949.00000
6001.00000
6055.00000
6109.00000
6160.00000
6214.00000
6267.00000
6321.00000
6370.00000
6422.00000
6476.00000
6527.00000
6582.00000
6632.00000
6681.00000
6734.00000
6789.00000
6842.00000
6897.00000
6954.00000
