0.50800
0.52800
0.52800
0.51000
0.53200
0.50400
0.52800
0.52800
0.50400
0.52800
0.52800
0.52800
0.52600
0.53200
0.51000
0.53400
0.50800
0.52800
0.51000
0.53400
0.50800
0.53200
0.50800
0.51000
0.52600
0.50200
0.52600
0.50800
0.53000
0.51800
0.50800
0.53200
0.51000
0.53600
0.50600
0.53000
0.52600
0.50600
0.53600
0.51200
0.53000
0.51000
0.53600
0.51200
0.53800
0.53000
0.51000
0.53800
0.51000
0.53600
0.50600
0.53400
0.52800
0.50800
0.52200
0.50200
0.52000
0.50200
0.52000
0.49800
0.51600
0.49800
0.50200
0.51000
0.51000
0.50800
0.51400
0.50800
0.51400
0.49800
0.51800
0.51000
0.50000
0.52200
0.51400
0.51000
0.51400
0.51200
0.52200
0.51400
0.52000
0.51600
0.52000
0.51800
0.50600
0.53000
0.50600
0.53200
0.51000
0.53200
0.51000
0.53000
0.50600
0.52400
0.52000
0.50400
0.52800
0.50400
0.52600
0.51000
0.52600
0.50400
0.53000
0.50800
0.52600
0.50400
0.53000
0.50600
0.52600
0.50000
0.52600
0.50200
0.51800
0.50000
0.52400
0.51800
0.51600
0.51400
0.51600
0.51400
0.51400
0.50400
0.51800
0.49800
0.52000
0.49800
0.52200
0.48600
0.52400
0.52200
0.53000
0.52800
0.52800
0.52800
0.52600
0.53000
0.52400
0.52200
0.52200
0.50400
0.52400
0.50400
0.52200
0.51800
0.50200
0.52200
0.50200
0.51600
0.49800
0.51200
0.49600
0.51200
0.50800
0.51000
0.51400
0.51800
0.52000
0.52000
0.52000
0.52200
0.52200
0.52800
0.52200
0.53000
0.52600
0.52800
0.51200
0.54000
0.51400
0.53600
0.51600
0.53400
0.51400
0.53200
0.51000
0.53800
0.51000
0.53600
0.51200
0.53000
0.51000
0.53600
0.51400
0.53200
0.51400
0.53800
0.52800
0.52800
0.51400
0.53400
0.51400
0.53800
0.53000
0.52800
0.53000
0.51400
0.54000
0.51000
0.53400
0.50800
0.53200
0.50800
0.53400
0.50600
0.53400
0.50800
0.53200
0.50600
0.53800
0.51000
0.52800
0.50800
0.52000
0.50000
0.51800
0.50000
0.52000
0.51800
0.51800
0.51400
0.52000
0.51600
0.52600
0.52200
0.53000
0.52600
0.53400
0.52600
0.53200
0.52600
0.53400
0.51600
0.54400
0.51400
0.54400
0.51200
0.54600
0.51600
0.54600
0.51600
0.54400
0.51400
0.54600
0.51600
0.54600
0.52000
0.54600
0.51800
0.54600
0.51800
0.54000
0.51600
0.54000
0.51400
0.54200
0.51800
0.54400
0.51800
0.53600
0.51200
0.52800
0.51000
0.53200
0.51000
0.52800
0.50800
0.53200
0.50800
