243.00000
510.00000
778.00000
1045.00000
1312.00000
1570.00000
1840.00000
2107.00000
2375.00000
2641.00000
2906.00000
3171.00000
3438.00000
3706.00000
3973.00000
4238.00000
4506.00000
4766.00000
5039.00000
5306.00000
5576.00000
5844.00000
6114.00000
6381.00000
6649.00000
6909.00000
7179.00000
7438.00000
7710.00000
7981.00000
8250.00000
8523.00000
8784.00000
9059.00000
9320.00000
9595.00000
9864.00000
10134.00000
10401.00000
10669.00000
10927.00000
11197.00000
11465.00000
11732.00000
11999.00000
12268.00000
12528.00000
12801.00000
13058.00000
13328.00000
13584.00000
13851.00000
14104.00000
14369.00000
14625.00000
14887.00000
15151.00000
15406.00000
15670.00000
15930.00000
16185.00000
16451.00000
16713.00000
16974.00000
17239.00000
17501.00000
17765.00000
18032.00000
18297.00000
18564.00000
18821.00000
19090.00000
19346.00000
19611.00000
19874.00000
20130.00000
20398.00000
20655.00000
20924.00000
21180.00000
21451.00000
21709.00000
21980.00000
22244.00000
22511.00000
22775.00000
23039.00000
23305.00000
23568.00000
23835.00000
24097.00000
24365.00000
24629.00000
24897.00000
25163.00000
25434.00000
25701.00000
25966.00000
26223.00000
26493.00000
26762.00000
27020.00000
27293.00000
27558.00000
27825.00000
28092.00000
28356.00000
28624.00000
28882.00000
29152.00000
29409.00000
29679.00000
29936.00000
30207.00000
30468.00000
30738.00000
30998.00000
31269.00000
31526.00000
31795.00000
32050.00000
32319.00000
32584.00000
32842.00000
33115.00000
33383.00000
33653.00000
33924.00000
34198.00000
34465.00000
34734.00000
34994.00000
35266.00000
35526.00000
35798.00000
36058.00000
36328.00000
36585.00000
36850.00000
37105.00000
37363.00000
37629.00000
37886.00000
38152.00000
38409.00000
38678.00000
38934.00000
39199.00000
39454.00000
39715.00000
39967.00000
40229.00000
40481.00000
40747.00000
41000.00000
41262.00000
41522.00000
41787.00000
42049.00000
42311.00000
42573.00000
42828.00000
43096.00000
43353.00000
43619.00000
43875.00000
44142.00000
44408.00000
44673.00000
44930.00000
45197.00000
45460.00000
45729.00000
46002.00000
46272.00000
46539.00000
46808.00000
47066.00000
47336.00000
47594.00000
47863.00000
48120.00000
48385.00000
48640.00000
48905.00000
49159.00000
49423.00000
49685.00000
49948.00000
50209.00000
50473.00000
50736.00000
51000.00000
51265.00000
51531.00000
51800.00000
52065.00000
52334.00000
52604.00000
52878.00000
53148.00000
53420.00000
53687.00000
53958.00000
54216.00000
54489.00000
54747.00000
55019.00000
55278.00000
55550.00000
55816.00000
56083.00000
56341.00000
56614.00000
56881.00000
57150.00000
57420.00000
57691.00000
57961.00000
58233.00000
58504.00000
58776.00000
59046.00000
59314.00000
59582.00000
59839.00000
60097.00000
60354.00000
60621.00000
60878.00000
61142.00000
61400.00000
61665.00000
61923.00000
62190.00000
62454.00000
62722.00000
62986.00000
63252.00000
63516.00000
63783.00000
64043.00000
64310.00000
64576.00000
64843.00000
65102.00000
65367.00000
65623.00000
65888.00000
66142.00000
66404.00000
66656.00000
66919.00000
67171.00000
67433.00000
67689.00000
67957.00000
68221.00000
68491.00000
68758.00000
69024.00000
69289.00000
69557.00000
69816.00000
70087.00000
70346.00000
70616.00000
70875.00000
71146.00000
71405.00000
71674.00000
71932.00000
72201.00000
72459.00000
72731.00000
72989.00000
73259.00000
73515.00000
73782.00000
74038.00000
74303.00000
74561.00000
74825.00000
75090.00000
75355.00000
75621.00000
75889.00000
76156.00000
76425.00000
76690.00000
76959.00000
77220.00000
77491.00000
77757.00000
78026.00000
78287.00000
78561.00000
78822.00000
79095.00000
79356.00000
79631.00000
79893.00000
80165.00000
80426.00000
80698.00000
80957.00000
81228.00000
81487.00000
81756.00000
82014.00000
82284.00000
82551.00000
82818.00000
83087.00000
83346.00000
83620.00000
83889.00000
84158.00000
84418.00000
84690.00000
84949.00000
