49.00000
101.00000
161.00000
220.00000
306.00000
358.00000
407.00000
447.00000
497.00000
533.00000
573.00000
623.00000
665.00000
709.00000
748.00000
782.00000
819.00000
858.00000
898.00000
945.00000
989.00000
1029.00000
1069.00000
1107.00000
1152.00000
1194.00000
1229.00000
1261.00000
1298.00000
1329.00000
1361.00000
1396.00000
1428.00000
1458.00000
1496.00000
1528.00000
1563.00000
1611.00000
1654.00000
1691.00000
1729.00000
1768.00000
1807.00000
1854.00000
1906.00000
1954.00000
1996.00000
2041.00000
2085.00000
2132.00000
2169.00000
2202.00000
2241.00000
2286.00000
2325.00000
2365.00000
2412.00000
2459.00000
2509.00000
2554.00000
2588.00000
2622.00000
2659.00000
2687.00000
2722.00000
2754.00000
2787.00000
2826.00000
2865.00000
2901.00000
2931.00000
2958.00000
2985.00000
3012.00000
3040.00000
3068.00000
3117.00000
3169.00000
3202.00000
3231.00000
3261.00000
3289.00000
3318.00000
3346.00000
3385.00000
3426.00000
3472.00000
3516.00000
3560.00000
3604.00000
3649.00000
3708.00000
3785.00000
3840.00000
3892.00000
3944.00000
4003.00000
4058.00000
4110.00000
4163.00000
4235.00000
4295.00000
4336.00000
4400.00000
4446.00000
4495.00000
4551.00000
4623.00000
4697.00000
4773.00000
4837.00000
4887.00000
4939.00000
4994.00000
