0.00000
0.02000
0.04000
0.06000
0.08000
0.10000
0.12000
0.14000
0.16000
0.18000
0.20000
0.22000
0.24000
0.26000
0.28000
0.30000
0.32000
0.34000
0.36000
0.38000
0.40000
0.42000
0.44000
0.46000
0.48000
0.50000
0.52000
0.54000
0.56000
0.58000
0.60000
0.62000
0.64000
0.66000
0.68000
0.70000
0.72000
0.74000
0.76000
0.78000
0.80000
0.82000
0.84000
0.86000
0.88000
0.90000
0.92000
0.94000
0.96000
0.98000
1.00000
1.02000
1.04000
1.06000
1.08000
1.10000
1.12000
1.14000
1.16000
1.18000
1.20000
1.22000
1.24000
1.26000
1.28000
1.30000
1.32000
1.34000
1.36000
1.38000
1.40000
1.42000
1.44000
1.46000
1.48000
1.50000
1.52000
1.54000
1.56000
1.58000
1.60000
1.62000
1.64000
1.66000
1.68000
1.70000
1.72000
1.74000
1.76000
1.78000
1.80000
1.82000
1.84000
1.86000
1.88000
1.90000
1.92000
1.94000
1.96000
1.98000
2.00000
2.02000
2.04000
2.06000
2.08000
2.10000
2.12000
2.14000
2.16000
2.18000
2.20000
2.22000
2.24000
2.26000
2.28000
2.30000
2.32000
2.34000
2.36000
2.38000
2.40000
2.42000
2.44000
2.46000
2.48000
2.50000
2.52000
2.54000
2.56000
2.58000
2.60000
2.62000
2.64000
2.66000
2.68000
2.70000
2.72000
2.74000
2.76000
2.78000
2.80000
2.82000
2.84000
2.86000
2.88000
2.90000
2.92000
2.94000
2.96000
2.98000
3.00000
3.02000
3.04000
3.06000
3.08000
3.10000
3.12000
3.14000
3.16000
3.18000
3.20000
3.22000
3.24000
3.26000
3.28000
3.30000
3.32000
3.34000
3.36000
3.38000
3.40000
3.42000
3.44000
3.46000
3.48000
3.50000
3.52000
3.54000
3.56000
3.58000
3.60000
3.62000
3.64000
3.66000
3.68000
3.70000
3.72000
3.74000
3.76000
3.78000
3.80000
3.82000
3.84000
3.86000
3.88000
3.90000
3.92000
3.94000
3.96000
3.98000
4.00000
4.02000
4.04000
4.06000
4.08000
4.10000
4.12000
4.14000
4.16000
4.18000
4.20000
4.22000
4.24000
4.26000
4.28000
4.30000
4.32000
4.34000
4.36000
4.38000
4.40000
4.42000
4.44000
4.46000
4.48000
4.50000
4.52000
4.54000
4.56000
4.58000
4.60000
4.62000
4.64000
4.66000
4.68000
4.70000
4.72000
4.74000
4.76000
4.78000
4.80000
4.82000
4.84000
4.86000
4.88000
4.90000
4.92000
4.94000
4.96000
4.98000
5.00000
5.02000
5.04000
5.06000
5.08000
5.10000
5.12000
5.14000
5.16000
5.18000
5.20000
5.22000
5.24000
5.26000
5.28000
5.30000
5.32000
5.34000
5.36000
5.38000
5.40000
5.42000
5.44000
5.46000
5.48000
5.50000
5.52000
5.54000
5.56000
5.58000
5.60000
5.62000
5.64000
5.66000
5.68000
5.70000
5.72000
5.74000
5.76000
5.78000
5.80000
5.82000
5.84000
5.86000
5.88000
5.90000
5.92000
5.94000
5.96000
5.98000
6.00000
6.02000
6.04000
6.06000
6.08000
6.10000
6.12000
6.14000
6.16000
6.18000
6.20000
6.22000
6.24000
6.26000
6.28000
6.30000
6.32000
6.34000
6.36000
6.38000
6.40000
6.42000
6.44000
6.46000
6.48000
6.50000
6.52000
6.54000
6.56000
6.58000
6.60000
6.62000
6.64000
6.66000
6.68000
6.70000
6.72000
6.74000
6.76000
6.78000
6.80000
6.82000
6.84000
6.86000
6.88000
6.90000
6.92000
6.94000
6.96000
6.98000
7.00000
7.02000
7.04000
7.06000
7.08000
7.10000
7.12000
7.14000
7.16000
7.18000
7.20000
7.22000
7.24000
7.26000
7.28000
7.30000
7.32000
7.34000
7.36000
7.38000
7.40000
7.42000
7.44000
7.46000
7.48000
7.50000
7.52000
7.54000
7.56000
7.58000
7.60000
7.62000
7.64000
7.66000
7.68000
7.70000
7.72000
7.74000
7.76000
7.78000
7.80000
7.82000
7.84000
7.86000
7.88000
7.90000
7.92000
7.94000
7.96000
7.98000
8.00000
8.02000
8.04000
8.06000
8.08000
8.10000
8.12000
8.14000
8.16000
8.18000
8.20000
8.22000
8.24000
8.26000
8.28000
8.30000
8.32000
8.34000
8.36000
8.38000
8.40000
8.42000
8.44000
8.46000
8.48000
8.50000
8.52000
8.54000
8.56000
8.58000
8.60000
8.62000
8.64000
8.66000
8.68000
8.70000
8.72000
8.74000
8.76000
8.78000
8.80000
8.82000
8.84000
8.86000
8.88000
8.90000
8.92000
8.94000
8.96000
8.98000
9.00000
9.02000
9.04000
9.06000
9.08000
9.10000
9.12000
9.14000
9.16000
9.18000
9.20000
9.22000
9.24000
9.26000
9.28000
9.30000
9.32000
9.34000
9.36000
9.38000
9.40000
9.42000
9.44000
9.46000
9.48000
9.50000
9.52000
9.54000
9.56000
9.58000
9.60000
9.62000
9.64000
9.66000
9.68000
9.70000
9.72000
9.74000
9.76000
9.78000
9.80000
9.82000
9.84000
9.86000
9.88000
9.90000
9.92000
9.94000
9.96000
9.98000
10.00000
10.02000
10.04000
10.06000
10.08000
10.10000
10.12000
10.14000
10.16000
10.18000
10.20000
10.22000
10.24000
10.26000
10.28000
10.30000
10.32000
10.34000
10.36000
10.38000
10.40000
10.42000
10.44000
10.46000
10.48000
10.50000
10.52000
10.54000
10.56000
10.58000
10.60000
10.62000
10.64000
10.66000
10.68000
10.70000
10.72000
10.74000
10.76000
10.78000
10.80000
10.82000
10.84000
10.86000
10.88000
10.90000
10.92000
10.94000
10.96000
10.98000
11.00000
11.02000
11.04000
11.06000
11.08000
11.10000
11.12000
11.14000
11.16000
11.18000
11.20000
11.22000
11.24000
11.26000
11.28000
11.30000
11.32000
11.34000
11.36000
11.38000
11.40000
11.42000
11.44000
11.46000
11.48000
11.50000
11.52000
11.54000
11.56000
11.58000
11.60000
11.62000
11.64000
11.66000
11.68000
11.70000
11.72000
11.74000
11.76000
11.78000
11.80000
11.82000
11.84000
11.86000
11.88000
11.90000
11.92000
11.94000
11.96000
11.98000
12.00000
12.02000
12.04000
12.06000
12.08000
12.10000
12.12000
12.14000
12.16000
12.18000
12.20000
12.22000
12.24000
12.26000
12.28000
12.30000
12.32000
12.34000
12.36000
12.38000
12.40000
12.42000
12.44000
12.46000
12.48000
12.50000
12.52000
12.54000
12.56000
12.58000
12.60000
12.62000
12.64000
12.66000
12.68000
12.70000
12.72000
12.74000
12.76000
12.78000
12.80000
12.82000
12.84000
12.86000
12.88000
12.90000
12.92000
12.94000
12.96000
12.98000
13.00000
13.02000
13.04000
13.06000
13.08000
13.10000
13.12000
13.14000
13.16000
13.18000
13.20000
13.22000
13.24000
13.26000
13.28000
13.30000
13.32000
13.34000
13.36000
13.38000
13.40000
13.42000
13.44000
13.46000
13.48000
13.50000
13.52000
13.54000
13.56000
13.58000
13.60000
13.62000
13.64000
13.66000
13.68000
13.70000
13.72000
13.74000
13.76000
13.78000
13.80000
13.82000
13.84000
13.86000
13.88000
13.90000
13.92000
13.94000
13.96000
13.98000
14.00000
14.02000
14.04000
14.06000
14.08000
14.10000
14.12000
14.14000
14.16000
14.18000
14.20000
14.22000
14.24000
14.26000
14.28000
14.30000
14.32000
14.34000
14.36000
14.38000
14.40000
14.42000
14.44000
14.46000
14.48000
14.50000
14.52000
14.54000
14.56000
14.58000
14.60000
14.62000
14.64000
14.66000
14.68000
14.70000
14.72000
14.74000
14.76000
14.78000
14.80000
14.82000
14.84000
14.86000
14.88000
14.90000
14.92000
14.94000
14.96000
14.98000
15.00000
15.02000
15.04000
15.06000
15.08000
15.10000
15.12000
15.14000
15.16000
15.18000
15.20000
15.22000
15.24000
15.26000
15.28000
15.30000
15.32000
15.34000
15.36000
15.38000
15.40000
15.42000
15.44000
15.46000
15.48000
15.50000
15.52000
15.54000
15.56000
15.58000
15.60000
15.62000
15.64000
15.66000
15.68000
15.70000
15.72000
15.74000
15.76000
15.78000
15.80000
15.82000
15.84000
15.86000
15.88000
15.90000
15.92000
15.94000
15.96000
15.98000
16.00000
16.02000
16.04000
16.06000
16.08000
16.10000
16.12000
16.14000
16.16000
16.18000
16.20000
16.22000
16.24000
16.26000
16.28000
16.30000
16.32000
16.34000
16.36000
16.38000
16.40000
16.42000
16.44000
16.46000
16.48000
16.50000
16.52000
16.54000
16.56000
16.58000
16.60000
16.62000
16.64000
16.66000
16.68000
16.70000
16.72000
16.74000
16.76000
16.78000
16.80000
16.82000
16.84000
16.86000
16.88000
16.90000
16.92000
16.94000
16.96000
16.98000
17.00000
17.02000
17.04000
17.06000
17.08000
17.10000
17.12000
17.14000
17.16000
17.18000
17.20000
17.22000
17.24000
17.26000
17.28000
17.30000
17.32000
17.34000
17.36000
17.38000
17.40000
17.42000
17.44000
17.46000
17.48000
17.50000
17.52000
17.54000
17.56000
17.58000
17.60000
17.62000
17.64000
17.66000
17.68000
17.70000
17.72000
17.74000
17.76000
17.78000
17.80000
17.82000
17.84000
17.86000
17.88000
17.90000
17.92000
17.94000
17.96000
17.98000
18.00000
18.02000
18.04000
18.06000
18.08000
18.10000
18.12000
18.14000
18.16000
18.18000
18.20000
18.22000
18.24000
18.26000
18.28000
18.30000
18.32000
18.34000
18.36000
18.38000
18.40000
18.42000
18.44000
18.46000
18.48000
18.50000
18.52000
18.54000
18.56000
18.58000
18.60000
18.62000
18.64000
18.66000
18.68000
18.70000
18.72000
18.74000
18.76000
18.78000
18.80000
18.82000
18.84000
18.86000
18.88000
18.90000
18.92000
18.94000
18.96000
18.98000
19.00000
19.02000
19.04000
19.06000
19.08000
19.10000
19.12000
19.14000
19.16000
19.18000
19.20000
19.22000
19.24000
19.26000
19.28000
19.30000
19.32000
19.34000
19.36000
19.38000
19.40000
19.42000
19.44000
19.46000
19.48000
19.50000
19.52000
19.54000
19.56000
19.58000
19.60000
19.62000
19.64000
19.66000
19.68000
19.70000
19.72000
19.74000
19.76000
19.78000
19.80000
19.82000
19.84000
19.86000
19.88000
19.90000
19.92000
19.94000
19.96000
19.98000
20.00000
20.02000
20.04000
20.06000
20.08000
20.10000
20.12000
20.14000
20.16000
20.18000
20.20000
20.22000
20.24000
20.26000
20.28000
20.30000
20.32000
20.34000
20.36000
20.38000
20.40000
20.42000
20.44000
20.46000
20.48000
20.50000
20.52000
20.54000
20.56000
20.58000
20.60000
20.62000
20.64000
20.66000
20.68000
20.70000
20.72000
20.74000
20.76000
20.78000
20.80000
20.82000
20.84000
20.86000
20.88000
20.90000
20.92000
20.94000
20.96000
20.98000
21.00000
21.02000
21.04000
21.06000
21.08000
21.10000
21.12000
21.14000
21.16000
21.18000
21.20000
21.22000
21.24000
21.26000
21.28000
21.30000
21.32000
21.34000
21.36000
21.38000
21.40000
21.42000
21.44000
21.46000
21.48000
21.50000
21.52000
21.54000
21.56000
21.58000
21.60000
21.62000
21.64000
21.66000
21.68000
21.70000
21.72000
21.74000
21.76000
21.78000
21.80000
21.82000
21.84000
21.86000
21.88000
21.90000
21.92000
21.94000
21.96000
21.98000
22.00000
22.02000
22.04000
22.06000
22.08000
22.10000
22.12000
22.14000
22.16000
22.18000
22.20000
22.22000
22.24000
22.26000
22.28000
22.30000
22.32000
22.34000
22.36000
22.38000
22.40000
22.42000
22.44000
22.46000
22.48000
22.50000
22.52000
22.54000
22.56000
22.58000
22.60000
22.62000
22.64000
22.66000
22.68000
22.70000
22.72000
22.74000
22.76000
22.78000
22.80000
22.82000
22.84000
22.86000
22.88000
22.90000
22.92000
22.94000
22.96000
22.98000
23.00000
23.02000
23.04000
23.06000
23.08000
23.10000
23.12000
23.14000
23.16000
23.18000
23.20000
23.22000
23.24000
23.26000
23.28000
23.30000
23.32000
23.34000
23.36000
23.38000
23.40000
23.42000
23.44000
23.46000
23.48000
23.50000
23.52000
23.54000
23.56000
23.58000
23.60000
23.62000
23.64000
23.66000
23.68000
23.70000
23.72000
23.74000
23.76000
23.78000
23.80000
23.82000
23.84000
23.86000
23.88000
23.90000
23.92000
23.94000
23.96000
23.98000
24.00000
24.02000
24.04000
24.06000
24.08000
24.10000
24.12000
24.14000
24.16000
24.18000
24.20000
24.22000
24.24000
24.26000
24.28000
24.30000
24.32000
24.34000
24.36000
24.38000
24.40000
24.42000
24.44000
24.46000
24.48000
24.50000
24.52000
24.54000
24.56000
24.58000
24.60000
24.62000
24.64000
24.66000
24.68000
24.70000
24.72000
24.74000
24.76000
24.78000
24.80000
24.82000
24.84000
24.86000
24.88000
24.90000
24.92000
24.94000
24.96000
24.98000
25.00000
25.02000
25.04000
25.06000
25.08000
25.10000
25.12000
25.14000
25.16000
25.18000
25.20000
25.22000
25.24000
25.26000
25.28000
25.30000
25.32000
25.34000
25.36000
25.38000
25.40000
25.42000
25.44000
25.46000
25.48000
25.50000
25.52000
25.54000
25.56000
25.58000
25.60000
25.62000
25.64000
25.66000
25.68000
25.70000
25.72000
25.74000
25.76000
25.78000
25.80000
25.82000
25.84000
25.86000
25.88000
25.90000
25.92000
25.94000
25.96000
25.98000
26.00000
26.02000
26.04000
26.06000
26.08000
26.10000
26.12000
26.14000
26.16000
26.18000
26.20000
26.22000
26.24000
26.26000
26.28000
26.30000
26.32000
26.34000
26.36000
26.38000
26.40000
26.42000
26.44000
26.46000
26.48000
26.50000
26.52000
26.54000
26.56000
26.58000
26.60000
26.62000
26.64000
26.66000
26.68000
26.70000
26.72000
26.74000
26.76000
26.78000
26.80000
26.82000
26.84000
26.86000
26.88000
26.90000
26.92000
26.94000
26.96000
26.98000
27.00000
27.02000
27.04000
27.06000
27.08000
27.10000
27.12000
27.14000
27.16000
27.18000
27.20000
27.22000
27.24000
27.26000
27.28000
27.30000
27.32000
27.34000
27.36000
27.38000
27.40000
27.42000
27.44000
27.46000
27.48000
27.50000
27.52000
27.54000
27.56000
27.58000
27.60000
27.62000
27.64000
27.66000
27.68000
27.70000
27.72000
27.74000
27.76000
27.78000
27.80000
27.82000
27.84000
27.86000
27.88000
27.90000
27.92000
27.94000
27.96000
27.98000
28.00000
28.02000
28.04000
28.06000
28.08000
28.10000
28.12000
28.14000
28.16000
28.18000
28.20000
28.22000
28.24000
28.26000
28.28000
28.30000
28.32000
28.34000
28.36000
28.38000
28.40000
28.42000
28.44000
28.46000
28.48000
28.50000
28.52000
28.54000
28.56000
28.58000
28.60000
28.62000
28.64000
28.66000
28.68000
28.70000
28.72000
28.74000
28.76000
28.78000
28.80000
28.82000
28.84000
28.86000
28.88000
28.90000
28.92000
28.94000
28.96000
28.98000
29.00000
29.02000
29.04000
29.06000
29.08000
29.10000
29.12000
29.14000
29.16000
29.18000
29.20000
29.22000
29.24000
29.26000
29.28000
29.30000
29.32000
29.34000
29.36000
29.38000
29.40000
29.42000
29.44000
29.46000
29.48000
29.50000
29.52000
29.54000
29.56000
29.58000
29.60000
29.62000
29.64000
29.66000
29.68000
29.70000
29.72000
29.74000
29.76000
29.78000
29.80000
29.82000
29.84000
29.86000
29.88000
29.90000
29.92000
29.94000
29.96000
29.98000
30.00000
30.02000
30.04000
30.06000
30.08000
30.10000
30.12000
30.14000
30.16000
30.18000
30.20000
30.22000
30.24000
30.26000
30.28000
30.30000
30.32000
30.34000
30.36000
30.38000
30.40000
30.42000
30.44000
30.46000
30.48000
30.50000
30.52000
30.54000
30.56000
30.58000
30.60000
30.62000
30.64000
30.66000
30.68000
30.70000
30.72000
30.74000
30.76000
30.78000
30.80000
30.82000
30.84000
30.86000
30.88000
30.90000
30.92000
30.94000
30.96000
30.98000
31.00000
31.02000
31.04000
31.06000
31.08000
31.10000
31.12000
31.14000
31.16000
31.18000
31.20000
31.22000
31.24000
31.26000
31.28000
31.30000
31.32000
31.34000
31.36000
31.38000
31.40000
31.42000
31.44000
31.46000
31.48000
31.50000
31.52000
31.54000
31.56000
31.58000
31.60000
31.62000
31.64000
31.66000
31.68000
31.70000
31.72000
31.74000
31.76000
31.78000
31.80000
31.82000
31.84000
31.86000
31.88000
31.90000
31.92000
31.94000
31.96000
31.98000
32.00000
32.02000
32.04000
32.06000
32.08000
32.10000
32.12000
32.14000
32.16000
32.18000
32.20000
32.22000
32.24000
32.26000
32.28000
32.30000
32.32000
32.34000
32.36000
32.38000
32.40000
32.42000
32.44000
32.46000
32.48000
32.50000
32.52000
32.54000
32.56000
32.58000
32.60000
32.62000
32.64000
32.66000
32.68000
32.70000
32.72000
32.74000
32.76000
32.78000
32.80000
32.82000
32.84000
32.86000
32.88000
32.90000
32.92000
32.94000
32.96000
32.98000
33.00000
33.02000
33.04000
33.06000
33.08000
33.10000
33.12000
33.14000
33.16000
33.18000
33.20000
33.22000
33.24000
33.26000
33.28000
33.30000
33.32000
33.34000
33.36000
33.38000
33.40000
33.42000
33.44000
33.46000
33.48000
33.50000
33.52000
33.54000
33.56000
33.58000
33.60000
33.62000
33.64000
33.66000
33.68000
33.70000
33.72000
33.74000
33.76000
33.78000
33.80000
33.82000
33.84000
33.86000
33.88000
33.90000
33.92000
33.94000
33.96000
33.98000
34.00000
34.02000
34.04000
34.06000
34.08000
34.10000
34.12000
34.14000
34.16000
34.18000
34.20000
34.22000
34.24000
34.26000
34.28000
34.30000
34.32000
34.34000
34.36000
34.38000
34.40000
34.42000
34.44000
34.46000
34.48000
34.50000
34.52000
34.54000
34.56000
34.58000
34.60000
34.62000
34.64000
34.66000
34.68000
34.70000
34.72000
34.74000
34.76000
34.78000
34.80000
34.82000
34.84000
34.86000
34.88000
34.90000
34.92000
34.94000
34.96000
34.98000
35.00000
35.02000
35.04000
35.06000
35.08000
35.10000
35.12000
35.14000
35.16000
35.18000
35.20000
35.22000
35.24000
35.26000
35.28000
35.30000
35.32000
35.34000
35.36000
35.38000
35.40000
35.42000
35.44000
35.46000
35.48000
35.50000
35.52000
35.54000
35.56000
35.58000
35.60000
35.62000
35.64000
35.66000
35.68000
35.70000
35.72000
35.74000
35.76000
35.78000
35.80000
35.82000
35.84000
35.86000
35.88000
35.90000
35.92000
35.94000
35.96000
35.98000
36.00000
36.02000
36.04000
36.06000
36.08000
36.10000
36.12000
36.14000
36.16000
36.18000
36.20000
36.22000
36.24000
36.26000
36.28000
36.30000
36.32000
36.34000
36.36000
36.38000
36.40000
36.42000
36.44000
36.46000
36.48000
36.50000
36.52000
36.54000
36.56000
36.58000
36.60000
36.62000
36.64000
36.66000
36.68000
36.70000
36.72000
36.74000
36.76000
36.78000
36.80000
36.82000
36.84000
36.86000
36.88000
36.90000
36.92000
36.94000
36.96000
36.98000
37.00000
37.02000
37.04000
37.06000
37.08000
37.10000
37.12000
37.14000
37.16000
37.18000
37.20000
37.22000
37.24000
37.26000
37.28000
37.30000
37.32000
37.34000
37.36000
37.38000
37.40000
37.42000
37.44000
37.46000
37.48000
37.50000
37.52000
37.54000
37.56000
37.58000
37.60000
37.62000
37.64000
37.66000
37.68000
37.70000
37.72000
37.74000
37.76000
37.78000
37.80000
37.82000
37.84000
37.86000
37.88000
37.90000
37.92000
37.94000
37.96000
37.98000
38.00000
38.02000
38.04000
38.06000
38.08000
38.10000
38.12000
38.14000
38.16000
38.18000
38.20000
38.22000
38.24000
38.26000
38.28000
38.30000
38.32000
38.34000
38.36000
38.38000
38.40000
38.42000
38.44000
38.46000
38.48000
38.50000
38.52000
38.54000
38.56000
38.58000
38.60000
38.62000
38.64000
38.66000
38.68000
38.70000
38.72000
38.74000
38.76000
38.78000
38.80000
38.82000
38.84000
38.86000
38.88000
38.90000
38.92000
38.94000
38.96000
38.98000
39.00000
39.02000
39.04000
39.06000
39.08000
39.10000
39.12000
39.14000
39.16000
39.18000
39.20000
39.22000
39.24000
39.26000
39.28000
39.30000
39.32000
39.34000
39.36000
39.38000
39.40000
39.42000
39.44000
39.46000
39.48000
39.50000
39.52000
39.54000
39.56000
39.58000
39.60000
39.62000
39.64000
39.66000
39.68000
39.70000
39.72000
39.74000
39.76000
39.78000
39.80000
39.82000
39.84000
39.86000
39.88000
39.90000
39.92000
39.94000
39.96000
39.98000
40.00000
40.02000
40.04000
40.06000
40.08000
40.10000
40.12000
40.14000
40.16000
40.18000
40.20000
40.22000
40.24000
40.26000
40.28000
40.30000
40.32000
40.34000
40.36000
40.38000
40.40000
40.42000
40.44000
40.46000
40.48000
40.50000
40.52000
40.54000
40.56000
40.58000
40.60000
40.62000
40.64000
40.66000
40.68000
40.70000
40.72000
40.74000
40.76000
40.78000
40.80000
40.82000
40.84000
40.86000
40.88000
40.90000
40.92000
40.94000
40.96000
40.98000
41.00000
41.02000
41.04000
41.06000
41.08000
41.10000
41.12000
41.14000
41.16000
41.18000
41.20000
41.22000
41.24000
41.26000
41.28000
41.30000
41.32000
41.34000
41.36000
41.38000
41.40000
41.42000
41.44000
41.46000
41.48000
41.50000
41.52000
41.54000
41.56000
41.58000
41.60000
41.62000
41.64000
41.66000
41.68000
41.70000
41.72000
41.74000
41.76000
41.78000
41.80000
41.82000
41.84000
41.86000
41.88000
41.90000
41.92000
41.94000
41.96000
41.98000
42.00000
42.02000
42.04000
42.06000
42.08000
42.10000
42.12000
42.14000
42.16000
42.18000
42.20000
42.22000
42.24000
42.26000
42.28000
42.30000
42.32000
42.34000
42.36000
42.38000
42.40000
42.42000
42.44000
42.46000
42.48000
42.50000
42.52000
42.54000
42.56000
42.58000
42.60000
42.62000
42.64000
42.66000
42.68000
42.70000
42.72000
42.74000
42.76000
42.78000
42.80000
42.82000
42.84000
42.86000
42.88000
42.90000
42.92000
42.94000
42.96000
42.98000
43.00000
43.02000
43.04000
43.06000
43.08000
43.10000
43.12000
43.14000
43.16000
43.18000
43.20000
43.22000
43.24000
43.26000
43.28000
43.30000
43.32000
43.34000
43.36000
43.38000
43.40000
43.42000
43.44000
43.46000
43.48000
43.50000
43.52000
43.54000
43.56000
43.58000
43.60000
43.62000
43.64000
43.66000
43.68000
43.70000
43.72000
43.74000
43.76000
43.78000
43.80000
43.82000
43.84000
43.86000
43.88000
43.90000
43.92000
43.94000
43.96000
43.98000
44.00000
44.02000
44.04000
44.06000
44.08000
44.10000
44.12000
44.14000
44.16000
44.18000
44.20000
44.22000
44.24000
44.26000
44.28000
44.30000
44.32000
44.34000
44.36000
44.38000
44.40000
44.42000
44.44000
44.46000
44.48000
44.50000
44.52000
44.54000
44.56000
44.58000
44.60000
44.62000
44.64000
44.66000
44.68000
44.70000
44.72000
44.74000
44.76000
44.78000
44.80000
44.82000
44.84000
44.86000
44.88000
44.90000
44.92000
44.94000
44.96000
44.98000
45.00000
45.02000
45.04000
45.06000
45.08000
45.10000
45.12000
45.14000
45.16000
45.18000
45.20000
45.22000
45.24000
45.26000
45.28000
45.30000
45.32000
45.34000
45.36000
45.38000
45.40000
45.42000
45.44000
45.46000
45.48000
45.50000
45.52000
45.54000
45.56000
45.58000
45.60000
45.62000
45.64000
45.66000
45.68000
45.70000
45.72000
45.74000
45.76000
45.78000
45.80000
45.82000
45.84000
45.86000
45.88000
45.90000
45.92000
45.94000
45.96000
45.98000
46.00000
46.02000
46.04000
46.06000
46.08000
46.10000
46.12000
46.14000
46.16000
46.18000
46.20000
46.22000
46.24000
46.26000
46.28000
46.30000
46.32000
46.34000
46.36000
46.38000
46.40000
46.42000
46.44000
46.46000
46.48000
46.50000
46.52000
46.54000
46.56000
46.58000
46.60000
46.62000
46.64000
46.66000
46.68000
46.70000
46.72000
46.74000
46.76000
46.78000
46.80000
46.82000
46.84000
46.86000
46.88000
46.90000
46.92000
46.94000
46.96000
46.98000
47.00000
47.02000
47.04000
47.06000
47.08000
47.10000
47.12000
47.14000
47.16000
47.18000
47.20000
47.22000
47.24000
47.26000
47.28000
47.30000
47.32000
47.34000
47.36000
47.38000
47.40000
47.42000
47.44000
47.46000
47.48000
47.50000
47.52000
47.54000
47.56000
47.58000
47.60000
47.62000
47.64000
47.66000
47.68000
47.70000
47.72000
47.74000
47.76000
47.78000
47.80000
47.82000
47.84000
47.86000
47.88000
47.90000
47.92000
47.94000
47.96000
47.98000
48.00000
48.02000
48.04000
48.06000
48.08000
48.10000
48.12000
48.14000
48.16000
48.18000
48.20000
48.22000
48.24000
48.26000
48.28000
48.30000
48.32000
48.34000
48.36000
48.38000
48.40000
48.42000
48.44000
48.46000
48.48000
48.50000
48.52000
48.54000
48.56000
48.58000
48.60000
48.62000
48.64000
48.66000
48.68000
48.70000
48.72000
48.74000
48.76000
48.78000
48.80000
48.82000
48.84000
48.86000
48.88000
48.90000
48.92000
48.94000
48.96000
48.98000
49.00000
49.02000
49.04000
49.06000
49.08000
49.10000
49.12000
49.14000
49.16000
49.18000
49.20000
49.22000
49.24000
49.26000
49.28000
49.30000
49.32000
49.34000
49.36000
49.38000
49.40000
49.42000
49.44000
49.46000
49.48000
49.50000
49.52000
49.54000
49.56000
49.58000
49.60000
49.62000
49.64000
49.66000
49.68000
49.70000
49.72000
49.74000
49.76000
49.78000
49.80000
49.82000
49.84000
49.86000
49.88000
49.90000
49.92000
49.94000
49.96000
49.98000
50.00000
50.02000
50.04000
50.06000
50.08000
50.10000
50.12000
50.14000
50.16000
50.18000
50.20000
50.22000
50.24000
50.26000
50.28000
50.30000
50.32000
50.34000
50.36000
50.38000
50.40000
50.42000
50.44000
50.46000
50.48000
50.50000
50.52000
50.54000
50.56000
50.58000
50.60000
50.62000
50.64000
50.66000
50.68000
50.70000
50.72000
50.74000
50.76000
50.78000
50.80000
50.82000
50.84000
50.86000
50.88000
50.90000
50.92000
50.94000
50.96000
50.98000
51.00000
51.02000
51.04000
51.06000
51.08000
51.10000
51.12000
51.14000
51.16000
51.18000
51.20000
51.22000
51.24000
51.26000
51.28000
51.30000
51.32000
51.34000
51.36000
51.38000
51.40000
51.42000
51.44000
51.46000
51.48000
51.50000
51.52000
51.54000
51.56000
51.58000
51.60000
51.62000
51.64000
51.66000
51.68000
51.70000
51.72000
51.74000
51.76000
51.78000
51.80000
51.82000
51.84000
51.86000
51.88000
51.90000
51.92000
51.94000
51.96000
51.98000
52.00000
52.02000
52.04000
52.06000
52.08000
52.10000
52.12000
52.14000
52.16000
52.18000
52.20000
52.22000
52.24000
52.26000
52.28000
52.30000
52.32000
52.34000
52.36000
52.38000
52.40000
52.42000
52.44000
52.46000
52.48000
52.50000
52.52000
52.54000
52.56000
52.58000
52.60000
52.62000
52.64000
52.66000
52.68000
52.70000
52.72000
52.74000
52.76000
52.78000
52.80000
52.82000
52.84000
52.86000
52.88000
52.90000
52.92000
52.94000
52.96000
52.98000
53.00000
53.02000
53.04000
53.06000
53.08000
53.10000
53.12000
53.14000
53.16000
53.18000
53.20000
53.22000
53.24000
53.26000
53.28000
53.30000
53.32000
53.34000
53.36000
53.38000
53.40000
53.42000
53.44000
53.46000
53.48000
53.50000
53.52000
53.54000
53.56000
53.58000
53.60000
53.62000
53.64000
53.66000
53.68000
53.70000
53.72000
53.74000
53.76000
53.78000
53.80000
53.82000
53.84000
53.86000
53.88000
53.90000
53.92000
53.94000
53.96000
53.98000
54.00000
54.02000
54.04000
54.06000
54.08000
54.10000
54.12000
54.14000
54.16000
54.18000
54.20000
54.22000
54.24000
54.26000
54.28000
54.30000
54.32000
54.34000
54.36000
54.38000
54.40000
54.42000
54.44000
54.46000
54.48000
54.50000
54.52000
54.54000
54.56000
54.58000
54.60000
54.62000
54.64000
54.66000
54.68000
54.70000
54.72000
54.74000
54.76000
54.78000
54.80000
54.82000
54.84000
54.86000
54.88000
54.90000
54.92000
54.94000
54.96000
54.98000
55.00000
55.02000
55.04000
55.06000
55.08000
55.10000
55.12000
55.14000
55.16000
55.18000
55.20000
55.22000
55.24000
55.26000
55.28000
55.30000
55.32000
55.34000
55.36000
55.38000
55.40000
55.42000
55.44000
55.46000
55.48000
55.50000
55.52000
55.54000
55.56000
55.58000
55.60000
55.62000
55.64000
55.66000
55.68000
55.70000
55.72000
55.74000
55.76000
55.78000
55.80000
55.82000
55.84000
55.86000
55.88000
55.90000
55.92000
55.94000
55.96000
55.98000
56.00000
56.02000
56.04000
56.06000
56.08000
56.10000
56.12000
56.14000
56.16000
56.18000
56.20000
56.22000
56.24000
56.26000
56.28000
56.30000
56.32000
56.34000
56.36000
56.38000
56.40000
56.42000
56.44000
56.46000
56.48000
56.50000
56.52000
56.54000
56.56000
56.58000
56.60000
56.62000
56.64000
56.66000
56.68000
56.70000
56.72000
56.74000
56.76000
56.78000
56.80000
56.82000
56.84000
56.86000
56.88000
56.90000
56.92000
56.94000
56.96000
56.98000
57.00000
57.02000
57.04000
57.06000
57.08000
57.10000
57.12000
57.14000
57.16000
57.18000
57.20000
57.22000
57.24000
57.26000
57.28000
57.30000
57.32000
57.34000
57.36000
57.38000
57.40000
57.42000
57.44000
57.46000
57.48000
57.50000
57.52000
57.54000
57.56000
57.58000
57.60000
57.62000
57.64000
57.66000
57.68000
57.70000
57.72000
57.74000
57.76000
57.78000
57.80000
57.82000
57.84000
57.86000
57.88000
57.90000
57.92000
57.94000
57.96000
57.98000
58.00000
58.02000
58.04000
58.06000
58.08000
58.10000
58.12000
58.14000
58.16000
58.18000
58.20000
58.22000
58.24000
58.26000
58.28000
58.30000
58.32000
58.34000
58.36000
58.38000
58.40000
58.42000
58.44000
58.46000
58.48000
58.50000
58.52000
58.54000
58.56000
58.58000
58.60000
58.62000
58.64000
58.66000
58.68000
58.70000
58.72000
58.74000
58.76000
58.78000
58.80000
58.82000
58.84000
58.86000
58.88000
58.90000
58.92000
58.94000
58.96000
58.98000
59.00000
59.02000
59.04000
59.06000
59.08000
59.10000
59.12000
59.14000
59.16000
59.18000
59.20000
59.22000
59.24000
59.26000
59.28000
59.30000
59.32000
59.34000
59.36000
59.38000
59.40000
59.42000
59.44000
59.46000
59.48000
59.50000
59.52000
59.54000
59.56000
59.58000
59.60000
59.62000
59.64000
59.66000
59.68000
59.70000
59.72000
59.74000
59.76000
59.78000
59.80000
59.82000
59.84000
59.86000
59.88000
59.90000
59.92000
59.94000
59.96000
59.98000
60.00000
60.02000
60.04000
60.06000
60.08000
60.10000
60.12000
60.14000
60.16000
60.18000
60.20000
60.22000
60.24000
60.26000
60.28000
60.30000
60.32000
60.34000
60.36000
60.38000
60.40000
60.42000
60.44000
60.46000
60.48000
60.50000
60.52000
60.54000
60.56000
60.58000
60.60000
60.62000
60.64000
60.66000
60.68000
60.70000
60.72000
60.74000
60.76000
60.78000
60.80000
60.82000
60.84000
60.86000
60.88000
60.90000
60.92000
60.94000
60.96000
60.98000
61.00000
61.02000
61.04000
61.06000
61.08000
61.10000
61.12000
61.14000
61.16000
61.18000
61.20000
61.22000
61.24000
61.26000
61.28000
61.30000
61.32000
61.34000
61.36000
61.38000
61.40000
61.42000
61.44000
61.46000
61.48000
61.50000
61.52000
61.54000
61.56000
61.58000
61.60000
61.62000
61.64000
61.66000
61.68000
61.70000
61.72000
61.74000
61.76000
61.78000
61.80000
61.82000
61.84000
61.86000
61.88000
61.90000
61.92000
61.94000
61.96000
61.98000
62.00000
62.02000
62.04000
62.06000
62.08000
62.10000
62.12000
62.14000
62.16000
62.18000
62.20000
62.22000
62.24000
62.26000
62.28000
62.30000
62.32000
62.34000
62.36000
62.38000
62.40000
62.42000
62.44000
62.46000
62.48000
62.50000
62.52000
62.54000
62.56000
62.58000
62.60000
62.62000
62.64000
62.66000
62.68000
62.70000
62.72000
62.74000
62.76000
62.78000
62.80000
62.82000
62.84000
62.86000
62.88000
62.90000
62.92000
62.94000
62.96000
62.98000
63.00000
63.02000
63.04000
63.06000
63.08000
63.10000
63.12000
63.14000
63.16000
63.18000
63.20000
63.22000
63.24000
63.26000
63.28000
63.30000
63.32000
63.34000
63.36000
63.38000
63.40000
63.42000
63.44000
63.46000
63.48000
63.50000
63.52000
63.54000
63.56000
63.58000
63.60000
63.62000
63.64000
63.66000
63.68000
63.70000
63.72000
63.74000
63.76000
63.78000
63.80000
63.82000
63.84000
63.86000
63.88000
63.90000
63.92000
63.94000
63.96000
63.98000
64.00000
64.02000
64.04000
64.06000
64.08000
64.10000
64.12000
64.14000
64.16000
64.18000
64.20000
64.22000
64.24000
64.26000
64.28000
64.30000
64.32000
64.34000
64.36000
64.38000
64.40000
64.42000
64.44000
64.46000
64.48000
64.50000
64.52000
64.54000
64.56000
64.58000
64.60000
64.62000
64.64000
64.66000
64.68000
64.70000
64.72000
64.74000
64.76000
64.78000
64.80000
64.82000
64.84000
64.86000
64.88000
64.90000
64.92000
64.94000
64.96000
64.98000
65.00000
65.02000
65.04000
65.06000
65.08000
65.10000
65.12000
65.14000
65.16000
65.18000
65.20000
65.22000
65.24000
65.26000
65.28000
65.30000
65.32000
65.34000
65.36000
65.38000
65.40000
65.42000
65.44000
65.46000
65.48000
65.50000
65.52000
65.54000
65.56000
65.58000
65.60000
65.62000
65.64000
65.66000
65.68000
65.70000
65.72000
65.74000
65.76000
65.78000
65.80000
65.82000
65.84000
65.86000
65.88000
65.90000
65.92000
65.94000
65.96000
65.98000
66.00000
66.02000
66.04000
66.06000
66.08000
66.10000
66.12000
66.14000
66.16000
66.18000
66.20000
66.22000
66.24000
66.26000
66.28000
66.30000
66.32000
66.34000
66.36000
66.38000
66.40000
66.42000
66.44000
66.46000
66.48000
66.50000
66.52000
66.54000
66.56000
66.58000
66.60000
66.62000
66.64000
66.66000
66.68000
66.70000
66.72000
66.74000
66.76000
66.78000
66.80000
66.82000
66.84000
66.86000
66.88000
66.90000
66.92000
66.94000
66.96000
66.98000
67.00000
67.02000
67.04000
67.06000
67.08000
67.10000
67.12000
67.14000
67.16000
67.18000
67.20000
67.22000
67.24000
67.26000
67.28000
67.30000
67.32000
67.34000
67.36000
67.38000
67.40000
67.42000
67.44000
67.46000
67.48000
67.50000
67.52000
67.54000
67.56000
67.58000
67.60000
67.62000
67.64000
67.66000
67.68000
67.70000
67.72000
67.74000
67.76000
67.78000
67.80000
67.82000
67.84000
67.86000
67.88000
67.90000
67.92000
67.94000
67.96000
67.98000
68.00000
68.02000
68.04000
68.06000
68.08000
68.10000
68.12000
68.14000
68.16000
68.18000
68.20000
68.22000
68.24000
68.26000
68.28000
68.30000
68.32000
68.34000
68.36000
68.38000
68.40000
68.42000
68.44000
68.46000
68.48000
68.50000
68.52000
68.54000
68.56000
68.58000
68.60000
68.62000
68.64000
68.66000
68.68000
68.70000
68.72000
68.74000
68.76000
68.78000
68.80000
68.82000
68.84000
68.86000
68.88000
68.90000
68.92000
68.94000
68.96000
68.98000
69.00000
69.02000
69.04000
69.06000
69.08000
69.10000
69.12000
69.14000
69.16000
69.18000
69.20000
69.22000
69.24000
69.26000
69.28000
69.30000
69.32000
69.34000
69.36000
69.38000
69.40000
69.42000
69.44000
69.46000
69.48000
69.50000
69.52000
69.54000
69.56000
69.58000
69.60000
69.62000
69.64000
69.66000
69.68000
69.70000
69.72000
69.74000
69.76000
69.78000
69.80000
69.82000
69.84000
69.86000
69.88000
69.90000
69.92000
69.94000
69.96000
69.98000
70.00000
70.02000
70.04000
70.06000
70.08000
70.10000
70.12000
70.14000
70.16000
70.18000
70.20000
70.22000
70.24000
70.26000
70.28000
70.30000
70.32000
70.34000
70.36000
70.38000
70.40000
70.42000
70.44000
70.46000
70.48000
70.50000
70.52000
70.54000
70.56000
70.58000
70.60000
70.62000
70.64000
70.66000
70.68000
70.70000
70.72000
70.74000
70.76000
70.78000
70.80000
70.82000
70.84000
70.86000
70.88000
70.90000
70.92000
70.94000
70.96000
70.98000
71.00000
71.02000
71.04000
71.06000
71.08000
71.10000
71.12000
71.14000
71.16000
71.18000
71.20000
71.22000
71.24000
71.26000
71.28000
71.30000
71.32000
71.34000
71.36000
71.38000
71.40000
71.42000
71.44000
71.46000
71.48000
71.50000
71.52000
71.54000
71.56000
71.58000
71.60000
71.62000
71.64000
71.66000
71.68000
71.70000
71.72000
71.74000
71.76000
71.78000
71.80000
71.82000
71.84000
71.86000
71.88000
71.90000
71.92000
71.94000
71.96000
71.98000
72.00000
72.02000
72.04000
72.06000
72.08000
72.10000
72.12000
72.14000
72.16000
72.18000
72.20000
72.22000
72.24000
72.26000
72.28000
72.30000
72.32000
72.34000
72.36000
72.38000
72.40000
72.42000
72.44000
72.46000
72.48000
72.50000
72.52000
72.54000
72.56000
72.58000
72.60000
72.62000
72.64000
72.66000
72.68000
72.70000
72.72000
72.74000
72.76000
72.78000
72.80000
72.82000
72.84000
72.86000
72.88000
72.90000
72.92000
72.94000
72.96000
72.98000
73.00000
73.02000
73.04000
73.06000
73.08000
73.10000
73.12000
73.14000
73.16000
73.18000
73.20000
73.22000
73.24000
73.26000
73.28000
73.30000
73.32000
73.34000
73.36000
73.38000
73.40000
73.42000
73.44000
73.46000
73.48000
73.50000
73.52000
73.54000
73.56000
73.58000
73.60000
73.62000
73.64000
73.66000
73.68000
73.70000
73.72000
73.74000
73.76000
73.78000
73.80000
73.82000
73.84000
73.86000
73.88000
73.90000
73.92000
73.94000
73.96000
73.98000
74.00000
74.02000
74.04000
74.06000
74.08000
74.10000
74.12000
74.14000
74.16000
74.18000
74.20000
74.22000
74.24000
74.26000
74.28000
74.30000
74.32000
74.34000
74.36000
74.38000
74.40000
74.42000
74.44000
74.46000
74.48000
74.50000
74.52000
74.54000
74.56000
74.58000
74.60000
74.62000
74.64000
74.66000
74.68000
74.70000
74.72000
74.74000
74.76000
74.78000
74.80000
74.82000
74.84000
74.86000
74.88000
74.90000
74.92000
74.94000
74.96000
74.98000
75.00000
75.02000
75.04000
75.06000
75.08000
75.10000
75.12000
75.14000
75.16000
75.18000
75.20000
75.22000
75.24000
75.26000
75.28000
75.30000
75.32000
75.34000
75.36000
75.38000
75.40000
75.42000
75.44000
75.46000
75.48000
75.50000
75.52000
75.54000
75.56000
75.58000
75.60000
75.62000
75.64000
75.66000
75.68000
75.70000
75.72000
75.74000
75.76000
75.78000
75.80000
75.82000
75.84000
75.86000
75.88000
75.90000
75.92000
75.94000
75.96000
75.98000
76.00000
76.02000
76.04000
76.06000
76.08000
76.10000
76.12000
76.14000
76.16000
76.18000
76.20000
76.22000
76.24000
76.26000
76.28000
76.30000
76.32000
76.34000
76.36000
76.38000
76.40000
76.42000
76.44000
76.46000
76.48000
76.50000
76.52000
76.54000
76.56000
76.58000
76.60000
76.62000
76.64000
76.66000
76.68000
76.70000
76.72000
76.74000
76.76000
76.78000
76.80000
76.82000
76.84000
76.86000
76.88000
76.90000
76.92000
76.94000
76.96000
76.98000
77.00000
77.02000
77.04000
77.06000
77.08000
77.10000
77.12000
77.14000
77.16000
77.18000
77.20000
77.22000
77.24000
77.26000
77.28000
77.30000
77.32000
77.34000
77.36000
77.38000
77.40000
77.42000
77.44000
77.46000
77.48000
77.50000
77.52000
77.54000
77.56000
77.58000
77.60000
77.62000
77.64000
77.66000
77.68000
77.70000
77.72000
77.74000
77.76000
77.78000
77.80000
77.82000
77.84000
77.86000
77.88000
77.90000
77.92000
77.94000
77.96000
77.98000
78.00000
78.02000
78.04000
78.06000
78.08000
78.10000
78.12000
78.14000
78.16000
78.18000
78.20000
78.22000
78.24000
78.26000
78.28000
78.30000
78.32000
78.34000
78.36000
78.38000
78.40000
78.42000
78.44000
78.46000
78.48000
78.50000
78.52000
78.54000
78.56000
78.58000
78.60000
78.62000
78.64000
78.66000
78.68000
78.70000
78.72000
78.74000
78.76000
78.78000
78.80000
78.82000
78.84000
78.86000
78.88000
78.90000
78.92000
78.94000
78.96000
78.98000
79.00000
79.02000
79.04000
79.06000
79.08000
79.10000
79.12000
79.14000
79.16000
79.18000
79.20000
79.22000
79.24000
79.26000
79.28000
79.30000
79.32000
79.34000
79.36000
79.38000
79.40000
79.42000
79.44000
79.46000
79.48000
79.50000
79.52000
79.54000
79.56000
79.58000
79.60000
79.62000
79.64000
79.66000
79.68000
79.70000
79.72000
79.74000
79.76000
79.78000
79.80000
79.82000
79.84000
79.86000
79.88000
79.90000
79.92000
79.94000
79.96000
79.98000
80.00000
80.02000
80.04000
80.06000
80.08000
80.10000
80.12000
80.14000
80.16000
80.18000
80.20000
80.22000
80.24000
80.26000
80.28000
80.30000
80.32000
80.34000
80.36000
80.38000
80.40000
80.42000
80.44000
80.46000
80.48000
80.50000
80.52000
80.54000
80.56000
80.58000
80.60000
80.62000
80.64000
80.66000
80.68000
80.70000
80.72000
80.74000
80.76000
80.78000
80.80000
80.82000
80.84000
80.86000
80.88000
80.90000
80.92000
80.94000
80.96000
80.98000
81.00000
81.02000
81.04000
81.06000
81.08000
81.10000
81.12000
81.14000
81.16000
81.18000
81.20000
81.22000
81.24000
81.26000
81.28000
81.30000
81.32000
81.34000
81.36000
81.38000
81.40000
81.42000
81.44000
81.46000
81.48000
81.50000
81.52000
81.54000
81.56000
81.58000
81.60000
81.62000
81.64000
81.66000
81.68000
81.70000
81.72000
81.74000
81.76000
81.78000
81.80000
81.82000
81.84000
81.86000
81.88000
81.90000
81.92000
81.94000
81.96000
81.98000
82.00000
82.02000
82.04000
82.06000
82.08000
82.10000
82.12000
82.14000
82.16000
82.18000
82.20000
82.22000
82.24000
82.26000
82.28000
82.30000
82.32000
82.34000
82.36000
82.38000
82.40000
82.42000
82.44000
82.46000
82.48000
82.50000
82.52000
82.54000
82.56000
82.58000
82.60000
82.62000
82.64000
82.66000
82.68000
82.70000
82.72000
82.74000
82.76000
82.78000
82.80000
82.82000
82.84000
82.86000
82.88000
82.90000
82.92000
82.94000
82.96000
82.98000
83.00000
83.02000
83.04000
83.06000
83.08000
83.10000
83.12000
83.14000
83.16000
83.18000
83.20000
83.22000
83.24000
83.26000
83.28000
83.30000
83.32000
83.34000
83.36000
83.38000
83.40000
83.42000
83.44000
83.46000
83.48000
83.50000
83.52000
83.54000
83.56000
83.58000
83.60000
83.62000
83.64000
83.66000
83.68000
83.70000
83.72000
83.74000
83.76000
83.78000
83.80000
83.82000
83.84000
83.86000
83.88000
83.90000
83.92000
83.94000
83.96000
83.98000
84.00000
84.02000
84.04000
84.06000
84.08000
84.10000
84.12000
84.14000
84.16000
84.18000
84.20000
84.22000
84.24000
84.26000
84.28000
84.30000
84.32000
84.34000
84.36000
84.38000
84.40000
84.42000
84.44000
84.46000
84.48000
84.50000
84.52000
84.54000
84.56000
84.58000
84.60000
84.62000
84.64000
84.66000
84.68000
84.70000
84.72000
84.74000
84.76000
84.78000
84.80000
84.82000
84.84000
84.86000
84.88000
84.90000
84.92000
84.94000
84.96000
84.98000
85.00000
85.02000
85.04000
85.06000
85.08000
85.10000
85.12000
85.14000
85.16000
85.18000
85.20000
85.22000
85.24000
85.26000
85.28000
85.30000
85.32000
85.34000
85.36000
85.38000
85.40000
85.42000
85.44000
85.46000
85.48000
85.50000
85.52000
85.54000
85.56000
85.58000
85.60000
85.62000
85.64000
85.66000
85.68000
85.70000
85.72000
85.74000
85.76000
85.78000
85.80000
85.82000
85.84000
85.86000
85.88000
85.90000
85.92000
85.94000
85.96000
85.98000
86.00000
86.02000
86.04000
86.06000
86.08000
86.10000
86.12000
86.14000
86.16000
86.18000
86.20000
86.22000
86.24000
86.26000
86.28000
86.30000
86.32000
86.34000
86.36000
86.38000
86.40000
86.42000
86.44000
86.46000
86.48000
86.50000
86.52000
86.54000
86.56000
86.58000
86.60000
86.62000
86.64000
86.66000
86.68000
86.70000
86.72000
86.74000
86.76000
86.78000
86.80000
86.82000
86.84000
86.86000
86.88000
86.90000
86.92000
86.94000
86.96000
86.98000
87.00000
87.02000
87.04000
87.06000
87.08000
87.10000
87.12000
87.14000
87.16000
87.18000
87.20000
87.22000
87.24000
87.26000
87.28000
87.30000
87.32000
87.34000
87.36000
87.38000
87.40000
87.42000
87.44000
87.46000
87.48000
87.50000
87.52000
87.54000
87.56000
87.58000
87.60000
87.62000
87.64000
87.66000
87.68000
87.70000
87.72000
87.74000
87.76000
87.78000
87.80000
87.82000
87.84000
87.86000
87.88000
87.90000
87.92000
87.94000
87.96000
87.98000
88.00000
88.02000
88.04000
88.06000
88.08000
88.10000
88.12000
88.14000
88.16000
88.18000
88.20000
88.22000
88.24000
88.26000
88.28000
88.30000
88.32000
88.34000
88.36000
88.38000
88.40000
88.42000
88.44000
88.46000
88.48000
88.50000
88.52000
88.54000
88.56000
88.58000
88.60000
88.62000
88.64000
88.66000
88.68000
88.70000
88.72000
88.74000
88.76000
88.78000
88.80000
88.82000
88.84000
88.86000
88.88000
88.90000
88.92000
88.94000
88.96000
88.98000
89.00000
89.02000
89.04000
89.06000
89.08000
89.10000
89.12000
89.14000
89.16000
89.18000
89.20000
89.22000
89.24000
89.26000
89.28000
89.30000
89.32000
89.34000
89.36000
89.38000
89.40000
89.42000
89.44000
89.46000
89.48000
89.50000
89.52000
89.54000
89.56000
89.58000
89.60000
89.62000
89.64000
89.66000
89.68000
89.70000
89.72000
89.74000
89.76000
89.78000
89.80000
89.82000
89.84000
89.86000
89.88000
89.90000
89.92000
89.94000
89.96000
89.98000
90.00000
90.02000
90.04000
90.06000
90.08000
90.10000
90.12000
90.14000
90.16000
90.18000
90.20000
90.22000
90.24000
90.26000
90.28000
90.30000
90.32000
90.34000
90.36000
90.38000
90.40000
90.42000
90.44000
90.46000
90.48000
90.50000
90.52000
90.54000
90.56000
90.58000
90.60000
90.62000
90.64000
90.66000
90.68000
90.70000
90.72000
90.74000
90.76000
90.78000
90.80000
90.82000
90.84000
90.86000
90.88000
90.90000
90.92000
90.94000
90.96000
90.98000
91.00000
91.02000
91.04000
91.06000
91.08000
91.10000
91.12000
91.14000
91.16000
91.18000
91.20000
91.22000
91.24000
91.26000
91.28000
91.30000
91.32000
91.34000
91.36000
91.38000
91.40000
91.42000
91.44000
91.46000
91.48000
91.50000
91.52000
91.54000
91.56000
91.58000
91.60000
91.62000
91.64000
91.66000
91.68000
91.70000
91.72000
91.74000
91.76000
91.78000
91.80000
91.82000
91.84000
91.86000
91.88000
91.90000
91.92000
91.94000
91.96000
91.98000
92.00000
92.02000
92.04000
92.06000
92.08000
92.10000
92.12000
92.14000
92.16000
92.18000
92.20000
92.22000
92.24000
92.26000
92.28000
92.30000
92.32000
92.34000
92.36000
92.38000
92.40000
92.42000
92.44000
92.46000
92.48000
92.50000
92.52000
92.54000
92.56000
92.58000
92.60000
92.62000
92.64000
92.66000
92.68000
92.70000
92.72000
92.74000
92.76000
92.78000
92.80000
92.82000
92.84000
92.86000
92.88000
92.90000
92.92000
92.94000
92.96000
92.98000
93.00000
93.02000
93.04000
93.06000
93.08000
93.10000
93.12000
93.14000
93.16000
93.18000
93.20000
93.22000
93.24000
93.26000
93.28000
93.30000
93.32000
93.34000
93.36000
93.38000
93.40000
93.42000
93.44000
93.46000
93.48000
93.50000
93.52000
93.54000
93.56000
93.58000
93.60000
93.62000
93.64000
93.66000
93.68000
93.70000
93.72000
93.74000
93.76000
93.78000
93.80000
93.82000
93.84000
93.86000
93.88000
93.90000
93.92000
93.94000
93.96000
93.98000
94.00000
94.02000
94.04000
94.06000
94.08000
94.10000
94.12000
94.14000
94.16000
94.18000
94.20000
94.22000
94.24000
94.26000
94.28000
94.30000
94.32000
94.34000
94.36000
94.38000
94.40000
94.42000
94.44000
94.46000
94.48000
94.50000
94.52000
94.54000
94.56000
94.58000
94.60000
94.62000
94.64000
94.66000
94.68000
94.70000
94.72000
94.74000
94.76000
94.78000
94.80000
94.82000
94.84000
94.86000
94.88000
94.90000
94.92000
94.94000
94.96000
94.98000
95.00000
95.02000
95.04000
95.06000
95.08000
95.10000
95.12000
95.14000
95.16000
95.18000
95.20000
95.22000
95.24000
95.26000
95.28000
95.30000
95.32000
95.34000
95.36000
95.38000
95.40000
95.42000
95.44000
95.46000
95.48000
95.50000
95.52000
95.54000
95.56000
95.58000
95.60000
95.62000
95.64000
95.66000
95.68000
95.70000
95.72000
95.74000
95.76000
95.78000
95.80000
95.82000
95.84000
95.86000
95.88000
95.90000
95.92000
95.94000
95.96000
95.98000
96.00000
96.02000
96.04000
96.06000
96.08000
96.10000
96.12000
96.14000
96.16000
96.18000
96.20000
96.22000
96.24000
96.26000
96.28000
96.30000
96.32000
96.34000
96.36000
96.38000
96.40000
96.42000
96.44000
96.46000
96.48000
96.50000
96.52000
96.54000
96.56000
96.58000
96.60000
96.62000
96.64000
96.66000
96.68000
96.70000
96.72000
96.74000
96.76000
96.78000
96.80000
96.82000
96.84000
96.86000
96.88000
96.90000
96.92000
96.94000
96.96000
96.98000
97.00000
97.02000
97.04000
97.06000
97.08000
97.10000
97.12000
97.14000
97.16000
97.18000
97.20000
97.22000
97.24000
97.26000
97.28000
97.30000
97.32000
97.34000
97.36000
97.38000
97.40000
97.42000
97.44000
97.46000
97.48000
97.50000
97.52000
97.54000
97.56000
97.58000
97.60000
97.62000
97.64000
97.66000
97.68000
97.70000
97.72000
97.74000
97.76000
97.78000
97.80000
97.82000
97.84000
97.86000
97.88000
97.90000
97.92000
97.94000
97.96000
97.98000
98.00000
98.02000
98.04000
98.06000
98.08000
98.10000
98.12000
98.14000
98.16000
98.18000
98.20000
98.22000
98.24000
98.26000
98.28000
98.30000
98.32000
98.34000
98.36000
98.38000
98.40000
98.42000
98.44000
98.46000
98.48000
98.50000
98.52000
98.54000
98.56000
98.58000
98.60000
98.62000
98.64000
98.66000
98.68000
98.70000
98.72000
98.74000
98.76000
98.78000
98.80000
98.82000
98.84000
98.86000
98.88000
98.90000
98.92000
98.94000
98.96000
98.98000
99.00000
99.02000
99.04000
99.06000
99.08000
99.10000
99.12000
99.14000
99.16000
99.18000
99.20000
99.22000
99.24000
99.26000
99.28000
99.30000
99.32000
99.34000
99.36000
99.38000
99.40000
99.42000
99.44000
99.46000
99.48000
99.50000
99.52000
99.54000
99.56000
99.58000
99.60000
99.62000
99.64000
99.66000
99.68000
99.70000
99.72000
99.74000
99.76000
99.78000
99.80000
99.82000
99.84000
99.86000
99.88000
99.90000
99.92000
99.94000
99.96000
99.98000
100.00000
100.02000
100.04000
100.06000
100.08000
100.10000
100.12000
100.14000
100.16000
100.18000
100.20000
100.22000
100.24000
100.26000
100.28000
100.30000
100.32000
100.34000
100.36000
100.38000
100.40000
100.42000
100.44000
100.46000
100.48000
100.50000
100.52000
100.54000
100.56000
100.58000
100.60000
100.62000
100.64000
100.66000
100.68000
100.70000
100.72000
100.74000
100.76000
100.78000
100.80000
100.82000
100.84000
100.86000
100.88000
100.90000
100.92000
100.94000
100.96000
100.98000
101.00000
101.02000
101.04000
101.06000
101.08000
101.10000
101.12000
101.14000
101.16000
101.18000
101.20000
101.22000
101.24000
101.26000
101.28000
101.30000
101.32000
101.34000
101.36000
101.38000
101.40000
101.42000
101.44000
101.46000
101.48000
101.50000
101.52000
101.54000
101.56000
101.58000
101.60000
101.62000
101.64000
101.66000
101.68000
101.70000
101.72000
101.74000
101.76000
101.78000
101.80000
101.82000
101.84000
101.86000
101.88000
101.90000
101.92000
101.94000
101.96000
101.98000
102.00000
102.02000
102.04000
102.06000
102.08000
102.10000
102.12000
102.14000
102.16000
102.18000
102.20000
102.22000
102.24000
102.26000
102.28000
102.30000
102.32000
102.34000
102.36000
102.38000
102.40000
102.42000
102.44000
102.46000
102.48000
102.50000
102.52000
102.54000
102.56000
102.58000
102.60000
102.62000
102.64000
102.66000
102.68000
102.70000
102.72000
102.74000
102.76000
102.78000
102.80000
102.82000
102.84000
102.86000
102.88000
102.90000
102.92000
102.94000
102.96000
102.98000
103.00000
103.02000
103.04000
103.06000
103.08000
103.10000
103.12000
103.14000
103.16000
103.18000
103.20000
103.22000
103.24000
103.26000
103.28000
103.30000
103.32000
103.34000
103.36000
103.38000
103.40000
103.42000
103.44000
103.46000
103.48000
103.50000
103.52000
103.54000
103.56000
103.58000
103.60000
103.62000
103.64000
103.66000
103.68000
103.70000
103.72000
103.74000
103.76000
103.78000
103.80000
103.82000
103.84000
103.86000
103.88000
103.90000
103.92000
103.94000
103.96000
103.98000
104.00000
104.02000
104.04000
104.06000
104.08000
104.10000
104.12000
104.14000
104.16000
104.18000
104.20000
104.22000
104.24000
104.26000
104.28000
104.30000
104.32000
104.34000
104.36000
104.38000
104.40000
104.42000
104.44000
104.46000
104.48000
104.50000
104.52000
104.54000
104.56000
104.58000
104.60000
104.62000
104.64000
104.66000
104.68000
104.70000
104.72000
104.74000
104.76000
104.78000
104.80000
104.82000
104.84000
104.86000
104.88000
104.90000
104.92000
104.94000
104.96000
104.98000
105.00000
105.02000
105.04000
105.06000
105.08000
105.10000
105.12000
105.14000
105.16000
105.18000
105.20000
105.22000
105.24000
105.26000
105.28000
105.30000
105.32000
105.34000
105.36000
105.38000
105.40000
105.42000
105.44000
105.46000
105.48000
105.50000
105.52000
105.54000
105.56000
105.58000
105.60000
105.62000
105.64000
105.66000
105.68000
105.70000
105.72000
105.74000
105.76000
105.78000
105.80000
105.82000
105.84000
105.86000
105.88000
105.90000
105.92000
105.94000
105.96000
105.98000
106.00000
106.02000
106.04000
106.06000
106.08000
106.10000
106.12000
106.14000
106.16000
106.18000
106.20000
106.22000
106.24000
106.26000
106.28000
106.30000
106.32000
106.34000
106.36000
106.38000
106.40000
106.42000
106.44000
106.46000
106.48000
106.50000
106.52000
106.54000
106.56000
106.58000
106.60000
106.62000
106.64000
106.66000
106.68000
106.70000
106.72000
106.74000
106.76000
106.78000
106.80000
106.82000
106.84000
106.86000
106.88000
106.90000
106.92000
106.94000
106.96000
106.98000
107.00000
107.02000
107.04000
107.06000
107.08000
107.10000
107.12000
107.14000
107.16000
107.18000
107.20000
107.22000
107.24000
107.26000
107.28000
107.30000
107.32000
107.34000
107.36000
107.38000
107.40000
107.42000
107.44000
107.46000
107.48000
107.50000
107.52000
107.54000
107.56000
107.58000
107.60000
107.62000
107.64000
107.66000
107.68000
107.70000
107.72000
107.74000
107.76000
107.78000
107.80000
107.82000
107.84000
107.86000
107.88000
107.90000
107.92000
107.94000
107.96000
107.98000
108.00000
108.02000
108.04000
108.06000
108.08000
108.10000
108.12000
108.14000
108.16000
108.18000
108.20000
108.22000
108.24000
108.26000
108.28000
108.30000
108.32000
108.34000
108.36000
108.38000
108.40000
108.42000
108.44000
108.46000
108.48000
108.50000
108.52000
108.54000
108.56000
108.58000
108.60000
108.62000
108.64000
108.66000
108.68000
108.70000
108.72000
108.74000
108.76000
108.78000
108.80000
108.82000
108.84000
108.86000
108.88000
108.90000
108.92000
108.94000
108.96000
108.98000
109.00000
109.02000
109.04000
109.06000
109.08000
109.10000
109.12000
109.14000
109.16000
109.18000
109.20000
109.22000
109.24000
109.26000
109.28000
109.30000
109.32000
109.34000
109.36000
109.38000
109.40000
109.42000
109.44000
109.46000
109.48000
109.50000
109.52000
109.54000
109.56000
109.58000
109.60000
109.62000
109.64000
109.66000
109.68000
109.70000
109.72000
109.74000
109.76000
109.78000
109.80000
109.82000
109.84000
109.86000
109.88000
109.90000
109.92000
109.94000
109.96000
109.98000
110.00000
110.02000
110.04000
110.06000
110.08000
110.10000
110.12000
110.14000
110.16000
110.18000
110.20000
110.22000
110.24000
110.26000
110.28000
110.30000
110.32000
110.34000
110.36000
110.38000
110.40000
110.42000
110.44000
110.46000
110.48000
110.50000
110.52000
110.54000
110.56000
110.58000
110.60000
110.62000
110.64000
110.66000
110.68000
110.70000
110.72000
110.74000
110.76000
110.78000
110.80000
110.82000
110.84000
110.86000
110.88000
110.90000
110.92000
110.94000
110.96000
110.98000
111.00000
111.02000
111.04000
111.06000
111.08000
111.10000
111.12000
111.14000
111.16000
111.18000
111.20000
111.22000
111.24000
111.26000
111.28000
111.30000
111.32000
111.34000
111.36000
111.38000
111.40000
111.42000
111.44000
111.46000
111.48000
111.50000
111.52000
111.54000
111.56000
111.58000
111.60000
111.62000
111.64000
111.66000
111.68000
111.70000
111.72000
111.74000
111.76000
111.78000
111.80000
111.82000
111.84000
111.86000
111.88000
111.90000
111.92000
111.94000
111.96000
111.98000
112.00000
112.02000
112.04000
112.06000
112.08000
112.10000
112.12000
112.14000
112.16000
112.18000
112.20000
112.22000
112.24000
112.26000
112.28000
112.30000
112.32000
112.34000
112.36000
112.38000
112.40000
112.42000
112.44000
112.46000
112.48000
112.50000
112.52000
112.54000
112.56000
112.58000
112.60000
112.62000
112.64000
112.66000
112.68000
112.70000
112.72000
112.74000
112.76000
112.78000
112.80000
112.82000
112.84000
112.86000
112.88000
112.90000
112.92000
112.94000
112.96000
112.98000
113.00000
113.02000
113.04000
113.06000
113.08000
113.10000
113.12000
113.14000
113.16000
113.18000
113.20000
113.22000
113.24000
113.26000
113.28000
113.30000
113.32000
113.34000
113.36000
113.38000
113.40000
113.42000
113.44000
113.46000
113.48000
113.50000
113.52000
113.54000
113.56000
113.58000
113.60000
113.62000
113.64000
113.66000
113.68000
113.70000
113.72000
113.74000
113.76000
113.78000
113.80000
113.82000
113.84000
113.86000
113.88000
113.90000
113.92000
113.94000
113.96000
113.98000
114.00000
114.02000
114.04000
114.06000
114.08000
114.10000
114.12000
114.14000
114.16000
114.18000
114.20000
114.22000
114.24000
114.26000
114.28000
114.30000
114.32000
114.34000
114.36000
114.38000
114.40000
114.42000
114.44000
114.46000
114.48000
114.50000
114.52000
114.54000
114.56000
114.58000
114.60000
114.62000
114.64000
114.66000
114.68000
114.70000
114.72000
114.74000
114.76000
114.78000
114.80000
114.82000
114.84000
114.86000
114.88000
114.90000
114.92000
114.94000
114.96000
114.98000
115.00000
115.02000
115.04000
115.06000
115.08000
115.10000
115.12000
115.14000
115.16000
115.18000
115.20000
115.22000
115.24000
115.26000
115.28000
115.30000
115.32000
115.34000
115.36000
115.38000
115.40000
115.42000
115.44000
115.46000
115.48000
115.50000
115.52000
115.54000
115.56000
115.58000
115.60000
115.62000
115.64000
115.66000
115.68000
115.70000
115.72000
115.74000
115.76000
115.78000
115.80000
115.82000
115.84000
115.86000
115.88000
115.90000
115.92000
115.94000
115.96000
115.98000
116.00000
116.02000
116.04000
116.06000
116.08000
116.10000
116.12000
116.14000
116.16000
116.18000
116.20000
116.22000
116.24000
116.26000
116.28000
116.30000
116.32000
116.34000
116.36000
116.38000
116.40000
116.42000
116.44000
116.46000
116.48000
116.50000
116.52000
116.54000
116.56000
116.58000
116.60000
116.62000
116.64000
116.66000
116.68000
116.70000
116.72000
116.74000
116.76000
116.78000
116.80000
116.82000
116.84000
116.86000
116.88000
116.90000
116.92000
116.94000
116.96000
116.98000
117.00000
117.02000
117.04000
117.06000
117.08000
117.10000
117.12000
117.14000
117.16000
117.18000
117.20000
117.22000
117.24000
117.26000
117.28000
117.30000
117.32000
117.34000
117.36000
117.38000
117.40000
117.42000
117.44000
117.46000
117.48000
117.50000
117.52000
117.54000
117.56000
117.58000
117.60000
117.62000
117.64000
117.66000
117.68000
117.70000
117.72000
117.74000
117.76000
117.78000
117.80000
117.82000
117.84000
117.86000
117.88000
117.90000
117.92000
117.94000
117.96000
117.98000
118.00000
118.02000
118.04000
118.06000
118.08000
118.10000
118.12000
118.14000
118.16000
118.18000
118.20000
118.22000
118.24000
118.26000
118.28000
118.30000
118.32000
118.34000
118.36000
118.38000
118.40000
118.42000
118.44000
118.46000
118.48000
118.50000
118.52000
118.54000
118.56000
118.58000
118.60000
118.62000
118.64000
118.66000
118.68000
118.70000
118.72000
118.74000
118.76000
118.78000
118.80000
118.82000
118.84000
118.86000
118.88000
118.90000
118.92000
118.94000
118.96000
118.98000
119.00000
119.02000
119.04000
119.06000
119.08000
119.10000
119.12000
119.14000
119.16000
119.18000
119.20000
119.22000
119.24000
119.26000
119.28000
119.30000
119.32000
119.34000
119.36000
119.38000
119.40000
119.42000
119.44000
119.46000
119.48000
119.50000
119.52000
119.54000
119.56000
119.58000
119.60000
119.62000
119.64000
119.66000
119.68000
119.70000
119.72000
119.74000
119.76000
119.78000
119.80000
119.82000
119.84000
119.86000
119.88000
119.90000
119.92000
119.94000
119.96000
119.98000
120.00000
120.02000
120.04000
120.06000
120.08000
120.10000
120.12000
120.14000
120.16000
120.18000
120.20000
120.22000
120.24000
120.26000
120.28000
120.30000
120.32000
120.34000
120.36000
120.38000
120.40000
120.42000
120.44000
120.46000
120.48000
120.50000
120.52000
120.54000
120.56000
120.58000
120.60000
120.62000
120.64000
120.66000
120.68000
120.70000
120.72000
120.74000
120.76000
120.78000
120.80000
120.82000
120.84000
120.86000
120.88000
120.90000
120.92000
120.94000
120.96000
120.98000
121.00000
121.02000
121.04000
121.06000
121.08000
121.10000
121.12000
121.14000
121.16000
121.18000
121.20000
121.22000
121.24000
121.26000
121.28000
121.30000
121.32000
121.34000
121.36000
121.38000
121.40000
121.42000
121.44000
121.46000
121.48000
121.50000
121.52000
121.54000
121.56000
121.58000
121.60000
121.62000
121.64000
121.66000
121.68000
121.70000
121.72000
121.74000
121.76000
121.78000
121.80000
121.82000
121.84000
121.86000
121.88000
121.90000
121.92000
121.94000
121.96000
121.98000
122.00000
122.02000
122.04000
122.06000
122.08000
122.10000
122.12000
122.14000
122.16000
122.18000
122.20000
122.22000
122.24000
122.26000
122.28000
122.30000
122.32000
122.34000
122.36000
122.38000
122.40000
122.42000
122.44000
122.46000
122.48000
122.50000
122.52000
122.54000
122.56000
122.58000
122.60000
122.62000
122.64000
122.66000
122.68000
122.70000
122.72000
122.74000
122.76000
122.78000
122.80000
122.82000
122.84000
122.86000
122.88000
122.90000
122.92000
122.94000
122.96000
122.98000
123.00000
123.02000
123.04000
123.06000
123.08000
123.10000
123.12000
123.14000
123.16000
123.18000
123.20000
123.22000
123.24000
123.26000
123.28000
123.30000
123.32000
123.34000
123.36000
123.38000
123.40000
123.42000
123.44000
123.46000
123.48000
123.50000
123.52000
123.54000
123.56000
123.58000
123.60000
123.62000
123.64000
123.66000
123.68000
123.70000
123.72000
123.74000
123.76000
123.78000
123.80000
123.82000
123.84000
123.86000
123.88000
123.90000
123.92000
123.94000
123.96000
123.98000
124.00000
124.02000
124.04000
124.06000
124.08000
124.10000
124.12000
124.14000
124.16000
124.18000
124.20000
124.22000
124.24000
124.26000
124.28000
124.30000
124.32000
124.34000
124.36000
124.38000
124.40000
124.42000
124.44000
124.46000
124.48000
124.50000
124.52000
124.54000
124.56000
124.58000
124.60000
124.62000
124.64000
124.66000
124.68000
124.70000
124.72000
124.74000
124.76000
124.78000
124.80000
124.82000
124.84000
124.86000
124.88000
124.90000
124.92000
124.94000
124.96000
124.98000
125.00000
125.02000
125.04000
125.06000
125.08000
125.10000
125.12000
125.14000
125.16000
125.18000
125.20000
125.22000
125.24000
125.26000
125.28000
125.30000
125.32000
125.34000
125.36000
125.38000
125.40000
125.42000
125.44000
125.46000
125.48000
125.50000
125.52000
125.54000
125.56000
125.58000
125.60000
125.62000
125.64000
125.66000
125.68000
125.70000
125.72000
125.74000
125.76000
125.78000
125.80000
125.82000
125.84000
125.86000
125.88000
125.90000
125.92000
125.94000
125.96000
125.98000
126.00000
126.02000
126.04000
126.06000
126.08000
126.10000
126.12000
126.14000
126.16000
126.18000
126.20000
126.22000
126.24000
126.26000
126.28000
126.30000
126.32000
126.34000
126.36000
126.38000
126.40000
126.42000
126.44000
126.46000
126.48000
126.50000
126.52000
126.54000
126.56000
126.58000
126.60000
126.62000
126.64000
126.66000
126.68000
126.70000
126.72000
126.74000
126.76000
126.78000
126.80000
126.82000
126.84000
126.86000
126.88000
126.90000
126.92000
126.94000
126.96000
126.98000
127.00000
127.02000
127.04000
127.06000
127.08000
127.10000
127.12000
127.14000
127.16000
127.18000
127.20000
127.22000
127.24000
127.26000
127.28000
127.30000
127.32000
127.34000
127.36000
127.38000
127.40000
127.42000
127.44000
127.46000
127.48000
127.50000
127.52000
127.54000
127.56000
127.58000
127.60000
127.62000
127.64000
127.66000
127.68000
127.70000
127.72000
127.74000
127.76000
127.78000
127.80000
127.82000
127.84000
127.86000
127.88000
127.90000
127.92000
127.94000
127.96000
127.98000
128.00000
128.02000
128.04000
128.06000
128.08000
128.10000
128.12000
128.14000
128.16000
128.18000
128.20000
128.22000
128.24000
128.26000
128.28000
128.30000
128.32000
128.34000
128.36000
128.38000
128.40000
128.42000
128.44000
128.46000
128.48000
128.50000
128.52000
128.54000
128.56000
128.58000
128.60000
128.62000
128.64000
128.66000
128.68000
128.70000
128.72000
128.74000
128.76000
128.78000
128.80000
128.82000
128.84000
128.86000
128.88000
128.90000
128.92000
128.94000
128.96000
128.98000
129.00000
129.02000
129.04000
129.06000
129.08000
129.10000
129.12000
129.14000
129.16000
129.18000
129.20000
129.22000
129.24000
129.26000
129.28000
129.30000
129.32000
129.34000
129.36000
129.38000
129.40000
129.42000
129.44000
129.46000
129.48000
129.50000
129.52000
129.54000
129.56000
129.58000
129.60000
129.62000
129.64000
129.66000
129.68000
129.70000
129.72000
129.74000
129.76000
129.78000
129.80000
129.82000
129.84000
129.86000
129.88000
129.90000
129.92000
129.94000
129.96000
129.98000
130.00000
130.02000
130.04000
130.06000
130.08000
130.10000
130.12000
130.14000
130.16000
130.18000
130.20000
130.22000
130.24000
130.26000
130.28000
130.30000
130.32000
130.34000
130.36000
130.38000
130.40000
130.42000
130.44000
130.46000
130.48000
130.50000
130.52000
130.54000
130.56000
130.58000
130.60000
130.62000
130.64000
130.66000
130.68000
130.70000
130.72000
130.74000
130.76000
130.78000
130.80000
130.82000
130.84000
130.86000
130.88000
130.90000
130.92000
130.94000
130.96000
130.98000
131.00000
131.02000
131.04000
131.06000
131.08000
131.10000
131.12000
131.14000
131.16000
131.18000
131.20000
131.22000
131.24000
131.26000
131.28000
131.30000
131.32000
131.34000
131.36000
131.38000
131.40000
131.42000
131.44000
131.46000
131.48000
131.50000
131.52000
131.54000
131.56000
131.58000
131.60000
131.62000
131.64000
131.66000
131.68000
131.70000
131.72000
131.74000
131.76000
131.78000
131.80000
131.82000
131.84000
131.86000
131.88000
131.90000
131.92000
131.94000
131.96000
131.98000
132.00000
132.02000
132.04000
132.06000
132.08000
132.10000
132.12000
132.14000
132.16000
132.18000
132.20000
132.22000
132.24000
132.26000
132.28000
132.30000
132.32000
132.34000
132.36000
132.38000
132.40000
132.42000
132.44000
132.46000
132.48000
132.50000
132.52000
132.54000
132.56000
132.58000
132.60000
132.62000
132.64000
132.66000
132.68000
132.70000
132.72000
132.74000
132.76000
132.78000
132.80000
132.82000
132.84000
132.86000
132.88000
132.90000
132.92000
132.94000
132.96000
132.98000
133.00000
133.02000
133.04000
133.06000
133.08000
133.10000
133.12000
133.14000
133.16000
133.18000
133.20000
133.22000
133.24000
133.26000
133.28000
133.30000
133.32000
133.34000
133.36000
133.38000
133.40000
133.42000
133.44000
133.46000
133.48000
133.50000
133.52000
133.54000
133.56000
133.58000
133.60000
133.62000
133.64000
133.66000
133.68000
133.70000
133.72000
133.74000
133.76000
133.78000
133.80000
133.82000
133.84000
133.86000
133.88000
133.90000
133.92000
133.94000
133.96000
133.98000
134.00000
134.02000
134.04000
134.06000
134.08000
134.10000
134.12000
134.14000
134.16000
134.18000
134.20000
134.22000
134.24000
134.26000
134.28000
134.30000
134.32000
134.34000
134.36000
134.38000
134.40000
134.42000
134.44000
134.46000
134.48000
134.50000
134.52000
134.54000
134.56000
134.58000
134.60000
134.62000
134.64000
134.66000
134.68000
134.70000
134.72000
134.74000
134.76000
134.78000
134.80000
134.82000
134.84000
134.86000
134.88000
134.90000
134.92000
134.94000
134.96000
134.98000
135.00000
135.02000
135.04000
135.06000
135.08000
135.10000
135.12000
135.14000
135.16000
135.18000
135.20000
135.22000
135.24000
135.26000
135.28000
135.30000
135.32000
135.34000
135.36000
135.38000
135.40000
135.42000
135.44000
135.46000
135.48000
135.50000
135.52000
135.54000
135.56000
135.58000
135.60000
135.62000
135.64000
135.66000
135.68000
135.70000
135.72000
135.74000
135.76000
135.78000
135.80000
135.82000
135.84000
135.86000
135.88000
135.90000
135.92000
135.94000
135.96000
135.98000
136.00000
136.02000
136.04000
136.06000
136.08000
136.10000
136.12000
136.14000
136.16000
136.18000
136.20000
136.22000
136.24000
136.26000
136.28000
136.30000
136.32000
136.34000
136.36000
136.38000
136.40000
136.42000
136.44000
136.46000
136.48000
136.50000
136.52000
136.54000
136.56000
136.58000
136.60000
136.62000
136.64000
136.66000
136.68000
136.70000
136.72000
136.74000
136.76000
136.78000
136.80000
136.82000
136.84000
136.86000
136.88000
136.90000
136.92000
136.94000
136.96000
136.98000
137.00000
137.02000
137.04000
137.06000
137.08000
137.10000
137.12000
137.14000
137.16000
137.18000
137.20000
137.22000
137.24000
137.26000
137.28000
137.30000
137.32000
137.34000
137.36000
137.38000
137.40000
137.42000
137.44000
137.46000
137.48000
137.50000
137.52000
137.54000
137.56000
137.58000
137.60000
137.62000
137.64000
137.66000
137.68000
137.70000
137.72000
137.74000
137.76000
137.78000
137.80000
137.82000
137.84000
137.86000
137.88000
137.90000
137.92000
137.94000
137.96000
137.98000
138.00000
138.02000
138.04000
138.06000
138.08000
138.10000
138.12000
138.14000
138.16000
138.18000
138.20000
138.22000
138.24000
138.26000
138.28000
138.30000
138.32000
138.34000
138.36000
138.38000
138.40000
138.42000
138.44000
138.46000
138.48000
138.50000
138.52000
138.54000
138.56000
138.58000
138.60000
138.62000
138.64000
138.66000
138.68000
138.70000
138.72000
138.74000
138.76000
138.78000
138.80000
138.82000
138.84000
138.86000
138.88000
138.90000
138.92000
138.94000
138.96000
138.98000
139.00000
139.02000
139.04000
139.06000
139.08000
139.10000
139.12000
139.14000
139.16000
139.18000
139.20000
139.22000
139.24000
139.26000
139.28000
139.30000
139.32000
139.34000
139.36000
139.38000
139.40000
139.42000
139.44000
139.46000
139.48000
139.50000
139.52000
139.54000
139.56000
139.58000
139.60000
139.62000
139.64000
139.66000
139.68000
139.70000
139.72000
139.74000
139.76000
139.78000
139.80000
139.82000
139.84000
139.86000
139.88000
139.90000
139.92000
139.94000
139.96000
139.98000
