21.64776
21.70290
21.65613
21.65753
21.61705
21.61844
21.61425
21.61146
21.65195
21.60727
21.69592
21.74129
21.82435
21.83133
21.90881
21.91021
22.04422
22.08959
22.13217
22.20825
22.25083
22.25641
22.25362
22.30109
22.34925
22.38764
22.34366
22.38485
22.42952
22.38205
22.39043
22.34646
22.34646
22.33808
22.29411
22.34506
22.25921
22.21244
22.20965
22.16847
22.17545
22.08401
22.04701
22.00513
21.99536
21.95837
21.95976
21.96116
21.91160
21.91719
21.86833
21.86833
21.82296
21.82156
21.77898
21.73291
21.78317
21.74408
21.70011
21.69313
21.69732
21.65753
21.65334
21.65613
21.60309
21.57307
21.65474
21.65753
21.56609
21.61425
21.65613
21.65334
21.74408
21.78038
21.82296
21.86693
21.95278
22.00234
22.04562
22.12798
22.12379
22.12798
22.20965
22.25502
22.29550
22.34785
22.30109
22.38903
22.34646
22.38345
22.39043
22.34366
22.35204
22.38764
22.34087
22.34506
22.29969
22.29969
22.25781
22.26200
22.26339
22.13357
22.12659
22.12938
22.09378
22.04562
22.00234
22.00234
21.96256
21.91719
21.82296
21.87391
21.86553
21.82854
21.73710
21.73291
21.73431
21.69313
21.64915
21.65195
21.65613
21.60867
21.56749
21.51653
21.57307
21.56051
21.60867
21.60239
21.64776
21.61146
21.65334
21.69452
21.69034
21.69871
21.69313
21.69732
21.73710
21.73710
21.73850
21.74129
21.74129
21.83273
21.83692
21.83273
21.83552
21.82156
21.87251
21.87670
21.96395
22.04143
22.08540
22.17126
22.17265
22.21523
22.30109
22.30248
22.30109
22.34506
22.38624
22.43371
22.42254
22.43371
22.42393
22.38903
22.38345
22.34506
22.30248
22.26200
22.30807
22.26060
22.21104
22.17405
22.17545
22.13077
22.13217
22.13357
22.07982
22.04422
22.04701
22.05190
22.00513
22.08401
22.05120
22.04562
21.99955
22.00513
21.99955
22.00513
21.95278
21.91579
21.95139
21.95418
21.91858
21.91439
21.82994
21.86833
21.87391
21.82854
21.82156
21.82435
21.82714
21.82714
21.83273
21.82714
21.82575
21.87670
21.95697
21.99536
22.00374
22.04562
22.08680
22.08540
22.12798
22.16567
22.21523
22.25921
22.26479
22.31016
22.30807
22.34087
22.34506
22.30527
22.30388
22.30527
22.29829
22.30876
22.21104
22.21104
22.21663
22.22221
22.21663
22.13077
22.17265
22.12798
22.08680
22.08540
22.08401
22.00513
22.04981
21.99955
22.04701
22.04841
22.04562
22.00095
21.99955
21.95976
21.99955
21.99815
21.99676
21.95139
21.95976
22.00234
21.95139
21.99955
21.95697
21.95278
21.99815
22.00095
21.95697
21.91858
21.91998
21.96116
21.91858
21.91719
21.91021
21.91719
21.96256
22.00234
22.00234
21.99955
21.99955
22.05330
22.04562
22.08820
22.08959
22.12519
22.13217
22.12938
22.17405
22.16288
22.22082
22.25641
22.25781
22.30876
22.30527
22.39183
22.38903
22.43650
22.43091
22.51467
22.56074
22.52026
22.51607
22.51886
22.56353
22.52305
22.47489
22.47628
22.47489
22.47349
22.43650
22.38903
22.38485
22.34366
22.34785
22.29690
22.26200
22.21104
22.21244
22.16707
22.17265
22.03724
22.03724
21.99955
21.96535
21.95837
21.95558
21.91021
21.91300
21.86693
21.86693
21.86693
21.87112
21.82435
21.82296
21.77759
21.82575
21.78457
21.78457
21.74548
21.74129
21.78875
21.78457
21.74408
21.74269
21.74269
21.74548
21.74269
21.70150
21.69452
21.69732
21.73850
21.70011
21.69592
21.65893
21.66172
21.70150
21.65613
21.70011
21.61146
21.64776
21.69592
21.69732
21.65893
21.65195
21.69592
21.78875
21.83133
21.82994
21.83552
21.87251
21.96256
21.99955
22.00513
22.09378
22.12798
22.16986
22.16986
22.21104
22.30109
22.29550
22.34366
22.34087
22.39183
22.43231
22.47210
22.43091
22.47070
22.47210
22.47070
22.47489
22.38205
22.42812
22.38903
22.34366
22.35204
22.30388
22.25781
22.21104
22.16847
22.16847
22.08820
22.04562
21.95418
21.96116
21.96395
21.96674
21.91300
21.86972
21.87112
21.82435
21.86833
21.82435
21.82575
21.77619
21.78317
21.78177
21.83273
21.78596
21.78596
21.74548
21.83133
21.78038
21.78596
21.78596
21.74827
21.82994
21.87112
21.91719
21.96116
21.99815
22.04143
22.09099
22.16986
22.20965
22.25921
22.30667
22.34925
22.39322
22.43510
22.47628
22.51328
22.55655
22.52026
22.55935
22.59774
22.51886
22.51467
22.51747
22.52305
22.51747
22.47489
22.39043
22.39043
22.33948
22.30388
22.21523
22.17265
22.17265
22.08820
22.04422
22.13636
22.08680
22.08122
22.04562
22.04283
22.08261
22.03445
22.00653
21.95837
21.95418
21.99676
21.95697
21.96116
21.91858
21.91998
21.92137
21.91300
21.91579
21.86833
21.91858
21.96535
21.91160
21.95418
21.95697
21.91021
21.91858
21.94999
21.96395
21.99955
22.08680
22.12938
22.08680
22.12798
22.21663
22.30248
22.26339
22.34925
22.38485
22.47070
22.51747
22.51467
22.60611
22.65009
22.68778
22.73594
22.77852
22.77154
22.86297
22.90136
22.90555
22.90555
22.91114
22.90974
22.90555
22.90555
22.82389
22.78270
22.73594
22.69825
22.64311
22.51188
22.42533
22.42812
22.30109
22.20965
22.12519
22.08820
22.04562
21.96256
21.92137
21.91300
21.91160
21.87251
21.82994
21.82296
21.83133
21.82994
21.78736
21.78177
21.73989
21.82296
21.77898
21.78038
21.79015
21.74129
21.78177
21.79015
21.74408
21.73850
21.74129
21.78038
21.74548
21.78177
21.73850
21.78177
21.77898
21.83133
21.78596
21.78736
21.79155
21.78317
21.78875
21.83273
21.87391
21.94860
22.03724
22.04143
22.12798
22.21244
22.25781
22.29411
22.34646
22.43371
22.48047
22.60472
22.60472
22.68638
22.81760
22.86018
22.90695
22.94604
22.99141
23.07447
23.12542
23.15823
23.16660
23.15823
23.20430
23.20709
23.16800
23.12542
23.08005
23.07447
23.07866
22.99141
22.91114
22.86297
22.86716
22.76875
22.69336
22.61170
22.52026
22.52165
22.43231
22.39183
22.25641
22.25362
22.17545
22.16707
22.07982
22.12379
22.08261
21.99815
22.00653
21.99955
21.99955
22.00653
21.96395
21.95837
21.95418
21.95697
21.95837
21.95976
21.95837
21.91439
21.91579
21.91160
21.87531
21.90881
21.87112
21.91579
21.87251
21.86833
21.91021
21.91719
22.04562
22.08680
22.12938
22.17684
22.21663
22.25781
22.25641
22.34366
22.38205
22.42673
22.47628
22.46651
22.51747
22.56633
22.60472
22.55795
22.60751
22.55655
22.55655
22.60192
22.51467
22.55376
22.60472
22.59913
22.60472
22.52026
22.55935
22.52026
22.51328
22.51607
22.43650
22.43371
22.43231
22.38764
22.38764
22.26060
22.20825
22.20825
22.12519
22.13217
21.99955
22.00095
21.99955
21.95837
21.91300
21.95837
21.95837
21.86972
21.86693
21.82714
21.83133
21.87391
21.82156
21.78596
21.79294
21.78317
21.82714
21.81737
21.82435
21.82854
21.86553
21.86833
21.87531
21.90881
21.87391
21.99397
21.99536
22.04003
22.04422
22.12659
22.12379
22.21384
22.34785
22.34785
22.42812
22.42254
22.47210
22.50909
22.59913
22.60472
22.65009
22.68219
22.68080
22.73175
22.77712
22.69197
22.68917
22.69546
22.64729
22.64311
22.55655
22.51607
22.51049
22.47489
22.43859
22.43091
22.34087
22.29550
22.25502
22.30807
22.21942
22.12938
22.12240
22.08122
22.08959
21.99676
21.99955
21.92137
21.95558
21.86553
21.86693
21.82435
21.78875
21.74129
21.69592
21.69313
21.69173
21.61007
21.57168
21.56609
21.56609
21.56609
21.51514
21.47605
21.48303
21.43626
21.48443
21.48582
21.44045
21.47605
21.52770
21.61565
21.66032
21.64915
21.69592
21.77759
21.86553
21.91160
21.99676
21.99676
22.13357
22.21384
22.25641
22.30807
22.38485
22.33948
22.38485
22.43231
22.42812
22.47070
22.39043
22.42812
22.42673
22.42673
22.42673
22.34646
22.34925
22.35064
22.33808
22.30109
22.25502
22.25781
22.21384
22.17126
22.16986
22.09099
22.04701
22.04003
21.99676
21.95976
22.03864
21.95278
21.95558
21.91021
21.91160
21.91021
21.86693
21.86553
21.81598
21.82296
21.87391
21.78177
21.78177
21.78177
21.78038
21.78596
21.78317
21.77619
21.73291
21.77898
21.91021
21.95139
21.99676
21.99397
22.04143
22.17405
22.21663
22.26060
22.33808
22.38624
22.38345
22.42952
22.48187
22.51467
22.59634
22.56353
22.55516
22.60751
22.60751
22.60890
22.51886
22.51607
22.51328
22.51747
22.47070
22.42254
22.42673
22.34506
22.30109
22.29969
22.21802
22.17265
22.12938
22.08401
22.04003
22.04701
21.99815
21.95697
21.95139
21.91160
21.91300
21.91160
21.87112
21.82435
21.78875
21.77898
21.82296
21.78317
21.73850
21.73710
21.74269
21.73571
21.74269
21.78596
21.82435
21.86972
21.95139
22.04981
22.07842
22.12240
22.07703
22.16567
22.25781
22.30109
22.38345
22.39043
22.42254
22.51467
22.50909
22.60472
22.55655
22.60611
22.63892
22.64311
22.64869
22.64031
22.64031
22.63613
22.63892
22.64450
22.56633
22.56353
22.51607
22.51607
22.46930
22.38345
22.38345
22.34366
22.31016
22.25781
22.13217
22.12659
22.08540
21.99955
21.99676
21.95558
21.95976
21.91439
21.87251
21.82435
21.82156
21.81458
21.83133
21.78177
21.73710
21.73710
21.73710
21.69732
21.73710
21.73989
21.74129
21.73850
21.74408
21.69592
21.69871
21.74129
21.74129
21.78317
21.86693
21.95697
22.00653
22.03445
22.07982
22.17265
22.21384
22.25502
22.30388
22.34227
22.38624
22.43371
22.42673
22.46651
22.56214
22.60053
22.65009
22.64729
22.68778
22.68778
22.73036
22.72617
22.77852
22.73175
22.73036
22.72756
22.73454
22.64590
22.64869
22.60192
22.55376
22.51328
22.43231
22.38345
22.34227
22.25781
22.21244
22.13357
22.04562
22.00653
21.91719
21.86972
21.86553
21.82156
21.77759
21.73710
21.70150
21.73989
21.73710
21.69732
21.69592
21.70150
21.69732
21.70150
21.70290
21.70290
21.65195
21.74129
21.69592
21.65334
21.61146
21.70150
21.70569
21.66451
21.65613
21.61425
21.60588
21.66032
21.69871
21.74827
21.78177
21.82575
21.95418
22.00095
22.00793
22.08540
22.13217
22.17824
22.30667
22.29969
22.35064
22.38345
22.38764
22.42952
22.47908
22.52026
22.55795
22.51607
22.55516
22.55795
22.60890
22.60611
22.52026
22.52165
22.47908
22.47070
22.43091
22.38764
22.34506
22.30527
22.25921
22.26060
22.17126
22.12798
22.08680
22.08820
22.00095
22.00095
21.95558
21.91998
21.91300
21.87670
21.91858
21.82435
21.86414
21.78457
21.74269
21.73850
21.78038
21.73571
21.70150
21.74408
21.79155
21.69871
21.73710
21.74129
21.75385
21.78875
21.83133
21.87391
21.91719
21.96116
22.00513
21.99536
22.12798
22.21663
22.21942
22.25781
22.33808
22.38205
22.42812
22.47628
22.47070
22.51049
22.55376
22.50909
22.55516
22.47349
22.46930
22.47768
22.47349
22.38485
22.34506
22.29969
22.25641
22.21384
22.16986
22.08680
22.08820
22.05120
21.99676
22.00095
21.99815
21.95418
21.96256
21.92137
21.92277
21.91439
21.86693
21.87251
21.87112
21.82714
21.81877
21.78177
21.82994
21.83133
21.78177
21.82994
21.78875
21.78177
21.78177
21.74269
21.82575
21.82714
21.82156
21.82296
21.86693
21.91021
21.91858
21.91579
21.99955
22.05120
22.12798
22.13077
22.16986
22.21523
22.25921
22.25641
22.33668
22.42812
22.51467
22.56493
22.55795
22.60890
22.64869
22.64590
22.69197
22.64590
22.64590
22.60053
22.60332
22.60611
22.51188
22.51328
22.43371
22.42673
22.38066
22.30248
22.26619
22.21663
22.21802
22.17126
22.09378
22.04003
22.04562
21.99815
21.96256
22.00513
21.95558
21.91719
21.91439
21.86414
21.86972
21.87949
21.83552
21.79155
21.79294
21.82854
21.83273
21.82714
21.78875
21.78177
21.87391
21.87251
21.87531
21.82435
21.86833
21.86972
21.95278
21.95837
21.99955
22.08122
22.08401
22.13357
22.12938
22.16567
22.21104
22.17405
22.21523
22.21104
22.25223
22.30527
22.26060
22.29969
22.34785
22.38764
22.39183
22.43091
22.47908
22.47628
22.51467
22.51328
22.47628
22.47349
22.46791
22.47768
22.47349
22.38764
22.38903
22.34366
22.30667
22.25223
22.21523
22.13217
22.13357
22.04283
22.04283
22.04562
22.00374
21.95697
21.96256
21.86972
21.91300
21.86553
21.86833
21.86833
21.83133
21.82435
21.82994
21.82435
21.78177
21.79294
21.82575
21.78457
21.82994
21.78457
21.83133
21.91160
21.91300
21.95558
21.95837
22.04422
22.13077
22.12519
22.17545
22.21802
22.26619
22.26339
22.30109
22.35623
22.38624
22.38205
22.38205
22.42952
22.47070
22.47768
22.47070
22.46791
22.47768
22.43231
22.47908
22.43371
22.43510
22.38624
22.35064
22.38903
22.30527
22.25781
22.21384
22.16847
22.17824
22.12240
22.04422
22.00095
22.00653
21.95558
21.92137
21.91858
21.90881
21.91579
21.87391
21.82435
21.86553
21.82575
21.87531
21.78457
21.82714
21.82854
21.83552
21.78596
21.78317
21.74129
21.78736
21.78038
21.82714
21.87112
21.86972
21.99536
21.99955
22.08261
22.12798
22.13496
22.13077
22.21663
22.25921
22.29969
22.30527
22.34366
22.34785
22.38903
22.39322
22.43091
22.43091
22.43720
22.47210
22.48047
22.47489
22.43091
22.47768
22.42952
22.47349
22.43650
22.38624
22.38205
22.35064
22.29969
22.29411
22.25362
22.21523
22.17545
22.12379
22.12938
22.04003
21.99676
21.91439
21.87112
21.91300
21.90881
21.87531
21.82296
21.82854
21.78038
21.82156
21.78596
21.78177
21.74408
21.73571
21.74548
21.73710
21.78317
21.73850
21.69732
21.78596
21.73431
21.78736
21.74687
21.74687
21.78038
21.78736
21.78177
21.79294
21.73989
21.78317
21.82994
21.91858
21.91998
21.96535
22.04283
22.08261
22.13217
22.18173
22.21384
22.21384
22.30388
22.34925
22.34785
22.39601
22.38903
22.43371
22.47489
22.46930
22.51607
22.51747
22.51328
22.51328
22.47070
22.52026
22.43091
22.38345
22.38903
22.35344
22.35204
22.25921
22.25502
22.17126
22.12519
22.09099
22.04283
22.00095
22.00653
21.91579
21.86972
21.95278
21.86553
21.91439
21.82156
21.82435
21.87251
21.82435
21.82435
21.82714
21.78457
21.83133
21.82575
21.82994
21.79155
21.74269
21.78457
21.78177
21.78875
21.69871
21.73571
21.82994
21.86833
21.91998
21.95697
21.99815
22.08401
22.13217
22.17545
22.21384
22.25781
22.25502
22.25921
22.35064
22.35204
22.38764
22.39601
22.38903
22.42673
22.43650
22.38903
22.35204
22.30388
22.30388
22.30388
22.25781
22.21384
22.22361
22.12938
22.08401
22.13217
22.04422
22.00374
21.95418
21.91579
21.91719
21.96256
21.91579
21.86553
21.95976
21.90741
21.91439
21.91719
21.91858
21.90881
21.87670
21.91300
21.95139
21.87670
21.86553
21.87112
21.91300
21.87810
21.87531
21.83273
21.87251
21.96256
22.04562
22.13217
22.16986
22.21104
22.17545
22.22082
22.34646
22.34087
22.38205
22.39322
22.42812
22.55795
22.60192
22.56842
22.60751
22.64171
22.72896
22.73175
22.77852
22.81481
22.85599
22.86297
22.90555
22.90136
22.86018
22.82179
22.82040
22.82528
22.81062
22.72756
22.73454
22.69057
22.69057
22.64729
22.55935
22.51747
22.47349
22.43091
22.34506
22.34227
22.25641
22.17265
22.16847
22.12938
22.04981
21.99536
21.95558
21.96116
21.90741
21.91300
21.91300
21.86553
21.91858
21.87391
21.87112
21.91021
21.91300
21.87531
21.91439
21.96256
21.92137
21.91719
21.91300
21.91858
21.91300
21.91439
21.91719
21.91579
21.86833
21.91719
21.90881
21.91300
22.00374
22.03724
22.12798
22.12798
22.16986
22.26339
22.30807
22.34366
22.38624
22.46930
22.46930
22.56074
22.60332
22.64590
22.73036
22.78131
22.86297
22.86297
22.95162
22.95022
22.95022
22.98861
22.95162
23.02980
23.03119
22.99420
22.98722
22.90276
22.85739
22.90695
22.77293
22.72617
22.64311
22.60053
22.52165
22.43371
22.34506
22.21663
22.21104
22.12659
22.08540
22.04283
22.08401
22.03305
21.95697
21.90462
21.86693
21.87251
21.86972
21.82854
21.82575
21.78736
21.82714
21.79015
21.78875
21.74408
21.69173
21.69592
21.74129
21.70011
21.70290
21.69871
21.74129
21.78177
21.78457
21.86553
21.91439
22.04562
22.09099
22.12519
22.17265
22.25502
22.26060
22.25362
22.29550
22.34785
22.38903
22.38345
22.41975
22.42673
22.47070
22.47628
22.42533
22.38345
22.43650
22.43510
22.38903
22.34366
22.34227
22.34087
22.30527
22.35064
22.26060
22.21104
22.25921
22.20825
22.17545
22.07563
21.99955
21.99815
21.91160
21.91439
21.95278
21.90741
21.86553
21.82435
21.78457
21.77898
21.78038
21.74269
21.74408
21.70011
21.74408
21.74269
21.74408
21.74269
21.73571
21.87391
21.91719
21.95558
21.95278
21.95697
22.04841
22.08959
22.17545
22.21523
22.24943
22.25223
22.30527
22.38624
22.42952
22.43371
22.46930
22.51328
22.55376
22.55376
22.59774
22.56353
22.55795
22.55935
22.56493
22.51886
22.46930
22.42952
22.43371
22.38205
22.38624
22.25362
22.20546
22.16986
22.12240
22.03305
22.03864
22.04841
21.95837
21.91998
21.82714
21.86693
21.77898
21.78736
21.73291
21.73431
21.73710
21.69173
21.68894
21.70430
21.73850
21.78457
21.82296
21.91300
21.91021
21.95278
22.04283
22.04003
22.08261
22.12659
22.21244
22.26200
22.25083
22.29829
22.34646
22.34227
22.39462
22.47908
22.52305
22.52165
22.60611
22.56074
22.59774
22.60472
22.69546
22.69336
22.68917
22.64031
22.64171
22.64311
22.64171
22.55795
22.52026
22.51467
22.46512
22.51607
22.37787
22.38345
22.34646
22.25502
22.26060
22.16986
22.12379
22.08122
22.04562
22.04422
22.04422
21.99815
21.95139
21.91719
21.91160
21.91160
21.91998
21.82994
21.83133
21.78038
21.86553
21.91300
21.91439
21.99117
21.99955
22.08261
22.12379
22.12938
22.16847
22.25641
22.25362
22.29969
22.29969
22.34646
22.43650
22.38624
22.47210
22.46930
22.55655
22.51747
22.55516
22.59913
22.60192
22.56353
22.55935
22.51607
22.51467
22.51747
22.48187
22.47349
22.42952
22.34087
22.38345
22.33668
22.34366
22.25641
22.21942
22.21523
22.17824
22.16847
22.04003
22.04003
21.99955
21.95558
21.91160
21.91439
21.86972
21.79015
21.78317
21.73571
21.74129
21.65613
21.60727
21.61286
21.57168
21.60867
21.57168
21.56330
21.52212
21.52212
21.57028
21.52631
21.52770
21.52072
21.52351
21.56888
21.52631
21.56609
21.52212
21.53049
21.57168
21.57028
21.61565
21.64915
21.65474
21.69592
21.78596
21.73710
21.82156
21.82854
21.90602
21.91579
21.95697
21.95278
21.90602
21.99397
21.99676
21.95697
21.99536
21.95697
21.99815
21.99815
21.90741
21.90881
21.82156
21.87112
21.78736
21.73710
21.69173
21.70150
21.65613
21.61425
21.56470
21.52910
21.52910
21.51933
21.48303
21.49001
21.44185
21.44045
21.44324
21.43347
21.43347
21.44324
21.39508
21.40206
21.39229
21.39508
21.39787
21.38810
21.39648
21.35320
21.35320
21.35320
21.31062
21.35460
21.35041
21.30364
21.26665
21.26386
21.35041
21.31342
21.30364
21.30783
21.30364
21.34622
21.35599
21.40206
21.40067
21.43906
21.48024
21.48303
21.43626
21.47884
21.44045
21.52631
21.53329
21.57447
21.56749
21.61146
21.65195
21.73710
21.69592
21.73989
21.78457
21.82016
21.87112
21.91300
21.95418
21.96116
22.04562
22.04003
22.04422
22.08122
22.07703
22.08401
22.08401
22.08540
22.08261
22.13357
22.03724
22.04562
22.00095
22.00095
21.99676
21.99676
21.99397
21.95837
21.94720
21.95697
21.95278
21.95697
21.91579
21.95139
21.91021
21.95837
21.95976
21.91858
21.95558
21.91300
21.95976
21.95418
21.96116
21.95278
21.94999
21.99536
21.99815
21.95278
21.95976
21.95139
22.00095
22.00374
21.99955
21.96256
21.95558
22.00513
21.99955
21.99397
22.04422
22.04003
22.12938
22.17405
22.16847
22.25223
22.26339
22.25641
22.29969
22.38485
22.38345
22.43231
22.42952
22.47349
22.47489
22.55935
22.50909
22.51328
22.55935
22.56353
22.64729
22.64869
22.61030
22.60472
22.60332
22.65009
22.65148
22.55655
22.51467
22.52026
22.51886
22.47908
22.43720
22.42812
22.39043
22.38345
22.34087
22.30248
22.25641
22.17545
22.16847
22.16707
22.08122
22.08820
22.04981
22.03864
21.99536
21.99815
21.99676
22.04422
22.00653
22.00234
22.04422
22.04701
21.99536
22.00653
22.04701
22.04701
22.08401
22.04701
22.04283
22.04841
22.08680
22.08820
22.08680
22.08959
22.04701
22.08680
22.08959
22.13077
22.17824
22.25641
22.17545
22.21244
22.25641
22.34646
22.38624
22.34227
22.43091
22.51747
22.55795
22.52026
22.56702
22.64450
22.64450
22.73175
22.72896
22.73036
22.77852
22.82319
22.82179
22.81481
22.81621
22.81760
22.77293
22.81481
22.77433
22.73594
22.73594
22.64590
22.64171
22.60611
22.55655
22.52165
22.51188
22.47210
22.38066
22.30527
22.34366
22.30527
22.21384
22.16847
22.16986
22.12798
22.12240
22.08820
22.04701
22.08261
22.08540
22.04841
22.00095
22.04003
22.04701
22.04701
22.00374
21.99815
21.99536
22.04422
21.99676
22.04701
22.04981
21.99815
22.08820
22.07703
22.08401
22.09238
22.04701
22.12379
22.08122
22.13357
22.13217
22.08261
22.08401
22.04562
22.04841
22.04562
22.07842
22.13496
22.17824
22.21384
22.25781
22.29690
22.30109
22.34925
22.43091
22.47768
22.51747
22.56074
22.56214
22.64450
22.72617
22.72896
22.77293
22.82179
22.90695
22.90416
22.95162
22.94185
22.95651
22.99559
23.03398
23.03119
22.98861
22.94324
22.95022
22.90276
22.89997
22.82389
22.82319
22.77991
22.73734
22.64729
22.55655
22.55655
22.47489
22.43371
22.38903
22.34506
22.26479
22.21244
22.17963
22.16986
22.08959
22.08540
22.05120
22.00234
21.99676
22.03864
21.99815
21.99397
21.96256
22.00234
22.00234
22.00513
21.95558
21.96535
22.00653
22.03864
22.00234
21.99955
21.99955
21.99676
22.04562
22.00513
22.04283
21.99815
21.99955
22.04981
22.08261
22.12659
22.17126
22.22082
22.21523
22.26200
22.30248
22.34506
22.43510
22.47489
22.52026
22.60611
22.69336
22.73454
22.74711
22.78550
22.82389
22.90276
22.94045
22.95162
22.99141
23.08005
23.07447
23.07866
23.07447
23.08494
23.03817
23.08494
23.03678
22.95511
22.90276
22.86158
22.82389
22.77991
22.73594
22.64869
22.64869
22.56074
22.47210
22.39183
22.34646
22.30807
22.25641
22.21523
22.13217
22.08122
22.04422
21.99955
22.00234
22.00932
21.96116
21.95697
21.91439
21.95418
21.96116
21.91300
21.91858
21.91021
21.91439
21.91300
21.95976
21.90881
21.86553
21.87531
21.92137
21.87391
21.91439
21.86972
21.86972
21.96256
21.91439
21.91300
21.86833
21.86833
21.95697
21.99676
22.04283
22.17126
22.21663
22.26200
22.26200
22.30527
22.38485
22.43371
22.47628
22.51188
22.55655
22.55516
22.60332
22.60332
22.60472
22.64590
22.69197
22.68499
22.69825
22.73315
22.77572
22.82040
22.81900
22.82179
22.82389
22.78410
22.77293
22.73036
22.68638
22.64171
22.60890
22.56633
22.51467
22.38485
22.30248
22.25362
22.21244
22.16986
22.03724
22.04283
21.99536
21.95837
21.91719
21.95837
21.87531
21.92277
21.82854
21.87531
21.87391
21.87670
21.87251
21.78596
21.78457
21.82435
21.82156
21.73710
21.74408
21.74129
21.74687
21.74548
21.70430
21.70150
21.73710
21.82714
21.86972
21.87531
21.87531
21.91160
22.08959
22.17545
22.21104
22.30109
22.38903
22.42952
22.51467
22.56493
22.68638
22.72896
22.77712
22.77852
22.82389
22.86437
22.89997
22.85739
22.94883
22.94604
22.95371
22.94743
22.86018
22.81621
22.77154
22.73454
22.73734
22.64450
22.60611
22.55795
22.51747
22.51607
22.38345
22.34785
22.34785
22.29969
22.25781
22.17684
22.12938
22.08959
22.04981
21.95837
21.95697
21.92137
21.87251
21.79155
21.73850
21.69732
21.69592
21.65753
21.61565
21.53049
21.57307
21.52910
21.52770
21.48582
21.43906
21.48303
21.44743
21.44045
21.48582
21.52770
21.61844
21.70011
21.74827
21.83133
21.83412
21.95278
22.04143
22.08401
22.17265
22.16707
22.21384
22.21802
22.25641
22.30248
22.30388
22.30248
22.34646
22.33948
22.30667
22.34227
22.30527
22.26479
22.25781
22.21802
22.16428
22.08540
22.04283
22.00653
21.95697
21.87251
21.91300
21.82296
21.78875
21.77898
21.74269
21.74548
21.70290
21.65334
21.60588
21.57028
21.60867
21.57307
21.56470
21.52631
21.56888
21.56609
21.56888
21.53329
21.57307
21.48303
21.56470
21.52491
21.47465
21.52631
21.48582
21.52212
21.57168
21.56888
21.57028
21.65334
21.70290
21.73989
21.73850
21.77759
21.87391
21.96256
21.99955
22.03585
22.12240
22.13077
22.08261
22.17265
22.16986
22.21523
22.29969
22.25502
22.30388
22.35204
22.39183
22.34227
22.34925
22.34366
22.39183
22.34785
22.33808
22.26060
22.29411
22.25362
22.21663
22.20825
22.08540
22.08261
22.04981
22.04422
22.00095
21.99955
21.95976
21.96256
21.87391
21.87391
21.82575
21.82994
21.74129
21.73571
21.70011
21.69592
21.65893
21.70150
21.65613
21.61565
21.65893
21.65474
21.64497
21.60727
21.60867
21.65474
21.65753
21.65195
21.61425
21.57168
21.66032
21.65195
21.69732
21.78177
21.73431
21.86833
21.90602
21.91021
21.96116
21.99117
22.12938
22.16986
22.21663
22.25781
22.30248
22.30109
22.34227
22.43091
22.46930
22.51328
22.47210
22.55795
22.55935
22.60192
22.59634
22.59913
22.56353
22.59913
22.55516
22.55655
22.47908
22.47908
22.42673
22.38903
22.34506
22.25083
22.21523
22.16707
22.12519
22.09518
22.04562
21.99815
21.95418
21.95558
21.87112
21.91021
21.90881
21.87391
21.87251
21.82714
21.87391
21.86972
21.82994
21.82296
21.82156
21.87112
21.83552
21.86972
21.82296
21.82296
21.86833
21.83412
21.82854
21.78038
21.78875
21.83273
21.82994
21.85995
21.91579
21.99676
22.04422
22.08401
22.17545
22.21244
22.26200
22.30248
22.34925
22.38485
22.46930
22.51467
22.56214
22.60890
22.60611
22.64450
22.69057
22.72896
22.77572
22.86018
22.86577
22.94883
22.90416
22.95162
22.94185
22.99699
22.99001
22.99141
22.99420
22.94045
22.95232
22.90695
22.81481
22.85879
22.77154
22.77712
22.69057
22.65288
22.55655
22.47070
22.43371
22.34227
22.25781
22.16567
22.12379
22.04143
22.04422
22.04143
21.95558
21.86833
21.86972
21.82435
21.82714
21.78038
21.74269
21.74129
21.69313
21.73850
21.70290
21.65753
21.64776
21.65195
21.70290
21.65893
21.65195
21.64915
21.65334
21.70011
21.69313
21.70430
21.65195
21.65195
21.69452
21.70150
21.64915
21.65055
21.65334
21.69871
21.69034
21.73571
21.82854
21.86553
21.95558
21.95418
22.04701
22.08680
22.17824
22.17126
22.22361
22.34925
22.47210
22.73594
22.86297
22.86297
22.73036
22.73036
22.47070
22.26060
22.08261
22.04562
21.91439
21.82016
21.74269
21.57028
21.48163
21.57168
21.99955
22.17126
22.21523
22.21802
22.17265
22.12659
22.04283
22.00095
21.91439
21.82575
21.74269
21.73989
21.73989
21.78177
21.99117
22.12519
22.26060
22.20686
22.03585
21.99397
22.00095
22.03724
22.04283
21.99676
21.99117
21.91160
21.82854
21.70569
21.65474
21.66172
21.60727
21.65334
21.70290
21.73989
21.86833
21.94720
22.08540
22.08261
22.08680
22.04283
22.04562
22.08540
22.17824
22.12519
22.00374
21.95837
22.00095
22.08401
22.17126
22.33668
22.43231
22.34227
22.38345
22.46651
22.47349
22.51049
22.42952
22.42812
22.43231
22.46651
22.51188
22.52026
22.56353
22.51049
22.55516
22.47489
22.39322
22.39043
22.38624
22.33948
22.21244
22.08261
22.04003
22.08122
22.04283
21.99536
21.99955
21.95697
22.00374
21.95976
21.95976
21.99955
22.00374
21.95697
22.00374
22.00513
22.04701
22.13217
22.16149
22.17265
22.12938
22.08401
22.08959
22.13077
22.13217
22.21802
22.16986
22.22082
22.21104
22.25641
22.26060
22.29969
22.33808
22.38624
22.38345
22.38624
22.30248
22.39322
22.34925
22.35064
22.34506
22.25921
22.30527
22.25502
22.25502
22.21384
22.17126
22.13496
22.13496
22.08401
22.12240
21.99815
22.04283
21.95418
21.95278
21.95837
21.95278
21.92137
21.91579
21.86972
21.90881
21.90881
21.91719
21.82575
21.86972
21.81877
21.82575
21.82714
21.73989
21.78177
21.70430
21.74129
21.65613
21.64776
21.60448
21.61286
21.65334
21.65753
21.61565
21.61286
21.57168
21.60727
21.61425
21.64915
21.60448
21.61565
21.61286
21.65474
21.61146
21.61705
21.61425
21.65195
21.70011
21.74129
21.78596
21.78317
21.86553
21.86553
21.91439
21.95278
22.00095
22.08401
22.09099
22.13077
22.13357
22.17265
22.12519
22.12519
22.12519
22.12938
22.12519
22.04283
22.04283
21.99117
22.00234
21.99815
22.00513
21.95697
21.91160
21.91300
21.87670
21.82994
21.82435
21.82016
21.73989
21.74408
21.74129
21.74269
21.73710
21.69313
21.69592
21.73850
21.73571
21.73850
21.74687
21.73989
21.73431
21.73431
21.74129
21.74129
21.69871
21.74687
21.73989
21.70150
21.69452
21.69173
21.73431
21.69871
21.69173
21.69871
21.69313
21.74269
21.74548
21.73571
21.73710
21.70011
21.82156
21.83273
21.82714
21.86693
21.91300
22.00513
22.08959
22.08540
22.12100
22.17126
22.21802
22.16149
22.26060
22.25641
22.30527
22.30388
22.30527
22.30527
22.34087
22.35204
22.30667
22.29829
22.29969
22.34646
22.30248
22.26200
22.26060
22.21104
22.25641
22.21663
22.16707
22.12798
22.07982
22.13077
22.04981
22.08820
22.08959
22.04143
22.04562
22.00513
22.05120
21.99536
22.00513
22.00793
21.95139
21.99676
22.04143
21.99536
21.95558
22.00234
21.99955
22.00653
22.00095
22.00374
22.04841
22.04422
22.04283
22.04003
22.04143
22.04422
22.04003
22.04841
22.04562
22.03864
22.07703
22.04422
22.04283
22.08122
22.13217
22.16986
22.17545
22.16847
22.26060
22.26200
22.30527
22.30248
22.33948
22.34366
22.38903
22.43650
22.38624
22.38066
22.38345
22.42812
22.42952
22.34366
22.39601
22.34925
22.35064
22.34646
22.26060
22.25921
22.21384
22.21104
22.17265
22.12798
22.09378
22.04422
22.04841
22.04562
22.00234
22.04422
22.00095
22.00513
21.95139
21.95418
21.95558
21.95558
21.91021
21.91160
21.96674
21.92347
21.86553
21.86972
21.86693
21.91858
21.87391
21.87670
21.87531
21.83133
21.87531
21.82994
21.82575
21.83133
21.78317
21.82994
21.87112
21.87112
21.91998
21.91439
22.00653
22.04003
22.08540
22.13357
22.13496
22.13357
22.12798
22.22221
22.21523
22.26200
22.25781
22.30807
22.34646
22.39322
22.38624
22.39183
22.47349
22.51467
22.55516
22.64590
22.65427
22.64171
22.64171
22.64729
22.69197
22.64729
22.60472
22.64729
22.56353
22.60611
22.51467
22.52026
22.51747
22.48047
22.48606
22.43720
22.38485
22.34925
22.34506
22.30807
22.30109
22.22221
22.17265
22.17405
22.09099
22.12519
22.08261
22.05190
22.04143
21.99955
21.99955
21.95418
21.96256
21.95558
21.91439
21.95139
21.86553
21.86553
21.86414
21.82575
21.87391
21.82854
21.82854
21.87251
21.82994
21.87670
21.83273
21.87391
21.83133
21.82575
21.91579
21.87531
21.91439
21.91998
22.00234
22.08540
22.08261
22.17126
22.17265
22.26339
22.21802
22.30667
22.34925
22.39043
22.38485
22.43720
22.47768
22.51607
22.60472
22.60472
22.60053
22.69197
22.69336
22.68499
22.73036
22.73594
22.73594
22.73036
22.77712
22.73036
22.64311
22.69336
22.64869
22.64590
22.60192
22.56214
22.55935
22.51607
22.46930
22.43231
22.38903
22.38903
22.34506
22.30667
22.26060
22.21942
22.16986
22.13357
22.12100
22.07982
22.08540
22.04143
22.04701
21.95558
21.96256
22.00234
21.96395
21.95837
21.91579
21.86274
21.86833
21.87251
21.83133
21.78596
21.74269
21.83273
21.78038
21.78596
21.73989
21.74129
21.78736
21.74687
21.78177
21.73152
21.74269
21.78875
21.78596
21.78736
21.73850
21.78457
21.83273
21.82994
21.87251
21.91439
21.91021
21.95976
21.99815
22.00653
22.08959
22.08680
22.13077
22.12240
22.16847
22.17405
22.21802
22.17545
22.21663
22.26060
22.30527
22.34925
22.34227
22.34366
22.38624
22.38764
22.38903
22.34925
22.34366
22.39462
22.38624
22.34785
22.25502
22.26339
22.25362
22.21802
22.21104
22.16986
22.12379
22.12938
22.08540
22.04701
22.04003
22.03724
22.04143
21.99955
22.00653
21.99676
22.00234
21.91160
21.95418
21.91719
21.91439
21.91858
21.91858
21.91160
21.86833
21.91998
21.87251
21.91858
21.87112
21.87391
21.86693
21.87531
21.82156
21.86693
21.82714
21.87391
21.87670
21.91160
21.86833
21.87112
21.86972
21.91300
21.91719
21.91021
22.00234
22.08540
22.08401
22.12659
22.21663
22.26060
22.25362
22.25362
22.30527
22.39322
22.42812
22.38764
22.46791
22.51886
22.56493
22.60332
22.61170
22.64450
22.69057
22.73175
22.73454
22.69197
22.68778
22.68917
22.72896
22.73175
22.64869
22.64450
22.63892
22.60751
22.61170
22.51886
22.47349
22.43091
22.38624
22.38903
22.29969
22.29829
22.25781
22.21384
22.16986
22.13077
22.08820
22.13636
22.09238
22.08540
22.04701
22.04283
22.04562
22.04283
22.04143
22.04422
22.08680
22.08959
22.09238
22.05120
22.09099
22.04841
22.04981
21.99955
22.00513
22.05190
21.99815
21.99815
22.00234
22.00793
21.99676
22.00374
21.99676
21.99955
22.00095
22.04003
22.04143
21.99955
22.00374
22.00234
22.04283
22.04701
22.05120
22.04003
22.08540
22.03724
22.08401
22.04562
22.08820
22.08680
22.08540
22.08540
22.08540
22.09238
22.04841
22.08401
22.09099
22.09378
22.07982
22.08401
22.12659
22.12938
22.12938
22.16986
22.21244
22.25921
22.30248
22.38624
22.39043
22.42254
22.43510
22.51049
22.47489
22.51747
22.51328
22.47908
22.51747
22.46930
22.47210
22.43720
22.38903
22.34506
22.35344
22.30388
22.30527
22.25641
22.21523
22.17963
22.12798
22.12659
22.13357
22.09378
22.04701
22.04422
22.04283
22.04841
21.99955
21.99536
21.99397
21.95697
21.99257
21.99815
21.95697
22.00374
21.96116
21.96256
22.00653
21.95418
21.96256
21.91021
21.95558
21.95418
21.95558
21.91439
21.91719
21.91719
21.95418
21.87251
21.91579
21.87112
21.96116
21.91160
21.91998
21.91719
21.83133
21.86553
21.86274
21.82296
21.82714
21.87531
21.86972
21.91858
21.91300
21.96256
21.95278
22.04283
22.08401
22.07842
22.17405
22.12519
22.17545
22.25921
22.25502
22.34227
22.38764
22.38903
22.42812
22.42673
22.47349
22.51747
22.51886
22.55795
22.50769
22.55795
22.60192
22.51607
22.56074
22.55935
22.56214
22.55935
22.51467
22.51328
22.51049
22.51747
22.47070
22.47070
22.47349
22.43091
22.43091
22.38764
22.33948
22.34366
22.30388
22.29969
22.25641
22.16986
22.12379
22.12798
22.07703
22.08959
22.04701
22.04003
21.99815
21.99955
21.99815
22.04562
22.04003
21.99815
21.99955
21.95278
21.99815
22.00513
22.00793
22.00653
21.99676
22.00095
22.04283
21.99676
22.00095
21.96256
21.99815
22.03585
21.99117
22.00234
22.04701
22.07982
22.17265
22.17824
22.17824
22.21244
22.21104
22.20825
22.30667
22.34925
22.34366
22.34087
22.38764
22.43231
22.47908
22.47210
22.43510
22.46512
22.51049
22.46512
22.51188
22.47628
22.43231
22.46651
22.43091
22.43091
22.39043
22.38205
22.38205
22.33808
22.33948
22.29969
22.29969
22.26339
22.21802
22.25362
22.12379
22.16428
22.08261
22.08401
22.04981
22.13077
22.08261
22.04283
22.04562
21.96116
22.03724
22.00095
21.95558
21.95697
21.91300
21.91300
21.91579
21.91300
21.87251
21.86833
21.95418
21.91160
21.91439
21.91439
21.91579
21.90323
21.87112
21.91300
21.91439
21.95837
22.03724
22.07842
22.07982
22.12519
22.16986
22.12659
22.17265
22.21244
22.25641
22.30248
22.34506
22.29411
22.34366
22.38345
22.39183
22.38345
22.43720
22.42533
22.47489
22.47768
22.47768
22.47349
22.46930
22.47628
22.51328
22.43371
22.42952
22.43091
22.43091
22.39043
22.34925
22.29550
22.25781
22.21942
22.17545
22.08401
21.99815
22.04701
21.96116
21.87670
21.91160
21.86972
21.91998
21.82714
21.82994
21.78875
21.83273
21.74269
21.74129
21.74548
21.73850
21.69173
21.69592
21.64776
21.61425
21.65195
21.61565
21.52770
21.48303
21.40346
21.39508
21.35739
21.26805
21.18219
21.13124
21.22337
21.39229
21.52770
21.61565
21.65195
21.66172
21.57168
21.39369
21.30783
21.08587
21.09075
21.17521
21.17661
21.27503
21.34901
21.39369
21.39369
21.43208
21.43766
21.52491
21.65893
21.65613
21.73850
21.82994
21.87112
21.96116
22.00374
22.04003
22.12938
22.17265
22.12798
22.21104
22.34925
22.51747
22.64031
22.77293
22.95022
23.11425
23.11844
23.20569
23.15962
23.15544
23.20290
23.20569
23.20011
23.16242
23.12542
23.11705
23.07447
23.03398
22.95162
22.95232
22.90136
22.94185
22.89718
22.85879
22.86158
22.87135
22.81900
22.77433
22.72477
22.77014
22.72756
22.68917
22.73315
22.64869
22.64311
22.60192
22.55795
22.51328
22.47628
22.43510
22.38903
22.34366
22.39183
22.34366
22.38205
22.38205
22.38764
22.39322
22.43091
22.43091
22.43371
22.47768
22.51049
22.51328
22.55795
22.52026
22.56842
22.61309
22.60332
22.64171
22.64311
22.69476
22.73036
22.73175
22.72756
22.77572
22.81760
22.77991
22.72896
22.72617
22.68917
22.67940
22.68778
22.64450
22.60053
22.60332
22.55516
22.56633
22.47210
22.47070
22.47908
22.38345
22.43231
22.34227
22.30388
22.30807
22.26479
22.20965
22.12659
22.08401
22.04283
22.08959
21.99536
22.04143
21.99397
21.95697
21.95139
21.86553
21.91858
21.91160
21.87112
21.86833
21.82016
21.82714
21.82296
21.82435
21.74967
21.78457
21.83273
21.78038
21.78177
21.74687
21.74408
21.82575
21.79155
21.78736
21.74548
21.74129
21.74129
21.73850
21.78457
21.78177
21.82156
21.87810
21.96256
21.95837
22.00095
22.04841
22.08401
22.16288
22.21104
22.21384
22.30527
22.30388
22.34646
22.42673
22.47628
22.51188
22.51467
22.52026
22.56074
22.60611
22.60053
22.60890
22.60751
22.60332
22.59494
22.64031
22.55795
22.51328
22.55795
22.56633
22.56633
22.47489
22.47908
22.42673
22.43510
22.43371
22.30109
22.30109
22.25362
22.25502
22.21104
22.12659
22.08261
22.04701
22.01072
21.95697
21.91300
21.91021
21.87531
21.83412
21.78317
21.81877
21.78177
21.74827
21.74548
21.70150
21.73431
21.73431
21.74687
21.73850
21.70011
21.73431
21.73571
21.74408
21.74827
21.69452
21.79155
21.74408
21.73850
21.73850
21.74548
21.74687
21.74129
21.69313
21.65195
21.70011
21.74827
21.73710
21.78457
21.73571
21.82994
21.91719
21.95278
21.99676
22.03724
22.08680
22.12798
22.22082
22.21384
22.30109
22.30527
22.29411
22.30667
22.34646
22.34646
22.34227
22.25781
22.30807
22.25362
22.25781
22.30527
22.21802
22.16986
22.21663
22.17545
22.16986
22.12519
22.13217
22.12938
22.13077
22.04283
22.13217
22.08959
22.09238
22.04701
22.08540
22.04003
21.99955
21.95837
21.95697
21.95976
21.96116
21.87112
21.82994
21.87391
21.77759
21.78596
21.74129
21.74687
21.69592
21.65753
21.70011
21.69592
21.65613
21.66172
21.65753
21.65613
21.69592
21.69871
21.65195
21.65893
21.70150
21.70569
21.69173
21.70011
21.69452
21.74129
21.78457
21.78038
21.78457
21.82994
21.87531
21.92137
21.95837
21.96814
22.00374
22.04981
22.09099
22.12519
22.12938
22.16986
22.17265
22.17265
22.21663
22.21663
22.30527
22.29550
22.43091
22.43859
22.47628
22.55935
22.51747
22.55935
22.55655
22.55655
22.60332
22.51747
22.56353
22.51607
22.52165
22.51467
22.43091
22.42952
22.43091
22.43859
22.42952
22.34785
22.34366
22.30388
22.25921
22.29829
22.21104
22.16986
22.12938
22.12938
22.13357
22.04143
21.99536
21.95139
21.95139
21.91300
21.91858
21.86972
21.87112
21.82994
21.78736
21.78457
21.73431
21.74408
21.70150
21.70848
21.70709
21.74269
21.65893
21.64915
21.66032
21.65334
21.65613
21.66311
21.66172
21.56888
21.65334
21.56330
21.57307
21.56609
21.57307
21.65893
21.69871
21.69732
21.74687
21.78875
21.87531
21.87670
21.92347
22.00234
22.00374
22.09099
22.08680
22.08820
22.08401
22.07982
22.08401
22.08401
22.08122
22.04422
22.04841
22.03864
22.04562
22.00095
21.95976
21.91021
21.91300
21.91439
21.87531
21.87949
21.83133
21.87251
21.83273
21.83692
21.83412
21.83133
21.87949
21.83412
21.82994
21.83133
21.78317
21.86553
21.87531
21.86972
21.86972
21.82854
21.86972
21.87251
21.87531
21.86972
21.82854
21.86972
21.91858
21.91300
21.95976
21.95976
21.99955
22.04143
22.04422
22.12798
22.13077
22.17265
22.16986
22.17545
22.26200
22.29690
22.34646
22.30876
22.38903
22.38485
22.42952
22.42673
22.42812
22.48047
22.52026
22.51886
22.51607
22.47070
22.46651
22.47210
22.47768
22.38764
22.43720
22.39741
22.39183
22.38764
22.34646
22.30109
22.34227
22.25502
22.25502
22.21523
22.17405
22.21942
22.17126
22.13077
22.03864
21.99676
22.04701
21.99955
21.95418
22.00095
22.00793
21.95558
21.95697
21.96116
21.91998
21.96256
21.92347
21.91439
21.90881
21.95278
21.91858
21.91300
21.90881
21.91579
21.96256
21.96256
21.95558
21.96116
22.04841
22.08680
22.12938
22.16986
22.21663
22.21104
22.21942
22.25362
22.30109
22.34506
22.38624
22.33948
22.39043
22.43371
22.48326
22.52445
22.51886
22.55935
22.56353
22.55655
22.60192
22.59774
22.64590
22.64590
22.64450
22.64311
22.60192
22.64869
22.60192
22.64729
22.61030
22.56842
22.55655
22.52165
22.51607
22.47768
22.42673
22.38485
22.34366
22.34646
22.30248
22.20965
22.21663
22.16986
22.17265
22.12798
22.04003
22.00234
22.00374
21.99815
21.95278
21.95976
21.95837
21.91858
21.91719
21.86833
21.86693
21.82156
21.87391
21.82016
21.78038
21.78875
21.82854
21.79015
21.78596
21.74269
21.78177
21.78596
21.77898
21.73989
21.78457
21.83273
21.82994
21.78177
21.78317
21.82435
21.86553
21.91719
21.91439
21.95418
21.99815
22.04003
22.09099
22.12938
22.17963
22.21523
22.22361
22.26200
22.30248
22.34227
22.38764
22.38066
22.43510
22.47070
22.51467
22.51747
22.47768
22.52584
22.56493
22.55795
22.60751
22.55516
22.60890
22.56493
22.56214
22.59913
22.52026
22.47070
22.46651
22.47210
22.42952
22.38903
22.34785
22.34506
22.30248
22.26479
22.21244
22.17684
22.08401
22.08401
22.04003
22.04422
22.04701
22.04562
21.99955
21.99815
21.99676
22.04841
21.95418
21.95976
21.95976
21.99955
21.95837
21.94999
21.96395
21.96395
21.95418
21.95558
21.91021
21.91719
21.91579
21.95697
21.96116
21.91160
21.95976
21.91719
22.00513
21.95558
21.95976
22.00234
21.99676
21.99676
22.08540
22.07842
22.13077
22.16847
22.12659
22.17684
22.22221
22.25921
22.34087
22.29969
22.34785
22.38345
22.43231
22.46512
22.47628
22.51467
22.51049
22.55935
22.59774
22.60053
22.60192
22.64869
22.64729
22.69057
22.64311
22.69197
22.69825
22.69057
22.68778
22.64171
22.60192
22.59634
22.60053
22.55516
22.52026
22.46791
22.47349
22.39043
22.38764
22.34506
22.25781
22.25083
22.21384
22.16986
22.08261
22.07424
22.08540
21.99676
22.04143
22.04562
22.03864
22.00095
21.99815
21.99397
22.04283
22.00234
21.99536
21.99397
21.94999
21.99955
22.00513
21.99955
21.95976
21.96116
21.99676
21.99536
21.95697
21.95558
21.99397
22.00234
22.08401
22.13077
22.12798
22.16707
22.21942
22.26339
22.29690
22.38624
22.39043
22.42533
22.43231
22.51747
22.56214
22.60332
22.55795
22.59913
22.64450
22.64590
22.68499
22.64590
22.65288
22.69197
22.64171
22.68917
22.60611
22.60192
22.60611
22.55376
22.56214
22.51467
22.51049
22.46372
22.47768
22.43231
22.38485
22.34366
22.34506
22.30667
22.25781
22.21802
22.17684
22.13077
22.08680
22.08540
21.99536
22.00234
21.94720
21.91300
21.95837
21.90741
21.91998
21.91579
21.91579
21.86553
21.86833
21.86972
21.87112
21.87391
21.86693
21.91719
21.91021
21.86553
21.96116
21.95418
22.03724
22.07842
22.08401
22.12659
22.17684
22.21802
22.17684
22.25362
22.30527
22.34785
22.34227
22.38903
22.43091
22.47628
22.46930
22.47349
22.51328
22.51328
22.55795
22.59634
22.56353
22.60053
22.59913
22.60192
22.56074
22.55516
22.56074
22.56074
22.55376
22.50769
22.47210
22.42673
22.42812
22.38624
22.38764
22.30388
22.25502
22.21523
22.16707
22.13636
22.00234
21.99257
21.99815
21.95558
21.87391
21.86553
21.86833
21.82016
21.77759
21.78317
21.78177
21.78177
21.77898
21.78457
21.73291
21.82296
21.78177
21.74269
21.73989
21.77619
21.78177
21.78875
21.73291
21.73571
21.78177
21.78457
21.82156
21.81737
21.82994
21.86972
21.91160
21.95837
22.04143
22.04981
22.12379
22.13077
22.20825
22.21104
22.29550
22.33808
22.34227
22.33808
22.38903
22.43371
22.43720
22.47768
22.46791
22.47489
22.47210
22.46651
22.42533
22.38345
22.42673
22.42812
22.42673
22.39322
22.38485
22.38345
22.38903
22.38205
22.33948
22.34506
22.33948
22.29550
22.29829
22.26060
22.21104
22.21942
22.13217
22.16847
22.04422
22.04283
21.95278
21.95278
21.91719
21.91719
21.86833
21.86414
21.82714
21.82435
21.78317
21.82714
21.78317
21.78177
21.73431
21.82854
21.78457
21.82575
21.91300
21.95139
22.03864
22.03585
22.08122
22.12659
22.16986
22.17126
22.20965
22.25641
22.25641
22.29550
22.25921
22.30388
22.33948
22.33529
22.38345
22.34366
22.38066
22.38345
22.38764
22.38764
22.33948
22.34646
22.34227
22.34506
22.30248
22.25641
22.21384
22.16567
22.16986
22.12659
21.99536
21.99676
21.95837
21.91439
21.87391
21.87391
21.87391
21.86833
21.82714
21.77759
21.82714
21.82994
21.78596
21.78038
21.78596
21.77759
21.78596
21.78177
21.82296
21.82714
21.91719
21.90881
22.00513
21.99536
21.99815
22.11961
22.17265
22.20965
22.26200
22.29969
22.26060
22.30527
22.34785
22.34506
22.43371
22.38485
22.43231
22.43231
22.46512
22.47210
22.42812
22.42952
22.43231
22.43510
22.39183
22.38903
22.34925
22.34646
22.29829
22.25362
22.21244
22.16707
22.16707
22.12240
22.07982
22.08959
21.99955
21.99815
22.00374
21.95837
21.96395
21.96535
21.91719
21.96116
21.91858
21.91719
21.91160
21.91439
21.86972
21.86414
21.95697
22.04422
21.99815
22.09099
22.08820
22.16707
22.12379
22.21384
22.26200
22.30667
22.31016
22.34087
22.34506
22.38485
22.42673
22.42393
22.42114
22.51886
22.55376
22.60053
22.56214
22.60192
22.60751
22.60192
22.60332
22.56074
22.48047
22.51049
22.42952
22.43091
22.33808
22.29829
22.25781
22.26060
22.21942
22.12798
22.04422
22.04283
22.00095
21.95697
21.95418
21.91439
21.90741
21.86274
21.91160
21.91160
21.86972
21.86693
21.87251
21.82714
21.86693
21.82575
21.82016
21.78177
21.77898
21.77619
21.74408
21.69452
21.70150
21.65893
21.66032
21.56190
21.48024
21.35599
21.35041
21.31202
21.31062
21.22198
21.26805
21.21919
21.22198
21.18498
21.17382
21.17661
21.22058
21.31062
21.31481
21.34762
21.35181
21.39089
21.44185
21.47605
21.52212
21.52770
21.56749
21.65613
21.64915
21.61425
21.65334
21.65055
21.69592
21.70150
21.64636
21.64636
21.65893
21.65195
21.65334
21.65613
21.65893
21.61425
21.65753
21.65334
21.61007
21.61286
21.61146
21.65055
21.65334
21.64915
21.69452
21.73989
21.77759
21.78457
21.82575
21.87531
21.91858
21.96116
22.00234
22.04422
22.04003
22.08540
22.08540
22.16847
22.21104
22.22082
22.26200
22.21104
22.21384
22.20686
22.24525
22.25781
22.17545
22.26200
22.25781
22.29969
22.34646
22.34087
22.38485
22.38485
22.46791
22.42393
22.42952
22.43091
22.43859
22.47768
22.47768
22.38624
22.38903
22.34506
22.29690
22.21942
22.12379
22.12798
22.08401
22.05330
22.04422
22.04422
22.00793
21.99955
21.95558
21.91579
21.96535
21.95697
21.91858
21.91439
21.87391
21.87391
21.91579
21.87112
21.81598
21.82296
21.86274
21.82854
21.83133
21.83412
21.78317
21.83552
21.78875
21.78457
21.79015
21.82994
21.86414
21.86414
21.91160
21.95837
22.00513
22.08401
22.09518
22.13775
22.08261
22.12100
22.09099
22.13077
22.07982
22.08122
22.08401
22.08820
22.04562
22.04422
21.99815
22.00095
22.00095
21.95418
21.94999
21.91439
21.86693
21.82575
21.86972
21.83412
21.78177
21.79294
21.78177
21.78457
21.79015
21.74129
21.78875
21.78457
21.78596
21.73710
21.78038
21.73431
21.82435
21.82994
21.78596
21.74269
21.74687
21.78596
21.74408
21.70290
21.69173
21.70290
21.70011
21.69732
21.70011
21.69871
21.70011
21.69313
21.69592
21.73850
21.69592
21.69592
21.74408
21.78457
21.78736
21.74408
21.74269
21.73850
21.74129
21.74408
21.74967
21.69313
21.79015
21.77898
21.82435
21.86833
21.91439
21.95976
22.04701
22.04701
22.12519
22.08680
22.13357
22.21663
22.22082
22.21942
22.25641
22.26060
22.26060
22.25502
22.30667
22.25223
22.25641
22.21104
22.21244
22.16986
22.17126
22.08122
22.12798
22.08122
22.09099
22.04562
22.03864
22.04283
22.00513
22.00513
21.99676
21.99397
22.00095
21.95558
21.91719
21.91300
21.95976
21.95139
21.91021
21.96395
21.91858
21.96256
21.95418
21.95837
21.91439
21.95418
21.95976
21.95837
21.91579
21.91719
21.87251
21.91300
21.91439
21.91439
21.87251
21.87391
21.91858
21.96116
21.92137
21.95418
21.95418
22.08680
22.13357
22.17405
22.21802
22.29829
22.29550
22.34646
22.43371
22.47070
22.56702
22.56702
22.64729
22.68778
22.82389
22.91672
22.91253
22.94883
23.02700
23.08075
23.12123
23.08075
23.11984
23.08354
23.12263
23.12403
23.08354
23.03119
23.07866
23.08075
23.07866
23.03678
23.03538
22.98861
22.99839
22.99420
22.91114
22.90276
22.90276
22.86716
22.86158
22.77572
22.77433
22.73594
22.73873
22.68638
22.64729
22.60332
22.59913
22.60751
22.56982
22.46791
22.51886
22.43231
22.43859
22.47489
22.38903
22.38624
22.43091
22.47349
22.52026
22.56493
22.59913
22.64171
22.69685
22.72896
22.76875
22.86437
22.94883
22.95022
23.03398
23.08215
23.12961
23.15823
23.21197
23.16102
23.17079
23.16102
23.11565
23.11844
23.02700
22.98722
22.99141
22.95162
22.90416
22.90695
22.81760
22.82040
22.77712
22.73175
22.65009
22.59913
22.59774
22.51049
22.51747
22.43510
22.34646
22.33808
22.25223
22.21942
22.17126
22.08401
22.08820
21.99815
21.95837
21.91300
21.91858
21.83133
21.78457
21.74269
21.69732
21.68894
21.69452
21.65055
21.60867
21.56330
21.61007
21.60588
21.56609
21.57586
21.56749
21.61146
21.69173
21.70011
21.74129
21.82575
21.86833
21.95837
21.99536
22.04981
22.12938
22.08401
22.17405
22.21523
22.25502
22.29969
22.30807
22.30248
22.29969
22.29829
22.30807
22.25083
22.25921
22.21523
22.21802
22.21104
22.12938
22.09238
22.07842
22.04422
22.05330
22.04422
22.00095
22.00653
21.96116
21.87112
21.91439
21.91300
21.86972
21.78736
21.73850
21.74408
21.73571
21.65334
21.61705
21.60867
21.69452
21.60867
21.61565
21.56888
21.57168
21.56470
21.51653
21.52072
21.52910
21.53189
21.52770
21.52770
21.52212
21.48163
21.47465
21.44045
21.44324
21.43766
21.44743
21.44185
21.47884
21.52491
21.53468
21.57586
21.65474
21.73850
21.86833
21.86833
21.95976
22.08401
22.16707
22.17405
22.25781
22.34925
22.38485
22.38345
22.42952
22.43650
22.43650
22.47349
22.43371
22.42673
22.39183
22.43999
22.38764
22.34366
22.29829
22.34925
22.30876
22.26060
22.21802
22.17545
22.16707
22.12938
22.12798
22.04283
21.99676
21.99815
21.95837
21.91858
21.95697
21.91719
21.86274
21.86833
21.82854
21.82714
21.78457
21.74827
21.73989
21.69871
21.73989
21.74269
21.69452
21.73850
21.69452
21.74129
21.73710
21.69732
21.65195
21.65195
21.74269
21.69732
21.70569
21.70150
21.69732
21.73989
21.78457
21.83273
21.86693
21.86972
21.95837
21.95697
21.99397
22.08401
22.08401
22.16567
22.17824
22.25223
22.26479
22.30109
22.25781
22.34646
22.30388
22.30388
22.34227
22.30109
22.34785
22.30109
22.30388
22.30248
22.21663
22.21384
22.21244
22.17405
22.12379
22.08540
21.99815
22.00653
21.96256
21.91998
21.96116
21.91439
21.91160
21.86414
21.82575
21.82714
21.83133
21.83133
21.82994
21.78875
21.83412
21.82435
21.82435
21.78736
21.77898
21.82994
21.82435
21.78177
21.78596
21.78875
21.82854
21.78596
21.73989
21.82854
21.77898
21.86972
21.86414
21.90881
21.91300
21.95418
22.04283
22.00513
22.04003
22.04981
22.09518
22.08540
22.07982
22.07982
22.08540
22.12379
22.03724
22.04422
22.04562
22.00513
21.99397
22.04283
21.99536
22.00374
22.00095
21.99955
22.09238
22.03724
22.08680
22.08820
22.08122
22.12938
22.13077
22.12379
22.13357
22.12798
22.08820
22.08401
22.07982
22.07982
22.03724
22.12100
22.12100
22.12798
22.12519
22.08540
22.12379
22.12659
22.16707
22.21384
22.25921
22.25362
22.30527
22.34366
22.39462
22.43091
22.42533
22.42393
22.42393
22.51747
22.51049
22.47489
22.51886
22.47349
22.52584
22.47908
22.43510
22.43091
22.39043
22.38345
22.34646
22.25781
22.26060
22.21384
22.21802
22.17405
22.09099
22.04003
22.07842
22.04562
21.99815
22.04143
22.04701
22.00095
21.99257
21.99676
22.04003
22.00095
22.04562
22.00653
21.99815
22.03724
22.03445
22.03585
22.04701
21.99815
22.04003
22.00234
21.96116
21.91439
21.91858
21.91439
21.91021
21.87531
21.90881
21.87251
21.95558
21.91300
21.91998
21.91858
21.91579
21.91439
21.95976
21.91998
21.95697
21.91160
21.95697
21.95697
22.00513
21.96116
21.90881
21.91300
21.99536
21.99257
22.00234
22.04562
22.07842
22.07842
22.12379
22.12519
22.16707
22.12519
22.21244
22.21104
22.21104
22.26060
22.21384
22.21942
22.25921
22.30248
22.24943
22.25502
22.20686
22.17824
22.17405
22.16707
22.08122
22.04422
22.04562
22.00513
21.95418
21.99117
21.99397
22.00095
21.96116
21.95558
21.99536
21.99676
21.99815
21.95558
21.99955
22.04283
21.99536
22.00374
22.00374
21.99815
21.99257
21.99536
22.04562
21.99815
21.95418
22.00513
22.00513
22.00095
21.99536
21.95837
22.03864
22.08540
22.08680
22.08401
22.08959
22.12798
22.17405
22.20546
22.26060
22.25641
22.25502
22.26200
22.29969
22.35204
22.34506
22.33668
22.38066
22.42812
22.38903
22.38485
22.34366
22.38764
22.38345
22.34785
22.34925
22.30667
22.29829
22.25502
22.25781
22.20965
22.17545
22.17405
22.12519
22.13357
22.08540
22.08540
22.08680
22.07982
22.04422
22.08540
22.03585
22.04701
21.99536
22.00234
21.99676
22.04562
22.04701
22.00513
22.00793
22.00095
22.00513
22.04143
21.95976
22.00234
21.95139
22.08401
22.08401
22.16707
22.21244
22.21104
22.20965
22.25921
22.29969
22.38624
22.43371
22.42952
22.43091
22.51188
22.51188
22.55237
22.50769
22.55376
22.56353
22.63752
22.64450
22.59634
22.60890
22.60332
22.55935
22.60332
22.51049
22.51607
22.51886
22.51328
22.51467
22.43231
22.39462
22.39043
22.38903
22.33948
22.29969
22.25641
22.25502
22.21384
22.16707
22.13217
22.04701
22.08540
22.00513
21.99815
22.00234
21.96116
21.96116
21.95697
21.91439
21.95139
21.96116
21.95837
21.90741
21.91021
21.91300
21.91021
21.91719
21.95418
21.90881
21.95418
21.92137
21.95697
22.00374
22.03724
22.08540
22.17405
22.17963
22.26339
22.25781
22.29690
22.29829
22.39183
22.42812
22.43231
22.47489
22.47070
22.51467
22.60053
22.60611
22.60053
22.69057
22.64311
22.73315
22.69197
22.69336
22.63892
22.64311
22.68499
22.69197
22.60472
22.60053
22.55655
22.55516
22.46930
22.42533
22.38903
22.34506
22.30109
22.30527
22.22361
22.17684
22.17545
22.07842
22.08401
22.08122
22.04143
22.04143
21.99676
22.00234
21.99955
21.99815
21.99955
22.00095
21.99676
22.03864
21.99815
21.99955
21.96256
21.91579
21.95697
21.99676
21.91300
21.91719
21.95976
21.96395
22.00095
21.99815
22.08540
22.16847
22.13077
22.16707
22.21523
22.25641
22.34925
22.29411
22.39183
22.43091
22.47489
22.51607
22.55795
22.55935
22.56493
22.65009
22.59774
22.55237
22.60192
22.60332
22.56493
22.55655
22.51747
22.51747
22.47628
22.47628
22.47070
22.38764
22.34366
22.35064
22.29829
22.30248
22.21244
22.21244
22.21104
22.13357
22.13496
22.05120
22.04143
21.99676
21.95558
21.95418
21.96256
21.91719
21.91021
21.90602
21.87531
21.87391
21.91300
21.86833
21.82296
21.82714
21.87670
21.87112
21.82714
21.86833
21.87251
21.87251
21.86972
21.87391
21.83133
21.81877
21.87112
21.87112
21.91579
21.95697
22.00234
22.13077
22.16986
22.21384
22.30248
22.34087
22.34646
22.38624
22.48187
22.51467
22.55237
22.60192
22.60472
22.68638
22.73315
22.81760
22.81481
22.85739
22.89857
22.90136
22.95162
22.86297
22.86577
22.86577
22.82319
22.81760
22.73734
22.68638
22.63892
22.64869
22.64311
22.52026
22.52026
22.46791
22.43510
22.42952
22.34506
22.30388
22.30807
22.25223
22.22361
22.17545
22.13217
22.13217
22.07982
22.04701
22.08401
22.04701
21.99955
22.00095
22.00513
22.00374
21.99955
21.95976
21.95558
21.95278
21.96256
21.95697
21.95697
21.95139
21.95976
21.99815
21.95139
21.96535
21.96116
21.96116
21.99676
22.00653
22.13496
22.12659
22.17265
22.13217
22.09099
22.07842
22.08540
22.04422
22.12100
22.08540
22.04283
22.05120
21.99815
22.03724
22.04283
22.08959
22.08820
22.12240
22.12798
22.17126
22.17545
22.17126
22.26619
22.21663
22.21244
22.25502
22.25781
22.30807
22.21384
22.21384
22.20546
22.21244
22.17265
22.12798
22.08122
22.08820
22.04562
22.00374
22.04562
21.95697
21.95697
21.95697
21.90741
21.95558
21.91579
21.87531
21.82435
21.82435
21.91858
21.87112
21.91021
21.86693
21.86972
21.86833
21.87391
21.82156
21.82714
21.87531
21.87670
21.83133
21.82435
21.78038
21.77759
21.82156
21.78736
21.79504
21.78317
21.73989
21.78457
21.74548
21.73571
21.70150
21.78736
21.83412
21.92137
21.95558
22.00234
22.04003
22.12798
22.17405
22.21802
22.21104
22.29690
22.30807
22.35064
22.38624
22.38624
22.39043
22.38903
22.34366
22.35483
22.34925
22.30388
22.25781
22.30807
22.21384
22.17265
22.17126
22.12798
22.08122
22.07982
22.08261
22.04981
22.08680
22.09099
22.08401
22.04701
22.04143
22.04562
22.04143
21.99955
21.99815
22.00513
22.04422
21.95837
21.95697
21.99815
21.95418
22.00095
21.96535
21.96256
21.95837
21.95976
22.00095
22.00653
22.00095
22.00513
22.00095
22.04562
22.00234
22.04283
22.08680
22.12798
22.17545
22.17126
22.21523
22.26479
22.30388
22.29829
22.38764
22.43650
22.47628
22.48047
22.51747
22.52026
22.56353
22.64729
22.64450
22.64869
22.73454
22.77712
22.77991
22.81481
22.77712
22.77991
22.77712
22.77991
22.82807
22.69057
22.73175
22.72756
22.69197
22.65148
22.60053
22.55795
22.52305
22.47349
22.47070
22.34366
22.34925
22.30807
22.25781
22.21384
22.17545
22.12379
22.07842
22.04283
22.00374
22.08401
22.04701
22.04562
21.96116
21.99815
21.99257
22.00653
21.99815
22.00095
21.99676
22.04283
22.04701
21.99676
21.95418
21.95697
22.00234
21.99536
22.00653
21.96116
21.91300
21.91858
21.86414
21.82994
21.82714
21.78596
21.78875
21.69592
21.74129
21.66032
21.61146
21.66032
21.61705
21.65334
21.65893
21.74408
21.78596
21.78875
21.82296
21.81598
21.91858
21.96395
22.00513
22.04143
22.04701
22.17963
22.13077
22.21802
22.30248
22.34087
22.39322
22.34366
22.43091
22.47489
22.48187
22.47349
22.38345
22.34646
22.26060
22.25641
22.16847
22.04283
21.91579
21.91160
21.87112
21.83273
21.86833
21.86553
21.86693
21.83133
21.87949
21.91998
21.91998
21.95558
21.95976
21.91021
22.00095
21.95418
21.95976
21.95278
21.95139
21.95976
21.95278
21.96116
21.96256
22.00095
22.09099
22.09099
22.08959
22.08540
22.08261
22.09518
22.08680
22.17126
22.13217
22.17265
22.16986
22.21942
22.22221
22.21523
22.26060
22.21523
22.26479
22.29969
22.25641
22.29690
22.25921
22.25921
22.26339
22.26060
22.21384
22.17684
22.13077
22.09378
22.09099
22.04143
22.04841
22.04422
21.99955
21.95837
21.95697
22.00095
21.95976
21.95697
21.95976
21.91719
21.96116
21.95837
21.96256
21.95278
21.99955
22.04981
21.99397
22.04701
22.00513
22.00095
21.99955
21.99676
22.00234
22.00095
22.04841
22.08959
22.12100
22.13077
22.13357
22.12659
22.12379
22.17824
22.17684
22.16847
22.17126
22.17126
22.13357
22.22082
22.21384
22.17684
22.08261
22.08540
22.04003
22.00374
21.99955
22.08820
21.99815
21.95558
21.87810
21.83692
21.87670
21.78038
21.69871
21.69871
21.65893
21.61565
21.56470
21.53049
21.48582
21.52072
21.57307
21.61705
21.65893
21.70569
21.70011
21.79015
21.82714
21.82575
21.91439
21.95558
22.04562
21.99815
21.95418
21.91719
21.86414
21.87391
21.86553
21.82296
21.83412
21.78736
21.82714
21.83552
21.87251
21.91579
21.95558
22.04422
22.12798
22.12379
22.29829
22.33808
22.39043
22.47349
22.51886
22.56353
22.55655
22.68638
22.82040
22.95162
23.04096
23.11565
23.12123
23.12542
23.16381
23.20011
23.25106
23.16660
23.16242
23.08075
23.03398
22.99699
22.86158
22.86856
22.82668
22.77991
22.81621
22.73454
22.69336
22.69336
22.63892
22.64450
22.55935
22.55516
22.55935
22.51607
22.51886
22.43650
22.51607
22.47628
22.47070
22.43091
22.38624
22.38205
22.30109
22.29829
22.25362
22.20546
22.16986
22.08680
22.08122
22.08959
21.99815
21.91160
21.92137
21.86553
21.87112
21.86972
21.86414
21.82296
21.86833
21.95697
22.04701
22.12659
22.39043
22.82179
23.29922
23.68033
23.85693
24.11798
24.33366
24.41672
24.42091
24.45651
24.41114
24.24641
24.11239
23.93720
23.76339
23.59378
23.41788
23.38508
23.16800
23.03678
22.98722
22.90276
22.81900
22.64311
22.60332
22.52026
22.47070
22.43231
22.34646
22.25223
22.24664
22.21104
22.21942
22.13077
22.13217
22.08401
22.08261
22.04562
22.08401
22.08401
22.04562
22.08680
22.04422
22.16847
22.12798
22.16428
22.20825
22.25781
22.16288
22.21244
22.21104
22.26339
22.21663
22.17265
22.17265
22.16707
22.17963
22.17684
22.08820
22.07982
22.07982
22.08122
22.00653
21.99815
21.99815
21.95558
21.91160
21.91858
21.91021
21.86972
21.86553
21.82016
21.82575
21.86553
21.86553
21.87251
21.87112
21.86135
21.91021
21.87251
21.91300
21.87112
21.91021
21.95278
21.95278
21.91858
21.95976
21.91579
22.00234
21.95837
21.94860
21.91021
21.96535
22.00234
21.99397
21.99397
22.00095
22.00374
22.05330
22.04562
22.04283
22.08401
22.08122
22.08261
22.13077
22.09099
22.12379
22.08540
22.08680
22.12379
22.07982
22.08122
22.08540
22.12798
22.12100
22.12798
22.17405
22.21942
22.12519
22.17265
22.16567
22.21244
22.20825
22.16707
22.16707
22.17265
22.21663
22.21104
22.16986
22.17126
22.17545
22.17265
22.16567
22.16847
22.12798
22.12379
22.13217
22.08401
22.07982
22.07982
22.12240
22.07982
22.04422
22.13077
22.12379
22.13496
22.17265
22.17824
22.12798
22.12938
22.12240
22.12798
22.12100
22.08122
22.12240
22.12798
22.12798
22.13496
22.08261
22.16847
22.17126
22.25641
22.30248
22.26619
22.29969
22.38485
22.42673
22.51328
22.47210
22.51747
22.55237
22.55516
22.59494
22.54957
22.60192
22.55935
22.56074
22.55655
22.51747
22.47070
22.51467
22.47349
22.46930
22.43371
22.43231
22.34925
22.38345
22.38205
22.29550
22.30388
22.30807
22.26339
22.25641
22.21104
22.20825
22.21104
22.20825
22.16707
22.16707
22.17405
22.17405
22.16847
22.12519
22.08122
22.07842
22.08540
22.08401
22.04283
22.08401
22.13077
22.13357
22.08680
22.08261
22.08680
22.07842
22.12798
22.20825
22.20965
22.21244
22.26060
22.34506
22.39322
22.42673
22.42533
22.51747
22.51188
22.60053
22.69057
22.64869
22.73175
22.73315
22.77991
22.81621
22.77433
22.82040
22.77154
22.82179
22.77433
22.73175
22.77293
22.73594
22.73175
22.73873
22.68499
22.69057
22.64729
22.68917
22.73454
22.60053
22.65009
22.65288
22.64869
22.60751
22.55516
22.55655
22.52026
22.51467
22.51467
22.43091
22.42812
22.43859
22.39183
22.38345
22.33668
22.34506
22.29690
22.35064
22.30807
22.21523
22.25781
22.20825
22.21802
22.22221
22.17545
22.16707
22.17126
22.16986
22.12519
22.08401
22.08261
22.03724
22.07982
22.13496
22.00234
22.08680
22.08540
22.13077
22.16707
22.16986
22.17265
22.21663
22.21802
22.26060
22.21523
22.24943
22.30248
22.25502
22.29829
22.25502
22.26339
22.22500
22.20965
22.26200
22.20546
22.16707
22.17545
22.17405
22.13636
22.04701
22.07703
22.03724
21.99955
21.95697
21.99676
21.99676
21.99955
21.95418
21.90741
21.99955
21.94999
21.91021
21.91439
21.91719
21.91858
21.95976
21.91719
21.86414
21.86833
21.86833
21.82435
21.82156
21.78177
21.78596
21.82575
21.82714
21.78038
21.77479
21.82435
21.87112
21.91998
21.91439
21.95558
21.95558
22.08401
22.08122
22.13496
22.12798
22.16707
22.17265
22.17824
22.21523
22.21663
22.20825
22.16847
22.17405
22.12519
22.13077
22.17684
22.08401
22.08680
22.08680
22.04562
22.08540
22.04283
21.99815
22.00095
21.99676
21.99955
21.99815
22.04422
21.99676
22.00095
22.00374
22.04562
21.99955
21.95697
21.99815
21.91439
21.91858
21.91160
21.95418
21.91439
21.86274
21.86553
21.86833
21.82714
21.78736
21.78457
21.78596
21.82575
21.79015
21.78177
21.82575
21.79015
21.78875
21.82854
21.87391
21.87112
21.95976
21.95697
21.95837
21.99815
22.00095
22.04562
22.08401
22.08540
22.12798
22.08122
22.12519
22.12798
22.12379
22.08401
22.13357
22.08540
22.08820
22.04283
22.00095
21.95697
22.04283
21.99955
22.00095
22.00653
21.95837
21.99955
21.95278
21.95558
21.91021
21.96256
21.91579
21.95418
21.92137
21.86972
21.86553
21.91579
21.86833
21.86972
21.78317
21.78596
21.82156
21.77898
21.74129
21.73850
21.74408
21.78457
21.78596
21.78317
21.78596
21.78317
21.82156
21.82714
21.83552
21.87391
21.82714
21.91300
21.87391
21.87112
21.82854
21.82156
21.82435
21.82435
21.82296
21.79294
21.78177
21.83133
21.82296
21.82854
21.78596
21.78457
21.82296
21.82435
21.82714
21.82854
21.82714
21.87531
21.87251
21.91439
21.95697
21.91719
22.00095
22.04422
22.08540
22.12938
22.20965
22.21384
22.25781
22.30109
22.29690
22.38205
22.34646
22.34366
22.39183
22.42673
22.39183
22.39601
22.34366
22.38764
22.34646
22.34925
22.29969
22.29829
22.34785
22.34366
22.30527
22.21244
22.25502
22.21104
22.21663
22.21384
22.13636
22.12938
22.13077
22.12938
22.12659
22.04283
22.04701
22.00932
22.04562
22.00234
22.04841
22.04003
22.00932
22.00653
22.04143
22.04422
21.99536
21.99955
21.99955
21.99815
22.00374
21.99815
21.95976
21.95976
21.91858
21.95697
21.96116
21.91719
21.92347
21.91300
21.96256
21.96116
21.96116
21.91021
21.91998
21.95558
21.99397
22.05609
22.04701
22.08959
22.12379
22.16567
22.17545
22.25781
22.30807
22.30248
22.31016
22.38764
22.43371
22.47070
22.47070
22.56214
22.56493
22.60332
22.69057
22.68499
22.73036
22.73315
22.77154
22.73175
22.78550
22.77991
22.72756
22.77293
22.73734
22.69476
22.64031
22.69336
22.64031
22.64869
22.56353
22.60472
22.56214
22.55935
22.55935
22.47070
22.47908
22.43510
22.43091
22.47489
22.38205
22.34925
22.35204
22.38764
22.38485
22.29690
22.30388
22.30248
22.25781
22.29829
22.25502
22.21802
22.17824
22.17405
22.17824
22.13357
22.08959
22.08959
22.08959
22.08540
21.99955
22.00234
21.99676
22.00234
22.00095
22.00234
22.00234
21.95418
22.00234
22.00653
22.04422
22.00653
22.04981
22.04283
22.04143
22.16707
22.17265
22.21802
22.25921
22.34087
22.29411
22.38903
22.47349
22.51747
22.55655
22.56493
22.65009
22.64729
22.73175
22.73594
22.73734
22.77712
22.78270
22.77572
22.77293
22.77293
22.73594
22.77852
22.73594
22.73873
22.69197
22.68778
22.65009
22.68499
22.64729
22.60192
22.59913
22.60192
22.56353
22.51467
22.51188
22.47210
22.47768
22.47489
22.43231
22.39183
22.38903
22.38764
22.39183
22.34646
22.29969
22.30248
22.30388
22.25641
22.30248
22.21244
22.17684
22.12798
22.08401
22.12798
22.05190
21.99955
21.99955
21.95837
21.91300
21.95697
21.91300
21.91300
21.86414
21.87670
21.87949
21.86693
21.86553
21.83273
21.82854
21.86135
21.87251
21.87391
21.87670
21.92137
21.97093
22.04841
22.08122
22.08401
22.13357
22.13915
22.17963
22.22500
22.31156
22.38205
22.39462
22.43510
22.48606
22.55237
22.56702
22.61030
22.66405
22.72198
22.69964
22.72756
22.69825
22.73594
22.73315
22.73594
22.70523
22.64171
22.64590
22.63892
22.60332
22.59494
22.54539
22.51188
22.51188
22.51607
22.50630
22.45814
22.41695
22.38764
22.38485
22.37647
22.35064
22.32831
22.28713
22.25641
22.25641
22.23617
22.22082
22.20686
22.19708
22.19569
22.16986
22.14753
22.10076
22.07842
22.06446
22.04981
22.02328
21.99955
21.98489
21.97931
21.97791
21.93045
21.94720
21.94022
21.94441
21.95558
21.93882
21.89206
21.86693
21.89625
21.88927
21.89206
21.89066
21.86972
21.89904
21.91439
21.91858
21.91160
21.91858
21.91579
21.94022
21.95976
22.01351
22.06446
22.11332
22.13077
22.15869
22.22082
22.28992
22.27456
22.31854
22.37507
22.43999
22.47210
22.47349
22.52584
22.58936
22.63333
22.64729
22.64031
22.64450
22.62007
22.63333
22.62147
22.57680
22.55376
22.53422
22.52445
22.48606
22.44138
22.45814
22.44278
22.42952
22.39741
22.35204
22.30667
22.29829
22.30527
22.27037
22.22919
22.18033
22.17405
22.17684
22.16986
22.11681
22.05330
22.07982
22.05190
22.04003
22.04562
22.04143
22.01072
21.96954
21.95697
21.94720
21.91719
21.88229
21.87391
21.83831
21.85786
21.83412
21.83133
21.79504
21.78457
21.81318
21.79434
21.75525
21.73431
21.74129
21.77759
21.78596
21.79294
21.78177
21.77759
21.84669
21.83412
21.89625
21.94860
21.99117
22.06865
22.12100
22.16986
22.21523
22.21663
22.25223
22.29829
22.34087
22.37368
22.38624
22.41835
22.46930
22.51049
22.47908
22.50909
22.48466
22.47070
22.47489
22.50909
22.50909
22.48326
22.47349
22.43720
22.39322
22.38485
22.34506
22.31016
22.30667
22.25781
22.21942
22.09518
22.04283
21.97233
21.91579
21.91579
21.95139
21.91579
21.94720
21.95837
21.95837
21.92486
21.90741
21.91579
21.87251
21.87251
21.86833
21.86833
21.83552
21.82854
21.86693
21.91160
21.91160
21.91858
21.91021
21.87391
21.94022
21.87391
21.86553
21.82994
21.82854
21.90183
21.90741
21.95418
21.99257
21.99676
22.07703
22.13077
22.13357
22.20267
22.24943
22.25362
22.29411
22.29829
22.30248
22.33948
22.30527
22.34366
22.30388
22.30388
22.26200
22.25502
22.20965
22.17545
22.16986
22.17545
22.12938
22.12938
22.09099
22.08540
22.09099
22.09099
22.16707
22.12798
22.17265
22.13217
22.08401
22.08122
22.08122
22.09238
22.08540
22.04562
22.03724
22.03724
22.04422
22.00653
22.04143
21.99955
21.96116
21.95139
21.95697
21.99117
22.00374
22.00513
21.95837
21.99257
22.08122
22.08401
22.16288
22.25362
22.25362
22.26060
22.30876
22.34785
22.41835
22.42952
22.46791
22.51747
22.56074
22.55516
22.59774
22.56493
22.52445
22.52305
22.52026
22.51328
22.46791
22.48047
22.47349
22.42673
22.42533
22.38205
22.39043
22.39183
22.39183
22.34785
22.34506
22.34785
22.34087
22.34087
22.34087
22.30388
22.30807
22.29829
22.25641
22.25921
22.20965
22.16428
22.13775
22.12659
22.12798
22.04003
22.04562
22.04003
21.99536
21.99397
21.99676
21.96395
21.96256
21.94860
21.91439
21.95139
21.95837
21.95697
21.96116
21.95976
22.03445
22.12519
22.12938
22.17265
22.21244
22.17265
22.17405
22.25083
22.25362
22.33808
22.34087
22.29829
22.38624
22.38624
22.43091
22.38066
22.43231
22.47908
22.46651
22.47489
22.43371
22.47768
22.43231
22.46651
22.43231
22.39043
22.38345
22.37926
22.38764
22.38066
22.34646
22.25921
22.21104
22.21802
22.13357
22.08122
22.04981
22.07982
21.99676
21.99955
21.99536
21.96116
21.95697
21.91858
21.91719
21.91579
21.91439
21.87251
21.82156
21.82575
21.90881
21.91858
21.91439
21.90323
21.95697
22.00374
22.04562
22.04143
22.07982
22.07982
22.13077
22.17265
22.20686
22.25921
22.22082
22.21244
22.25641
22.25362
22.29969
22.30807
22.26200
22.25223
22.29411
22.25223
22.25641
22.26339
22.25641
22.21663
22.25083
22.21663
22.16986
22.16707
22.12938
22.12379
22.09099
22.08401
22.08401
22.04422
21.99955
22.00932
21.99815
21.95697
21.95837
21.96116
21.87251
21.95278
21.91579
21.91858
21.87112
21.81458
21.82714
21.82435
21.82994
21.79155
21.78177
21.82156
21.82994
21.78596
21.74129
21.69871
21.73291
21.74548
21.74129
21.78457
21.82016
21.90881
21.95418
21.95976
21.96256
22.00234
22.03864
22.12100
22.13217
22.17545
22.20965
22.16707
22.21104
22.20965
22.29829
22.30388
22.26619
22.25781
22.25641
22.20965
22.25083
22.21104
22.21663
22.16986
22.16707
22.16428
22.12798
22.08820
22.08680
22.04422
22.04283
22.08540
22.04283
22.04981
21.99536
21.99536
22.04701
22.04562
22.00234
21.96116
21.95278
22.00513
22.00513
22.00513
21.95837
21.95418
21.95418
21.96116
21.91439
21.91439
21.91719
21.90881
21.90881
21.96116
21.95697
22.00095
22.07982
22.13077
22.17684
22.21523
22.21663
22.21523
22.26200
22.31016
22.34227
22.34227
22.34506
22.43091
22.42533
22.46651
22.47210
22.42673
22.47489
22.46791
22.47210
22.47908
22.42673
22.42673
22.46791
22.38903
22.38903
22.34366
22.34087
22.34227
22.29969
22.25921
22.25921
22.21244
22.17545
22.16986
22.16986
22.12798
22.08401
22.08540
22.08261
21.99955
22.04283
22.04422
21.95418
21.96116
21.92137
21.95697
21.90881
21.87391
21.87112
21.86274
21.87391
21.86972
21.86274
21.95139
21.95278
22.08261
22.12798
22.12938
22.17545
22.26060
22.21802
22.26060
22.29690
22.34785
22.43510
22.43371
22.38764
22.43510
22.51049
22.51328
22.51188
22.55516
22.56633
22.51747
22.59913
22.51328
22.51467
22.51467
22.47210
22.51886
22.43720
22.43859
22.43231
22.42393
22.39183
22.34366
22.34366
22.30109
22.30388
22.30667
22.21942
22.21663
22.16986
22.13077
22.13077
22.04562
21.99536
21.95837
21.91579
21.82435
21.86833
21.82156
21.79294
21.74687
21.73850
21.74129
21.74408
21.74129
21.70150
21.65893
21.74408
21.69732
21.69732
21.69871
21.65753
21.74129
21.73850
21.82854
21.87251
21.86972
22.00374
22.04143
22.12379
22.12240
22.17405
22.16707
22.25781
22.30109
22.34646
22.38205
22.34227
22.38903
22.43371
22.43091
22.47628
22.52026
22.52305
22.52584
22.51467
22.56074
22.51607
22.47210
22.52026
22.51467
22.51607
22.42952
22.43231
22.43231
22.42673
22.38903
22.34646
22.30248
22.26339
22.21942
22.25781
22.16707
22.12379
22.08122
22.08401
22.00653
21.99955
21.99676
21.95837
21.96116
21.90741
21.91160
21.87670
21.87391
21.86693
21.82994
21.86972
21.86414
21.82296
21.82435
21.82854
21.87531
21.82854
21.78875
21.79155
21.73710
21.78038
21.73989
21.74687
21.74548
21.78317
21.82714
21.87391
21.87531
21.86972
21.91300
21.96256
21.99257
22.08401
22.11961
22.16986
22.21384
22.26339
22.26200
22.34366
22.34925
22.34227
22.38345
22.42673
22.38485
22.38624
22.39043
22.38903
22.35483
22.34646
22.34646
22.30248
22.26339
22.25502
22.30527
22.26339
22.21663
22.16847
22.16986
22.21384
22.17265
22.08401
22.09378
22.08820
22.09657
22.04701
22.08261
22.08680
22.03585
22.00234
22.00374
21.96256
21.91579
21.87112
21.87112
21.82994
21.82714
21.82994
21.74129
21.78317
21.74548
21.74548
21.73710
21.70011
21.70430
21.69871
21.74687
21.69592
21.74129
21.69592
21.69732
21.78596
21.82854
21.78317
21.82575
21.82575
21.87112
21.91300
21.95837
21.95278
22.00653
22.04422
22.08122
22.12938
22.17405
22.26060
22.22221
22.30248
22.34366
22.35064
22.39183
22.38205
22.38764
22.43091
22.43231
22.47628
22.38764
22.38485
22.38903
22.38485
22.39183
22.34925
22.31016
22.26200
22.25502
22.22082
22.17265
22.13217
22.08401
22.04981
22.00234
22.04981
22.08401
22.08680
22.04283
22.04003
22.04841
22.08401
22.08959
22.04562
22.00095
22.07842
22.03724
22.00095
21.95558
21.95558
21.99815
21.96256
21.95837
21.91719
21.87531
21.92766
21.91439
21.96116
21.95976
21.96256
22.00513
22.04283
22.04003
22.13077
22.13496
22.09099
22.13775
22.21384
22.26898
22.30876
22.30388
22.34506
22.34227
22.42673
22.43091
22.43650
22.42812
22.47210
22.46930
22.47628
22.42673
22.42952
22.43231
22.42952
22.43231
22.33948
22.38764
22.33808
22.34646
22.34925
22.30667
22.26060
22.29550
22.25223
22.25921
22.17684
22.17545
22.17684
22.13636
22.13217
22.04283
22.04422
21.95278
21.95558
21.91160
21.91439
21.91579
21.90881
21.86274
21.87251
21.87391
21.86833
21.82994
21.82435
21.78457
21.83273
21.83552
21.83133
21.86972
21.91858
21.96256
22.05120
22.04562
22.13217
22.12659
22.13077
22.17126
22.17265
22.26060
22.26339
22.30807
22.35064
22.30667
22.34227
22.39043
22.38764
22.39183
22.39043
22.42393
22.43231
22.38624
22.38764
22.34925
22.38205
22.34646
22.34506
22.30527
22.30807
22.26060
22.25921
22.21244
22.16847
22.12798
22.13077
22.08261
22.08680
22.04003
22.04701
22.00653
21.96395
22.00095
21.96116
21.94860
21.91719
21.87531
21.95139
21.90741
21.91021
21.86972
21.87112
21.91719
21.86972
21.86553
21.91858
21.91858
22.00095
21.99815
22.04841
22.04701
22.08820
22.13496
22.16986
22.13357
22.17824
22.26619
22.25502
22.24804
22.29829
22.30248
22.34785
22.30109
22.34366
22.39322
22.38485
22.43720
22.34785
22.43231
22.42673
22.38624
22.42952
22.34646
22.38624
22.33808
22.34366
22.34785
22.30807
22.25641
22.26339
22.25223
22.25781
22.18033
22.13775
22.16567
22.12798
22.13217
22.08959
22.04003
22.05330
22.00234
21.99676
22.04422
21.99676
22.03724
22.00095
21.95697
21.99815
21.99536
21.95697
21.91300
21.91300
21.91439
21.91719
21.87112
21.87391
21.87112
21.86833
21.91579
21.94999
21.95278
21.99815
22.04143
22.03445
22.07982
22.16847
22.16847
22.18173
22.22082
22.21663
22.30248
22.30807
22.29829
22.34087
22.33808
22.38485
22.38903
22.38066
22.38903
22.34087
22.39462
22.39183
22.34925
22.35064
22.35483
22.35204
22.39322
22.30109
22.34646
22.30527
22.29969
22.25781
22.25223
22.21384
22.21104
22.17684
22.17545
22.12798
22.13496
22.08401
22.04003
22.04701
22.04981
22.00653
21.99815
21.95837
21.91021
21.95139
21.91858
21.91579
21.86833
21.83412
21.87251
21.82854
21.83273
21.82714
21.78736
21.83273
21.82854
21.87251
21.86414
21.95837
22.00095
22.08959
22.08540
22.17265
22.21104
22.16567
22.21384
22.25641
22.30527
22.34506
22.26479
22.30527
22.34646
22.39043
22.43231
22.38485
22.42812
22.43231
22.47070
22.43510
22.38903
22.42952
22.38764
22.39043
22.43371
22.34925
22.38764
22.38764
22.34506
22.34366
22.30109
22.30109
22.29829
22.25641
22.25362
22.16986
22.12379
22.13357
22.13357
22.13217
21.99815
22.00374
21.94999
21.95418
21.92137
21.95418
21.91300
21.91439
21.86693
21.81877
21.91579
21.87251
21.86553
21.82714
21.78596
21.83692
21.82156
21.86833
21.86553
21.87251
21.91719
21.95418
22.00653
22.04701
22.08122
22.12798
22.12659
22.16847
22.17126
22.26060
22.21942
22.25781
22.25781
22.30109
22.29829
22.29411
22.30527
22.33948
22.34925
22.34646
22.29411
22.30667
22.30109
22.30248
22.30527
22.26060
22.25781
22.21104
22.16847
22.17545
22.12798
22.08959
22.08959
22.08401
22.04562
22.08959
22.04283
22.04143
21.99815
21.99955
22.00234
21.95976
21.91160
21.95837
21.91300
21.95976
21.91021
21.91439
21.87112
21.86972
21.91998
21.86833
21.82156
21.82994
21.87251
21.91439
21.96116
21.99676
22.04701
22.08540
22.12938
22.12240
22.16567
22.25641
22.25502
22.25502
22.30388
22.34366
22.34227
22.38764
22.35064
22.38903
22.43650
22.42673
22.43720
22.38903
22.38345
22.38205
22.39322
22.38903
22.34506
22.30388
22.30807
22.34785
22.35064
22.26060
22.21663
22.25502
22.17265
22.21104
22.12519
22.13077
22.08401
22.08680
22.08261
22.04003
21.99676
21.99536
21.95418
21.91858
21.94860
21.91300
21.86274
21.82435
21.78317
21.81877
21.78596
21.74269
21.70011
21.68894
21.73571
21.74687
21.74687
21.73571
21.82854
21.91439
21.95558
21.99536
22.03864
22.04283
22.17545
22.20965
22.16986
22.21663
22.29690
22.29969
22.33668
22.34506
22.34925
22.34227
22.34506
22.38205
22.39183
22.34785
22.33808
22.34366
22.29690
22.33529
22.29829
22.26060
22.25781
22.17126
22.16567
22.12938
22.08680
22.08122
22.04283
22.00095
21.99815
21.95558
21.99815
21.95558
21.90741
21.91160
21.87112
21.91439
21.86274
21.82435
21.78038
21.77898
21.78038
21.74269
21.74129
21.69732
21.65613
21.69592
21.65195
21.66172
21.61007
21.60867
21.61146
21.61425
21.56470
21.56609
21.60309
21.65334
21.65613
21.74129
21.82296
21.86693
21.91160
22.00234
21.99257
22.03864
22.08122
22.08401
22.16707
22.16986
22.16567
22.25362
22.21244
22.21244
22.21663
22.21104
22.20546
22.21663
22.20546
22.20825
22.21663
22.21802
22.13357
22.12240
22.16707
22.17684
22.12379
22.08540
22.08401
22.05120
22.08401
22.04003
22.03585
22.04562
22.04562
21.99955
21.95558
21.95558
21.95278
21.91300
21.86972
21.82854
21.87251
21.82435
21.82435
21.77898
21.74408
21.78596
21.78875
21.73710
21.75246
21.82435
21.91579
21.91300
22.00095
22.00513
22.08680
22.08680
22.12798
22.16567
22.21802
22.26060
22.25502
22.29690
22.29969
22.34646
22.38345
22.38624
22.34646
22.39322
22.39322
22.43091
22.34785
22.38066
22.39043
22.42952
22.38066
22.34087
22.34925
22.33948
22.34646
22.34366
22.29690
22.25223
22.21942
22.17545
22.21663
22.07842
22.08261
22.04422
21.99397
21.99536
21.99955
21.96116
21.91579
21.95976
21.91021
21.90602
21.81877
21.86414
21.78177
21.74269
21.78596
21.77619
21.70569
21.66172
21.69871
21.73710
21.69871
21.74548
21.74129
21.73571
21.81598
21.82435
21.91439
21.91858
21.96256
22.04562
22.08959
22.13077
22.17265
22.16986
22.21523
22.25502
22.29969
22.38345
22.39183
22.38764
22.43371
22.48466
22.47210
22.51886
22.42673
22.47768
22.42673
22.46791
22.47210
22.43091
22.38205
22.43231
22.43231
22.34087
22.30248
22.31016
22.31156
22.26060
22.21104
22.16707
22.12379
22.08401
22.04283
21.99676
22.04422
22.00374
21.99815
21.95558
21.91021
21.91439
21.86693
21.82575
21.78875
21.74408
21.77898
21.69313
21.70430
21.65055
21.61146
21.65195
21.61286
21.56749
21.57168
21.56609
21.52351
21.53049
21.52351
21.48303
21.52910
21.60588
21.61007
21.69592
21.69592
21.73850
21.78317
21.86833
21.86833
21.95976
21.96256
22.08540
22.12379
22.13077
22.21942
22.30667
22.25502
22.34646
22.38903
22.43231
22.42673
22.43231
22.51467
22.60890
22.59774
22.64869
22.64869
22.64590
22.69197
22.68499
22.68638
22.64311
22.64450
22.64729
22.64869
22.60751
22.55237
22.55516
22.55376
22.55655
22.56353
22.51467
22.47628
22.48047
22.46791
22.43510
22.38205
22.38903
22.34785
22.34227
22.30109
22.25502
22.21942
22.17405
22.17265
22.12659
22.04283
22.00234
21.96535
21.95976
21.91439
21.90881
21.86972
21.82854
21.78177
21.73571
21.74129
21.74408
21.69173
21.69313
21.61286
21.65334
21.65195
21.65334
21.66032
21.69313
21.78177
21.83273
21.83133
21.90881
21.95837
22.04981
22.08540
22.08122
22.17684
22.21942
22.21523
22.25781
22.29969
22.30388
22.34506
22.34506
22.38903
22.38624
22.38345
22.42673
22.38624
22.39183
22.38903
22.38903
22.43720
22.38624
22.34087
22.34925
22.39462
22.34366
22.33529
22.30109
22.30109
22.26060
22.26200
22.17265
22.21244
22.17545
22.17265
22.12938
22.08261
22.04562
22.00095
22.04562
22.00653
21.95139
21.99815
21.95697
21.91719
21.91858
21.95837
21.91021
21.86972
21.88089
21.83273
21.91439
21.87391
21.86833
21.86414
21.91021
21.99815
21.99815
22.00095
22.08820
22.09099
22.12798
22.17265
22.17265
22.21942
22.25781
22.21663
22.30109
22.25921
22.34087
22.34366
22.38764
22.39043
22.38345
22.43650
22.42952
22.42393
22.39043
22.38485
22.43091
22.38205
22.34925
22.35064
22.35204
22.34646
22.34366
22.29829
22.26060
22.29829
22.25641
22.25223
22.17684
22.12798
22.12379
22.07982
22.07982
22.07982
22.04422
22.04283
21.99955
21.99955
22.04003
21.99676
21.95697
21.96535
21.91858
21.96116
21.95418
22.00095
21.99955
21.99955
22.08540
22.13217
22.17126
22.17405
22.21523
22.21942
22.20965
22.21244
22.26060
22.34227
22.26200
22.30876
22.30667
22.39043
22.38624
22.30109
22.34646
22.29690
22.34227
22.30527
22.25781
22.26060
22.21523
22.25362
22.20965
22.17545
22.16986
22.17684
22.13496
22.09099
22.12519
22.04981
22.08959
22.09518
22.00095
21.99815
22.00932
22.00513
22.00095
21.91300
21.95418
21.94999
21.91439
21.87531
21.91300
21.87391
21.87670
21.82575
21.88089
21.87670
21.95976
21.95837
21.99815
22.04422
22.08820
22.12659
22.12659
22.22221
22.21802
22.26060
22.20965
22.25223
22.30248
22.29690
22.34087
22.34366
22.34366
22.34785
22.38624
22.34646
22.29271
22.30109
22.34925
22.29411
22.30388
22.20965
22.25641
22.25781
22.21942
22.21802
22.13077
22.17265
22.16707
22.12659
22.13217
22.04422
22.04701
22.04143
21.99676
22.00513
22.04701
21.99815
22.00793
21.91998
22.00234
21.95837
21.95697
21.90881
21.90602
21.86972
21.87391
21.82575
21.78317
21.78736
21.73989
21.78317
21.83133
21.82854
21.87391
21.87810
21.99815
22.04143
22.08261
22.12379
22.12519
22.13915
22.17265
22.17126
22.26339
22.25502
22.29411
22.26060
22.34227
22.34366
22.38903
22.35483
22.34925
22.34785
22.38485
22.33668
22.35064
22.34227
22.34366
22.34925
22.34646
22.25223
22.30248
22.29969
22.26619
22.25781
22.21942
22.20825
22.16986
22.21802
22.16986
22.12659
22.16567
22.13357
22.12938
22.09099
22.08122
22.04003
22.00234
21.96256
21.96256
21.95418
21.91300
21.91998
21.82714
21.82994
21.83273
21.82714
21.78875
21.70150
21.69732
21.74129
21.70150
21.65613
21.57168
21.60727
21.60867
21.57168
21.57447
21.65613
21.60867
21.74827
21.78875
21.91998
21.86833
21.95976
22.04701
22.04422
22.13217
22.13357
22.21802
22.21663
22.26200
22.30667
22.29969
22.34646
22.34785
22.34646
22.33808
22.38903
22.43371
22.43371
22.38345
22.43231
22.38903
22.43510
22.39043
22.39043
22.34925
22.38624
22.39043
22.33808
22.29550
22.25921
22.26619
22.25641
22.16567
22.16567
22.17684
22.13357
22.12659
22.08401
22.04422
21.95837
21.99955
21.95837
21.95976
21.91579
21.91160
21.87810
21.82854
21.81877
21.82714
21.78736
21.73291
21.69173
21.70011
21.66172
21.61007
21.52212
21.57168
21.56749
21.61007
21.61844
21.61425
21.65195
21.65753
21.74687
21.79155
21.82435
21.91579
22.00095
22.08959
22.14055
22.17265
22.16847
22.22082
22.26479
22.31156
22.29829
22.30667
22.30109
22.30109
22.34227
22.31295
22.30388
22.25502
22.25502
22.21523
22.21523
22.21384
22.16707
22.17824
22.17545
22.12798
22.08261
22.08959
22.04422
22.04283
21.99815
21.95558
21.99536
21.95976
21.91439
21.82854
21.82854
21.82714
21.74129
21.69452
21.70150
21.66172
21.65195
21.61705
21.60588
21.57726
21.52491
21.52072
21.52631
21.52491
21.48443
21.48163
21.53189
21.52770
21.48303
21.57028
21.57168
21.60867
21.66032
21.69732
21.73571
21.74687
21.82994
21.82435
21.91579
21.91439
21.95278
21.94999
21.95558
21.95139
22.00374
21.96256
21.99536
21.95278
21.96116
21.96256
21.95837
21.95837
21.91439
21.90602
21.91719
21.88089
21.86553
21.82994
21.73710
21.78736
21.74269
21.69592
21.64776
21.61565
21.56330
21.57028
21.52631
21.47884
21.43906
21.35879
21.35041
21.30783
21.30644
21.26525
21.26246
21.22058
21.21779
21.22896
21.22477
21.17382
21.17661
21.22756
21.18080
21.17800
21.17661
21.22477
21.26246
21.35041
21.39648
21.43487
21.52351
21.65474
21.69173
21.73710
21.78317
21.86693
21.95976
22.04003
22.12798
22.12519
22.20965
22.25921
22.26200
22.30109
22.33808
22.38624
22.38903
22.38764
22.38485
22.38345
22.38764
22.38624
22.34366
22.38345
22.34227
22.33808
22.30527
22.26339
22.25921
22.21104
22.17126
22.13636
22.08261
22.08401
22.04283
21.99955
22.04003
22.04283
22.00374
21.95139
21.95697
21.95139
21.95837
21.91160
21.91160
21.87391
21.91021
21.86553
21.91858
21.86972
21.95837
22.04283
22.21244
22.21384
22.30388
22.43510
22.47070
22.51188
22.64590
22.68917
22.73175
22.77433
22.82179
22.86018
22.95162
22.98582
22.90974
22.99559
22.99001
22.99280
23.02700
22.98582
22.95371
22.95511
22.99141
22.94604
22.86158
22.90695
22.81900
22.81342
22.82179
22.69197
22.64590
22.59913
22.60751
22.51328
22.38205
22.34506
22.33668
22.26200
22.16428
22.04003
21.95697
21.99397
21.86972
21.83133
21.82994
21.78457
21.74269
21.69732
21.69452
21.69732
21.69871
21.70430
21.61007
21.61007
21.60588
21.61286
21.57028
21.60448
21.56051
21.69313
21.79015
21.86553
21.91579
21.95697
22.04981
22.13217
22.17265
22.21384
22.25641
22.22221
22.30388
22.34506
22.34366
22.39462
22.34506
22.38764
22.38345
22.38764
22.38205
22.30109
22.30248
22.25223
22.25781
22.20825
22.17963
22.17126
22.08540
22.08540
22.04143
22.05120
21.99676
21.95558
21.95139
21.86135
21.95837
21.86833
21.87531
21.82854
21.78317
21.82854
21.78596
21.74269
21.73431
21.68615
21.73431
21.70011
21.65893
21.64915
21.61565
21.65195
21.65474
21.60588
21.64915
21.73710
21.82854
21.86833
21.91719
21.99955
22.04841
22.12379
22.16847
22.21244
22.25781
22.34506
22.38205
22.42952
22.47908
22.51886
22.56214
22.51467
22.55516
22.55935
22.59913
22.60053
22.56214
22.60611
22.60332
22.59913
22.64311
22.55516
22.55935
22.55795
22.52026
22.55935
22.47070
22.47210
22.47489
22.43510
22.47349
22.38345
22.37787
22.34087
22.34646
22.33808
22.29969
22.20825
22.25223
22.17824
22.17545
22.04701
22.04143
22.00374
21.96116
21.86414
21.91160
21.86972
21.82994
21.82296
21.78875
21.82714
21.79155
21.82994
21.82435
21.82156
21.95976
22.04981
22.13217
22.20406
22.21942
22.25641
22.34087
22.34087
22.38066
22.43231
22.38624
22.47070
22.47628
22.51886
22.55795
22.56214
22.56214
22.60751
22.60192
22.64450
22.60332
22.60890
22.60192
22.59774
22.60332
22.55655
22.51467
22.56353
22.50769
22.50630
22.47070
22.47349
22.47349
22.46512
22.38205
22.34366
22.34506
22.26200
22.21802
22.21104
22.13496
22.09657
22.04003
21.99955
21.90881
21.91719
21.86693
21.82994
21.82156
21.78038
21.74269
21.70011
21.69871
21.74548
21.78875
21.87112
21.95558
21.99676
22.04283
22.13077
22.12519
22.13077
22.21663
22.25641
22.29969
22.25362
22.30248
22.38764
22.38345
22.47349
22.38345
22.47489
22.46651
22.47349
22.55655
