45.00000
271.00000
497.00000
723.00000
952.00000
1181.00000
1410.00000
1640.00000
1873.00000
2109.00000
2343.00000
2586.00000
2831.00000
3076.00000
3321.00000
3572.00000
3821.00000
4072.00000
4327.00000
4585.00000
4836.00000
5088.00000
5336.00000
5591.00000
5844.00000
6095.00000
6345.00000
6597.00000
6846.00000
7090.00000
7332.00000
7572.00000
7810.00000
8046.00000
8287.00000
8527.00000
8764.00000
9005.00000
9252.00000
9504.00000
9754.00000
10007.00000
10265.00000
10521.00000
10775.00000
11028.00000
11279.00000
11528.00000
11778.00000
12031.00000
12277.00000
12524.00000
12775.00000
13023.00000
13268.00000
13509.00000
13752.00000
13993.00000
14232.00000
14471.00000
14709.00000
14948.00000
15191.00000
15432.00000
15680.00000
15929.00000
16178.00000
16428.00000
16679.00000
16930.00000
17177.00000
17421.00000
17664.00000
17902.00000
18141.00000
18379.00000
18615.00000
18855.00000
19090.00000
19326.00000
19565.00000
19812.00000
20064.00000
20318.00000
20571.00000
20828.00000
21086.00000
21343.00000
21596.00000
21847.00000
22103.00000
22364.00000
22617.00000
22873.00000
23132.00000
23390.00000
23645.00000
23895.00000
24143.00000
24387.00000
24630.00000
24874.00000
25113.00000
25354.00000
25601.00000
25854.00000
26101.00000
26355.00000
26613.00000
26867.00000
27127.00000
27389.00000
27651.00000
27917.00000
28185.00000
28453.00000
28721.00000
28982.00000
29239.00000
29493.00000
29743.00000
29990.00000
30236.00000
30479.00000
30726.00000
30972.00000
31224.00000
31474.00000
31740.00000
31995.00000
32254.00000
32504.00000
32757.00000
33008.00000
33256.00000
33501.00000
33747.00000
33988.00000
34229.00000
34466.00000
34704.00000
34939.00000
35173.00000
35410.00000
35645.00000
35882.00000
36120.00000
36359.00000
36598.00000
36837.00000
37088.00000
37341.00000
37594.00000
37849.00000
38107.00000
38364.00000
38628.00000
38888.00000
39143.00000
39409.00000
39674.00000
39938.00000
40201.00000
40456.00000
40716.00000
40972.00000
41222.00000
41469.00000
41713.00000
41955.00000
42199.00000
42440.00000
42686.00000
42933.00000
43180.00000
43436.00000
43686.00000
43941.00000
44201.00000
44461.00000
44719.00000
44975.00000
45235.00000
45486.00000
45738.00000
45987.00000
46234.00000
46480.00000
46724.00000
46967.00000
47216.00000
47462.00000
47720.00000
47975.00000
48225.00000
48478.00000
48737.00000
48989.00000
49243.00000
49500.00000
49750.00000
49999.00000
50243.00000
50487.00000
50733.00000
50977.00000
51219.00000
51461.00000
51710.00000
51961.00000
52208.00000
52464.00000
52722.00000
52981.00000
53240.00000
53508.00000
53769.00000
54031.00000
54294.00000
54550.00000
54815.00000
55074.00000
55329.00000
55593.00000
55848.00000
56101.00000
56354.00000
56605.00000
56855.00000
57103.00000
57353.00000
57605.00000
57857.00000
58115.00000
58376.00000
58631.00000
58894.00000
59147.00000
59397.00000
59649.00000
59895.00000
60143.00000
60388.00000
60632.00000
60887.00000
61140.00000
61392.00000
61647.00000
61906.00000
62161.00000
62424.00000
62685.00000
62941.00000
63202.00000
63454.00000
63706.00000
63956.00000
64203.00000
64454.00000
64702.00000
64954.00000
65211.00000
65470.00000
65730.00000
65992.00000
66251.00000
66509.00000
66777.00000
67041.00000
67297.00000
67559.00000
67815.00000
68068.00000
68319.00000
68569.00000
68818.00000
69064.00000
69309.00000
69552.00000
69796.00000
