7.00000
106.00000
205.00000
304.00000
403.00000
501.00000
600.00000
698.00000
795.00000
893.00000
990.00000
1087.00000
1185.00000
1284.00000
1381.00000
1479.00000
1577.00000
1674.00000
1772.00000
1869.00000
1966.00000
2063.00000
2161.00000
2260.00000
2358.00000
2458.00000
2556.00000
2655.00000
2755.00000
2855.00000
2955.00000
3053.00000
3154.00000
3255.00000
3354.00000
3454.00000
3553.00000
3652.00000
3750.00000
3848.00000
3946.00000
4044.00000
4142.00000
4239.00000
4337.00000
4434.00000
4532.00000
4630.00000
4728.00000
4827.00000
4926.00000
5024.00000
5123.00000
5221.00000
5320.00000
5418.00000
5516.00000
5613.00000
5711.00000
5808.00000
5905.00000
6002.00000
6099.00000
6196.00000
6292.00000
6390.00000
6489.00000
6593.00000
6694.00000
6795.00000
6895.00000
6995.00000
7094.00000
7193.00000
7292.00000
7391.00000
7488.00000
7586.00000
7683.00000
7781.00000
7879.00000
7977.00000
8075.00000
8172.00000
8270.00000
8368.00000
8466.00000
8563.00000
8660.00000
8759.00000
8857.00000
8955.00000
9053.00000
9151.00000
9249.00000
9347.00000
9444.00000
9543.00000
9640.00000
9738.00000
9835.00000
9933.00000
10030.00000
10128.00000
10225.00000
10323.00000
10422.00000
10519.00000
10617.00000
10716.00000
10814.00000
10912.00000
11011.00000
11109.00000
11211.00000
11314.00000
11415.00000
11517.00000
11617.00000
11718.00000
11818.00000
11918.00000
12017.00000
12116.00000
12214.00000
12313.00000
12411.00000
12509.00000
12607.00000
12704.00000
12802.00000
12899.00000
12997.00000
13095.00000
13193.00000
13292.00000
13390.00000
13489.00000
13588.00000
13687.00000
13785.00000
13884.00000
13983.00000
14083.00000
14183.00000
14286.00000
14389.00000
14491.00000
14593.00000
14694.00000
14795.00000
14895.00000
14995.00000
15094.00000
15193.00000
15292.00000
15390.00000
15487.00000
15585.00000
15682.00000
15778.00000
15876.00000
15973.00000
16070.00000
16167.00000
16264.00000
16362.00000
16459.00000
16556.00000
16653.00000
16750.00000
16847.00000
16944.00000
17041.00000
17138.00000
17236.00000
17334.00000
17433.00000
17531.00000
17630.00000
17730.00000
17828.00000
17927.00000
18029.00000
18135.00000
18238.00000
18340.00000
18442.00000
18543.00000
18644.00000
18746.00000
18846.00000
18949.00000
19049.00000
19150.00000
19250.00000
19350.00000
19450.00000
19550.00000
19649.00000
19749.00000
19848.00000
19946.00000
20045.00000
20145.00000
20243.00000
20342.00000
20442.00000
20541.00000
20639.00000
20738.00000
20838.00000
20937.00000
21035.00000
21136.00000
21237.00000
21338.00000
21438.00000
21538.00000
21638.00000
21738.00000
21837.00000
21937.00000
22036.00000
22135.00000
22234.00000
22333.00000
22432.00000
22531.00000
22630.00000
22729.00000
22829.00000
22928.00000
23027.00000
23126.00000
23225.00000
23325.00000
23424.00000
23524.00000
23624.00000
23724.00000
23823.00000
23922.00000
24021.00000
24120.00000
24218.00000
24316.00000
24414.00000
24511.00000
24609.00000
24706.00000
24803.00000
24901.00000
25000.00000
25099.00000
25197.00000
25295.00000
25394.00000
25493.00000
25591.00000
25689.00000
25787.00000
25884.00000
25981.00000
26078.00000
26175.00000
26273.00000
26371.00000
26468.00000
26566.00000
26663.00000
26761.00000
26859.00000
26957.00000
27055.00000
27153.00000
27251.00000
27349.00000
27446.00000
27544.00000
27644.00000
27744.00000
27845.00000
27946.00000
28047.00000
28148.00000
28249.00000
28350.00000
28452.00000
28553.00000
28654.00000
28755.00000
28856.00000
28956.00000
29056.00000
29156.00000
29256.00000
29357.00000
29457.00000
29557.00000
29657.00000
29757.00000
29857.00000
29957.00000
30056.00000
30155.00000
30254.00000
30352.00000
30451.00000
30550.00000
30648.00000
30747.00000
30846.00000
30946.00000
31045.00000
31145.00000
31245.00000
31346.00000
31447.00000
31548.00000
31648.00000
31749.00000
31850.00000
31950.00000
32050.00000
32149.00000
32249.00000
32348.00000
32447.00000
32546.00000
32645.00000
32743.00000
32842.00000
32941.00000
33040.00000
33140.00000
33239.00000
33338.00000
33437.00000
33536.00000
33635.00000
33735.00000
33834.00000
33933.00000
34033.00000
34133.00000
34232.00000
34331.00000
34432.00000
34531.00000
34632.00000
34731.00000
34831.00000
34931.00000
35031.00000
35131.00000
35231.00000
35331.00000
35430.00000
35529.00000
35631.00000
35731.00000
35831.00000
35932.00000
36032.00000
36132.00000
36233.00000
36333.00000
36433.00000
36533.00000
36632.00000
36731.00000
36831.00000
36930.00000
37029.00000
37128.00000
37227.00000
37326.00000
37425.00000
37524.00000
37623.00000
37722.00000
37822.00000
37920.00000
38020.00000
38119.00000
38218.00000
38318.00000
38417.00000
38516.00000
38615.00000
38714.00000
38813.00000
38912.00000
39010.00000
39109.00000
39207.00000
39305.00000
39403.00000
39501.00000
39601.00000
39699.00000
39798.00000
39897.00000
39997.00000
40096.00000
40197.00000
40297.00000
40397.00000
40497.00000
40597.00000
40698.00000
40799.00000
40899.00000
40999.00000
41099.00000
41199.00000
41299.00000
41398.00000
41499.00000
41598.00000
41699.00000
41798.00000
41898.00000
42000.00000
42106.00000
42210.00000
42313.00000
42415.00000
42517.00000
42619.00000
42721.00000
42822.00000
42923.00000
43024.00000
43125.00000
43225.00000
43326.00000
43427.00000
43528.00000
43629.00000
43730.00000
43830.00000
43931.00000
44032.00000
44132.00000
44232.00000
44332.00000
44432.00000
44532.00000
44631.00000
44731.00000
44830.00000
44929.00000
