0.72000
0.82000
0.76000
0.84000
0.84000
0.80000
0.78000
0.82000
0.72000
0.78000
0.82000
0.74000
0.82000
0.76000
0.78000
0.82000
0.86000
0.76000
0.78000
0.82000
1.28000
0.84000
0.90000
1.14000
0.62000
0.68000
0.64000
0.70000
1.04000
0.98000
1.06000
0.66000
0.80000
0.80000
0.74000
0.72000
0.94000
0.70000
0.62000
0.54000
0.56000
0.52000
0.54000
0.78000
0.70000
0.64000
0.58000
0.64000
0.66000
0.62000
0.60000
0.56000
0.54000
0.56000
0.60000
0.60000
0.72000
0.66000
0.60000
0.64000
0.78000
0.74000
0.62000
0.80000
0.78000
0.68000
0.76000
0.78000
0.86000
0.78000
0.78000
0.82000
0.82000
0.76000
0.80000
0.78000
0.68000
0.68000
0.80000
0.76000
0.78000
0.78000
0.66000
0.76000
0.76000
0.74000
0.70000
0.62000
0.62000
0.76000
0.74000
0.64000
0.72000
0.58000
0.66000
0.58000
0.58000
0.64000
0.64000
0.62000
0.60000
0.58000
0.58000
0.66000
0.62000
0.62000
0.70000
0.76000
0.76000
0.86000
0.84000
0.88000
0.90000
1.00000
0.94000
0.86000
0.96000
0.96000
0.98000
0.98000
0.94000
1.70000
0.66000
0.82000
0.72000
0.84000
0.94000
0.90000
0.84000
0.92000
0.98000
0.82000
0.86000
0.94000
0.82000
0.84000
0.80000
0.80000
0.78000
0.76000
0.74000
0.80000
0.80000
0.82000
0.80000
0.82000
0.74000
0.82000
0.82000
0.84000
1.04000
0.98000
0.86000
0.82000
