-0.22929
-0.23963
-0.25348
-0.27338
-0.30014
-0.33256
-0.36775
-0.40205
-0.43231
-0.45708
-0.47744
-0.49685
-0.52017
-0.55174
-0.59325
-0.64206
-0.69069
-0.72790
-0.74128
-0.72051
-0.66031
-0.56208
-0.43351
-0.28636
-0.13321
0.01576
0.15484
0.28319
0.40371
0.52100
0.63928
0.76090
0.88583
1.01180
1.13496
1.25059
1.35363
1.43910
1.50235
1.53936
1.54716
1.52419
1.47047
1.38760
1.27835
1.14619
0.99487
0.82815
0.64992
0.46434
0.27605
0.09009
-0.08840
-0.25462
-0.40467
-0.53588
-0.64699
-0.73801
-0.81009
-0.86529
-0.90637
-0.93669
-0.95994
-0.97966
-0.99873
-1.01867
-1.03932
-1.05889
-1.07456
-1.08358
-1.08449
-1.07802
-1.06740
-1.05767
-1.05410
-1.06021
-1.07582
-1.09604
-1.11151
-1.11019
-1.08021
-1.01304
-0.90589
-0.76251
-0.59212
-0.40676
-0.21805
-0.03444
0.14012
0.30591
0.46587
0.62347
0.78092
0.93817
1.09295
1.24147
1.37953
1.50338
1.61006
1.69729
1.76303
1.80501
1.82064
1.80729
1.76281
1.68620
1.57818
1.44141
1.28042
1.10126
0.91086
0.71636
0.52439
0.34050
0.16888
0.01226
-0.12788
-0.25109
-0.35770
-0.44859
-0.52513
-0.58899
-0.64208
-0.68638
-0.72372
-0.75561
-0.78308
-0.80670
-0.82666
-0.84292
-0.85553
-0.86482
-0.87150
-0.87659
-0.88110
-0.88568
-0.89035
-0.89448
-0.89715
-0.89784
-0.89712
-0.89703
-0.90089
-0.91224
-0.93327
-0.96325
-0.99745
-1.02724
-1.04164
-1.02979
-0.98383
-0.90101
-0.78447
-0.64211
-0.48429
-0.32089
-0.15897
-0.00171
0.15136
0.30290
0.45608
0.61299
0.77380
0.93662
1.09783
1.25283
1.39678
1.52519
1.63442
1.72195
1.78650
1.82797
1.84724
1.84576
1.82499
1.78572
1.72761
1.64908
1.54771
1.42117
1.26841
1.09077
0.89264
0.68137
0.46638
0.25771
0.06439
-0.10709
-0.25351
-0.37498
-0.47431
-0.55586
-0.62434
-0.68386
-0.73731
-0.78621
-0.83093
-0.87103
-0.90580
-0.93461
-0.95728
-0.97424
-0.98659
-0.99589
-1.00389
-1.01211
-1.02145
-1.03194
-1.04277
-1.05259
-1.06014
-1.06496
-1.06784
-1.07091
-1.07699
-1.08849
-1.10600
-1.12724
-1.14671
-1.15642
-1.14751
-1.11238
-1.04658
-0.94984
-0.82584
-0.68087
-0.52202
-0.35535
-0.18501
-0.01310
0.15958
0.33255
0.50495
0.67529
0.84170
1.00233
1.15565
1.30040
1.43520
1.55809
1.66620
1.75581
1.82282
1.86344
1.87496
1.85621
1.80770
1.73124
1.62951
1.50552
1.36231
1.20298
1.03099
0.85046
0.66640
0.48467
0.31153
0.15298
0.01382
-0.10303
-0.19701
-0.26983
-0.32494
-0.36666
-0.39927
-0.42615
-0.44933
-0.46942
-0.48591
-0.49781
-0.50432
-0.50545
-0.50228
-0.49691
-0.49191
-0.48970
-0.49176
-0.49826
-0.50804
-0.51902
-0.52903
-0.53651
-0.54105
-0.54336
-0.54485
-0.54693
-0.55037
-0.55515
-0.56067
-0.56648
-0.57300
-0.58196
-0.59618
-0.61871
-0.65150
-0.69406
-0.74280
-0.79122
-0.83119
-0.85470
-0.85568
-0.83124
-0.78190
-0.71112
-0.62415
-0.52696
-0.42525
-0.32396
-0.22685
-0.13627
-0.05302
0.02366
0.09584
0.16638
0.23831
0.31415
0.39545
0.48272
0.57548
0.67250
0.77201
0.87171
0.96879
1.05984
1.14092
1.20787
1.25685
1.28503
1.29133
1.27686
1.24487
1.20016
1.14797
1.09273
1.03708
0.98142
0.92425
0.86299
0.79517
0.71936
0.63568
0.54570
0.45174
0.35600
0.25969
0.16258
0.06319
-0.04061
-0.15072
-0.26805
-0.39215
-0.52128
-0.65285
-0.78392
-0.91155
-1.03272
-1.14403
-1.24137
-1.31991
-1.37465
-1.40137
-1.39779
-1.36447
-1.30501
-1.22553
-1.13338
-1.03556
-0.93728
-0.84106
-0.74670
-0.65198
-0.55390
-0.44992
-0.33896
-0.22171
-0.10039
0.02183
0.14161
0.25601
0.36275
0.46025
0.54746
0.62372
0.68856
0.74173
0.78318
0.81316
0.83220
0.84105
0.84059
0.83167
0.81505
0.79136
0.76116
0.72504
0.68364
0.63764
0.58758
0.53358
0.47509
0.41074
0.33846
0.25592
0.16129
0.05395
-0.06486
-0.19185
-0.32201
-0.44946
-0.56851
-0.67463
-0.76492
-0.83807
-0.89370
-0.93154
-0.95078
-0.94991
-0.92716
-0.88138
-0.81290
-0.72412
-0.61944
-0.50453
-0.38502
-0.26534
-0.14784
-0.03271
0.08133
0.19584
0.31149
0.42721
0.54001
0.64551
0.73889
0.81597
0.87408
0.91245
0.93213
0.93542
0.92516
0.90394
0.87363
0.83520
0.78877
0.73396
0.67017
0.59684
0.51365
0.42063
0.31819
0.20731
0.08963
-0.03251
-0.15609
-0.27771
-0.39400
-0.50210
-0.60018
-0.68776
-0.76575
-0.83619
-0.90160
-0.96415
-1.02464
-1.08177
-1.13171
-1.16839
-1.18445
-1.17275
-1.12811
-1.04887
-0.93762
-0.80101
-0.64842
-0.48989
-0.33395
-0.18600
-0.04761
0.08291
0.20911
0.33454
0.46118
0.58837
0.71284
0.82944
0.93242
1.01681
1.07953
1.11989
1.13941
1.14120
1.12900
1.10617
1.07497
1.03623
0.98941
0.93302
0.86528
0.78476
0.69095
0.58468
0.46817
0.34484
0.21884
0.09430
-0.02538
-0.13816
-0.24356
-0.34241
-0.43630
-0.52671
-0.61418
-0.69791
-0.77568
-0.84448
-0.90150
-0.94523
-0.97634
-0.99790
-1.01472
-1.03207
-1.05388
-1.08110
-1.11070
-1.13582
-1.14704
-1.13469
-1.09126
-1.01349
-0.90322
-0.76689
-0.61384
-0.45407
-0.29608
-0.14544
-0.00438
0.12766
0.25294
0.37421
0.49380
0.61309
0.73233
0.85059
0.96578
1.07471
1.17341
1.25756
1.32325
1.36767
1.38975
1.39032
1.37191
1.33805
1.29243
1.23805
1.17649
1.10772
1.03023
0.94163
0.83946
0.72220
0.58995
0.44491
0.29120
0.13429
-0.01995
-0.16618
-0.30037
-0.42024
-0.52523
-0.61623
-0.69505
-0.76382
-0.82451
-0.87866
-0.92737
-0.97162
-1.01255
-1.05177
-1.09121
-1.13258
-1.17656
-1.22184
-1.26461
-1.29872
-1.31673
-1.31159
-1.27840
-1.21575
-1.12592
-1.01407
-0.88660
-0.74942
-0.60665
-0.46032
-0.31087
-0.15828
-0.00314
0.15272
0.30632
0.45416
0.59309
0.72099
0.83707
0.94153
1.03483
1.11682
1.18610
1.23977
1.27392
1.28467
1.26947
1.22831
1.16438
1.08388
0.99497
0.90615
0.82446
0.75402
0.69538
0.64566
0.59964
0.55111
0.49439
0.42530
0.34181
0.24404
0.13400
0.01499
-0.10900
-0.23396
-0.35658
-0.47479
-0.58815
-0.69774
-0.80559
-0.91347
-1.02146
-1.12666
-1.22271
-1.30031
-1.34902
-1.35977
-1.32733
-1.25201
-1.13991
-1.00157
-0.84950
-0.69524
-0.54704
-0.40861
-0.27942
-0.15611
-0.03441
0.08898
0.21532
0.34347
0.47025
0.59124
0.70162
0.79691
0.87361
0.92955
0.96413
0.97839
0.97483
0.95712
0.92957
0.89657
0.86185
0.82798
0.79591
0.76487
0.73262
0.69596
0.65148
0.59639
0.52921
0.45018
0.36128
0.26579
0.16753
0.06994
-0.02465
-0.11554
-0.20347
-0.29016
-0.37745
-0.46654
-0.55758
-0.64964
-0.74119
-0.83064
-0.91688
-0.99936
-1.07777
-1.15139
-1.21834
-1.27513
-1.31667
-1.33706
-1.33080
-1.29430
-1.22697
-1.13160
-1.01385
-0.88093
-0.73993
-0.59648
-0.45393
-0.31340
-0.17440
-0.03588
0.10292
0.24188
0.37982
0.51473
0.64412
0.76543
0.87633
0.97484
1.05941
1.12883
1.18222
1.21909
1.23947
1.24410
1.23455
1.21321
1.18288
1.14645
1.10631
1.06404
1.02027
0.97476
0.92660
0.87447
0.81680
0.75187
0.67792
0.59335
0.49710
0.38908
0.27059
0.14446
0.01479
-0.11366
-0.23635
-0.34980
-0.45215
-0.54334
-0.62472
-0.69840
-0.76644
-0.83022
-0.89010
-0.94558
-0.99576
-1.03995
-1.07823
-1.11161
-1.14179
-1.17051
-1.19865
-1.22537
-1.24772
-1.26081
-1.25866
-1.23546
-1.18699
-1.11155
-1.01029
-0.88680
-0.74621
-0.59407
-0.43548
-0.27469
-0.11500
0.04106
0.19150
0.33490
0.47040
0.59780
0.71738
0.82948
0.93401
1.02998
1.11536
1.18727
1.24248
1.27818
1.29263
1.28569
1.25903
1.21599
1.16106
1.09922
1.03510
0.97220
0.91228
0.85503
0.79820
0.73805
0.67031
0.59123
0.49862
0.39253
0.27530
0.15100
0.02446
-0.09994
-0.21912
-0.33173
-0.43795
-0.53881
-0.63540
-0.72819
-0.81683
-0.90033
-0.97763
-1.04816
-1.11212
-1.17031
-1.22347
-1.27135
-1.31195
-1.34125
-1.35363
-1.34298
-1.30429
-1.23495
-1.13563
-1.01030
-0.86537
-0.70835
-0.54639
-0.38507
-0.22775
-0.07556
0.07208
0.21668
0.35970
0.50175
0.64201
0.77806
0.90617
1.02186
1.12083
1.19982
1.25733
1.29385
1.31166
1.31411
1.30469
1.28610
1.25967
1.22520
1.18132
1.12617
1.05817
0.97664
0.88216
0.77649
0.66228
0.54258
0.42036
0.29817
0.17792
0.06079
-0.05260
-0.16198
-0.26712
-0.36759
-0.46261
-0.55110
-0.63197
-0.70439
-0.76809
-0.82339
-0.87105
-0.91191
-0.94661
-0.97549
-0.99878
-1.01705
-1.03163
-1.04480
-1.05940
-1.07792
-1.10130
-1.12777
-1.15242
-1.16764
-1.16468
-1.13579
-1.07632
-0.98610
-0.86948
-0.73415
-0.58893
-0.44157
-0.29709
-0.15720
-0.02095
0.11399
0.24975
0.38720
0.52549
0.66233
0.79472
0.91966
1.03466
1.13790
1.22803
1.30382
1.36390
1.40678
1.43113
1.43632
1.42283
1.39250
1.34825
1.29348
1.23123
1.16340
1.09045
1.01150
0.92489
0.82897
0.72272
0.60622
0.48068
0.34825
0.21171
0.07405
-0.06183
-0.19340
-0.31879
-0.43689
-0.54732
-0.65019
-0.74573
-0.83385
-0.91384
-0.98445
-1.04427
-1.09237
-1.12907
-1.15632
-1.17772
-1.19771
-1.22028
-1.24743
-1.27781
-1.30631
-1.32460
-1.32292
-1.29245
-1.22769
-1.12792
-0.99740
-0.84404
-0.67724
-0.50556
-0.33505
-0.16865
-0.00679
0.15144
0.30698
0.45995
0.60937
0.75326
0.88896
1.01344
1.12339
1.21539
1.28620
1.33329
1.35560
1.35414
1.33218
1.29472
1.24740
1.19495
1.13989
1.08191
1.01821
0.94470
0.85768
0.75540
0.63886
0.51163
0.37885
0.24569
0.11595
-0.00866
-0.12844
-0.24480
-0.35904
-0.47123
-0.57975
-0.68154
-0.77310
-0.85175
-0.91670
-0.96956
-1.01393
-1.05431
-1.09448
-1.13597
-1.17699
-1.21226
-1.23387
-1.23303
-1.20224
-1.13730
-1.03848
-0.91054
-0.76157
-0.60101
-0.43744
-0.27697
-0.12255
0.02569
0.16916
0.30939
0.44680
0.58010
0.70646
0.82225
0.92392
1.00882
1.07561
1.12425
1.15568
1.17126
1.17222
1.15931
1.13266
1.09187
1.03634
0.96558
0.87959
0.77906
0.66553
0.54122
0.40890
0.27150
0.13185
-0.00753
-0.14453
-0.27728
-0.40397
-0.52278
-0.63194
-0.72991
-0.81588
-0.89002
-0.95362
-1.00878
-1.05767
-1.10152
-1.13963
-1.16872
-1.18314
-1.17578
-1.13983
-1.07063
-0.96721
-0.83296
-0.67513
-0.50329
-0.32729
-0.15515
0.00830
0.16167
0.30632
0.44486
0.57950
0.71080
0.83711
0.95475
1.05891
1.14470
1.20836
1.24803
1.26408
1.25879
1.23552
1.19764
1.14754
1.08601
1.01229
0.92471
0.82169
0.70290
0.56998
0.42665
0.27814
0.13013
-0.01254
-0.14678
-0.27162
-0.38794
-0.49764
-0.60261
-0.70375
-0.80044
-0.89057
-0.97113
-1.03928
-1.09347
-1.13425
-1.16446
-1.18859
-1.21142
-1.23625
-1.26333
-1.28899
-1.30584
-1.30427
-1.27477
-1.21040
-1.10874
-0.97266
-0.80968
-0.63022
-0.44522
-0.26396
-0.09260
0.06628
0.21320
0.35075
0.48237
0.61131
0.73992
0.86912
0.99819
1.12459
1.24411
1.35129
1.44020
1.50558
1.54396
1.55451
1.53927
1.50265
1.45022
1.38713
1.31679
1.24007
1.15542
1.05982
0.95013
0.82453
0.68341
0.52965
0.36809
0.20466
0.04523
-0.10521
-0.24308
-0.36625
-0.47396
-0.56646
-0.64477
-0.71045
-0.76527
-0.81095
-0.84884
-0.87978
-0.90416
-0.92226
-0.93477
-0.94331
-0.95061
-0.96027
-0.97585
-0.99964
-1.03139
-1.06758
-1.10156
-1.12486
-1.12915
-1.10856
-1.06118
-0.98951
-0.89940
-0.79806
-0.69178
-0.58432
-0.47642
-0.36658
-0.25243
-0.13230
-0.00611
0.12442
0.25638
0.38652
0.51212
0.63145
0.74380
0.84897
0.94667
1.03595
1.11489
1.18076
1.23049
1.26135
1.27163
1.26104
1.23090
1.18389
1.12368
1.05427
0.97947
0.90237
0.82486
0.74739
0.66882
0.58667
0.49767
0.39859
0.28718
0.16297
0.02755
-0.11559
-0.26178
-0.40623
-0.54492
-0.67515
-0.79564
-0.90589
-1.00536
-1.09267
-1.16519
-1.21920
-1.25067
-1.25625
-1.23427
-1.18525
-1.11187
-1.01835
-0.90961
-0.79044
-0.66506
-0.53694
-0.40890
-0.28320
-0.16147
-0.04450
0.06780
0.17635
0.28237
0.38677
0.48937
0.58856
0.68125
0.76341
0.83092
0.88049
0.91049
0.92125
0.91492
0.89494
0.86530
0.82983
0.79171
0.75318
0.71548
0.67881
0.64242
0.60473
0.56353
0.51634
0.46084
0.39526
0.31876
0.23152
0.13480
0.03073
-0.07786
-0.18779
-0.29585
-0.39926
-0.49615
-0.58598
-0.66978
-0.74999
-0.82989
-0.91259
-0.99976
-1.09040
-1.18010
-1.26109
-1.32345
-1.35705
-1.35399
-1.31067
-1.22887
-1.11536
-0.98025
-0.83448
-0.68734
-0.54482
-0.40909
-0.27929
-0.15293
-0.02749
0.09848
0.22496
0.35056
0.47304
0.58981
0.69828
0.79608
0.88125
0.95231
1.00848
1.04969
1.07661
1.09048
1.09291
1.08562
1.07030
1.04851
1.02155
0.99050
0.95612
0.91881
0.87869
0.83560
0.78927
0.73935
0.68553
0.62749
0.56491
0.49740
0.42453
0.34585
0.26104
0.16998
0.07284
-0.02984
-0.13710
-0.24744
-0.35881
-0.46855
-0.57357
-0.67071
-0.75734
-0.83204
-0.89511
-0.94872
-0.99647
-1.04242
-1.08983
-1.13977
-1.19028
-1.23623
-1.27006
-1.28346
-1.26935
-1.22390
-1.14766
-1.04563
-0.92608
-0.79850
-0.67134
-0.55021
-0.43714
-0.33085
-0.22799
-0.12466
-0.01779
0.09406
0.21046
0.32946
0.44804
0.56275
0.67008
0.76683
0.85023
0.91820
0.96948
1.00385
1.02224
1.02677
1.02038
1.00632
0.98748
0.96574
0.94159
0.91413
0.88149
0.84153
0.79261
0.73413
0.66676
0.59217
0.51253
0.42985
0.34553
0.26011
0.17344
0.08489
-0.00624
-0.10057
-0.19862
-0.30086
-0.40775
-0.51947
-0.63541
-0.75335
-0.86894
-0.97554
-1.06488
-1.12838
-1.15889
-1.15236
-1.10888
-1.03279
-0.93173
-0.81501
-0.69163
-0.56858
-0.44992
-0.33668
-0.22754
-0.12008
-0.01195
0.09812
0.20976
0.32090
0.42806
0.52697
0.61319
0.68286
0.73326
0.76326
0.77348
0.76620
0.74483
0.71321
0.67470
0.63149
0.58425
0.53232
0.47439
0.40949
0.33779
0.26101
0.18220
0.10493
0.03209
-0.03508
-0.09767
-0.15894
-0.22350
-0.29612
-0.38030
-0.47709
-0.58444
-0.69696
-0.80649
-0.90311
-0.97667
-1.01849
-1.02301
-0.98887
-0.91933
-0.82158
-0.70535
-0.58080
-0.45654
-0.33790
-0.22629
-0.11956
-0.01346
0.09640
0.21258
0.33447
0.45805
0.57667
0.68275
0.76963
0.83311
0.87223
0.88911
0.88807
0.87428
0.85260
0.82662
0.79828
0.76791
0.73460
0.69672
0.65253
0.60070
0.54067
0.47285
0.39859
0.31994
0.23922
0.15862
0.07983
0.00376
-0.06953
-0.14080
-0.21147
-0.28338
-0.35848
-0.43862
-0.52516
-0.61873
-0.71881
-0.82336
-0.92844
-1.02813
-1.11475
-1.17969
-1.21481
-1.21404
-1.17487
-1.09911
-0.99257
-0.86379
-0.72211
-0.57568
-0.43015
-0.28821
-0.15019
-0.01520
0.11767
0.24841
0.37575
0.49734
0.61025
0.71150
0.79855
0.86952
0.92333
0.95975
0.97940
0.98368
0.97468
0.95490
0.92685
0.89255
0.85301
0.80794
0.75576
0.69404
0.62033
0.53315
0.43285
0.32206
0.20553
0.08918
-0.02112
-0.12103
-0.20881
-0.28570
-0.35562
-0.42418
-0.49721
-0.57934
-0.67258
-0.77550
-0.88292
-0.98635
-1.07525
-1.13876
-1.16778
-1.15672
-1.10455
-1.01488
-0.89494
-0.75394
-0.60136
-0.44544
-0.29245
-0.14655
-0.01014
0.11556
0.23004
0.33304
0.42440
0.50394
0.57140
0.62658
0.66942
0.70019
0.71955
0.72853
0.72832
0.72007
0.70469
0.68284
0.65517
0.62261
0.58652
0.54878
0.51140
0.47601
0.44326
0.41238
0.38120
0.34656
0.30507
0.25404
0.19214
0.11979
0.03882
-0.04821
-0.13904
-0.23257
-0.32921
-0.43054
-0.53820
-0.65237
-0.77042
-0.88621
-0.99040
-1.07204
-1.12078
-1.12932
-1.09519
-1.02128
-0.91505
-0.78661
-0.64639
-0.50321
-0.36308
-0.22913
-0.10218
0.01829
0.13325
0.24343
0.34895
0.44917
0.54268
0.62745
0.70097
0.76066
0.80422
0.83010
0.83788
0.82847
0.80411
0.76815
0.72452
0.67717
0.62932
0.58283
0.53784
0.49265
0.44415
0.38866
0.32295
0.24528
0.15588
0.05679
-0.04902
-0.15888
-0.27139
-0.38671
-0.50584
-0.62910
-0.75440
-0.87614
-0.98520
-1.07048
-1.12138
-1.13058
-1.09609
-1.02172
-0.91605
-0.78998
-0.65401
-0.51603
-0.38038
-0.24824
-0.11897
0.00820
0.13299
0.25365
0.36732
0.47092
0.56203
0.63938
0.70287
0.75310
0.79082
0.81645
0.83003
0.83135
0.82054
0.79843
0.76681
0.72830
0.68585
0.64204
0.59843
0.55516
0.51088
0.46323
0.40940
0.34691
0.27418
0.19087
0.09792
-0.00276
-0.10874
-0.21768
-0.32776
-0.43800
-0.54830
-0.65915
-0.77113
-0.88420
-0.99696
-1.10602
-1.20576
-1.28867
-1.34634
-1.37105
-1.35749
-1.30425
-1.21429
-1.09440
-0.95364
-0.80130
-0.64513
-0.49029
-0.33930
-0.19267
-0.04990
0.08975
0.22670
0.36101
0.49227
0.61968
0.74185
0.85676
0.96168
1.05347
1.12902
1.18577
1.22221
1.23819
1.23498
1.21513
1.18223
1.14051
1.09446
1.04827
1.00524
0.96702
0.93308
0.90042
0.86383
0.81682
0.75302
0.66783
0.55980
0.43129
0.28820
0.13862
-0.00903
-0.14802
-0.27474
-0.38918
-0.49424
-0.59426
-0.69326
-0.79334
-0.89395
-0.99211
-1.08342
-1.16367
-1.23027
-1.28316
-1.32485
-1.35943
-1.39100
-1.42182
-1.45105
-1.47441
-1.48497
-1.47499
-1.43805
-1.37084
-1.27390
-1.15129
-1.00915
-0.85412
-0.69194
-0.52676
-0.36127
-0.19718
-0.03582
0.12160
0.27407
0.42097
0.56221
0.69808
0.82869
0.95333
1.07005
1.17559
1.26593
1.33717
1.38659
1.41346
1.41937
1.40798
1.38423
1.35335
1.31979
1.28653
1.25470
1.22367
1.19139
1.15498
1.11133
1.05775
0.99249
0.91502
0.82612
0.72767
0.62222
0.51237
0.40030
0.28732
0.17394
0.06008
-0.05437
-0.16905
-0.28287
-0.39400
-0.50028
-0.59969
-0.69077
-0.77289
-0.84614
-0.91111
-0.96849
-1.01892
-1.06297
-1.10141
-1.13554
-1.16733
-1.19925
-1.23363
-1.27170
-1.31269
-1.35323
-1.38745
-1.40790
-1.40716
-1.37954
-1.32261
-1.23775
-1.12979
-1.00557
-0.87222
-0.73547
-0.59870
-0.46284
-0.32703
-0.18970
-0.04950
0.09398
0.24001
0.38670
0.53123
0.67005
0.79921
0.91472
1.01312
1.09201
1.15049
1.18932
1.21077
1.21802
1.21456
1.20340
1.18659
1.16504
1.13865
1.10673
1.06853
1.02372
0.97277
0.91700
0.85848
0.79965
0.74278
0.68946
0.64018
0.59415
0.54942
0.50330
0.45295
0.39598
0.33090
0.25736
0.17608
0.08848
-0.00376
-0.09906
-0.19616
-0.29400
-0.39153
-0.48748
-0.58030
-0.66837
-0.75038
-0.82576
-0.89492
-0.95916
-1.02037
-1.08033
-1.14006
-1.19917
-1.25544
-1.30474
-1.34137
-1.35880
-1.35091
-1.31323
-1.24407
-1.14506
-1.02095
-0.87858
-0.72551
-0.56850
-0.41245
-0.26000
-0.11189
0.03224
0.17291
0.31001
0.44253
0.56862
0.68592
0.79194
0.88435
0.96126
1.02140
1.06420
1.08983
1.09917
1.09362
1.07497
1.04518
1.00628
0.96028
0.90910
0.85450
0.79788
0.74015
0.68140
0.62087
0.55696
0.48753
0.41038
0.32377
0.22699
0.12066
0.00688
-0.11089
-0.22832
-0.34101
-0.44537
-0.53946
-0.62350
-0.69974
-0.77175
-0.84313
-0.91603
-0.98973
-1.06000
-1.11932
-1.15818
-1.16726
-1.13980
-1.07355
-0.97165
-0.84203
-0.69563
-0.54372
-0.39542
-0.25597
-0.12628
-0.00387
0.11532
0.23496
0.35675
0.47975
0.60045
0.71368
0.81371
0.89541
0.95523
0.99169
1.00560
0.99979
0.97853
0.94674
0.90914
0.86942
0.82960
0.78976
0.74816
0.70173
0.64690
0.58047
0.50036
0.40614
0.29905
0.18177
0.05795
-0.06843
-0.19350
-0.31389
-0.42694
-0.53086
-0.62483
-0.70913
-0.78525
-0.85569
-0.92353
-0.99162
-1.06150
-1.13237
-1.20045
-1.25898
-1.29923
-1.31230
-1.29125
-1.23304
-1.13941
-1.01664
-0.87393
-0.72121
-0.56685
-0.41614
-0.27086
-0.12994
0.00916
0.14888
0.29037
0.43287
0.57389
0.70981
0.83664
0.95069
1.04902
1.12965
1.19167
1.23517
1.26116
1.27134
1.26784
1.25287
1.22833
1.19557
1.15525
1.10745
1.05181
0.98782
0.91502
0.83304
0.74168
0.64093
0.53103
0.41264
0.28702
0.15610
0.02247
-0.11086
-0.24089
-0.36505
-0.48152
-0.58936
-0.68825
-0.77814
-0.85878
-0.92956
-0.98958
-1.03810
-1.07509
-1.10177
-1.12077
-1.13588
-1.15131
-1.17054
-1.19515
-1.22387
-1.25218
-1.27279
-1.27687
-1.25593
-1.20380
-1.11823
-1.00159
-0.86034
-0.70352
-0.54054
-0.37918
-0.22408
-0.07646
0.06527
0.20411
0.34291
0.48318
0.62444
0.76431
0.89912
1.02479
1.13755
1.23456
1.31406
1.37536
1.41859
1.44450
1.45424
1.44923
1.43102
1.40119
1.36108
1.31150
1.25250
1.18325
1.10230
1.00808
0.89961
0.77706
0.64213
0.49788
0.34826
0.19733
0.04864
-0.09522
-0.23257
-0.36228
-0.48340
-0.59470
-0.69474
-0.78208
-0.85580
-0.91588
-0.96350
-1.00092
-1.03123
-1.05784
-1.08393
-1.11197
-1.14323
-1.17741
-1.21232
-1.24376
-1.26575
-1.27123
-1.25328
-1.20660
-1.12888
-1.02160
-0.88989
-0.74153
-0.58513
-0.42832
-0.27629
-0.13121
0.00734
0.14133
0.27282
0.40282
0.53056
0.65350
0.76781
0.86912
0.95332
1.01730
1.05934
1.07941
1.07903
1.06108
1.02933
0.98793
0.94091
0.89165
0.84249
0.79458
0.74783
0.70120
0.65298
0.60121
0.54400
0.47980
0.40760
0.32704
0.23853
0.14335
0.04362
-0.05786
-0.15799
-0.25389
-0.34349
-0.42592
-0.50166
-0.57234
-0.64016
-0.70713
-0.77433
-0.84120
-0.90516
-0.96170
-1.00488
-1.02831
-1.02640
-0.99560
-0.93520
-0.84764
-0.73804
-0.61323
-0.48044
-0.34610
-0.21486
-0.08920
0.03055
0.14563
0.25796
0.36918
0.47969
0.58804
0.69083
0.78321
0.85982
0.91614
0.94971
0.96087
0.95277
0.93052
0.89976
0.86498
0.82830
0.78895
0.74368
0.68811
0.61830
0.53220
0.43052
0.31660
0.19551
0.07277
-0.04702
-0.16103
-0.26836
-0.36957
-0.46586
-0.55816
-0.64670
-0.73094
-0.81002
-0.88317
-0.95005
-1.01062
-1.06465
-1.11097
-1.14701
-1.16865
-1.17071
-1.14805
-1.09676
-1.01544
-0.90592
-0.77324
-0.62500
-0.46994
-0.31637
-0.17059
-0.03593
0.08740
0.20171
0.31045
0.41673
0.52203
0.62556
0.72438
0.81427
0.89093
0.95115
0.99359
1.01901
1.02986
1.02940
1.02076
1.00617
0.98658
0.96178
0.93089
0.89290
0.84727
0.79414
0.73428
0.66885
0.59905
0.52574
0.44935
0.36984
0.28685
0.19998
0.10900
0.01404
-0.08423
-0.18469
-0.28577
-0.38568
-0.48251
-0.57439
-0.65963
-0.73678
-0.80491
-0.86380
-0.91429
-0.95831
-0.99876
-1.03878
-1.08085
-1.12559
-1.17091
-1.21165
-1.24019
-1.24784
-1.22675
-1.17196
-1.08270
-0.96274
-0.81950
-0.66233
-0.50045
-0.34117
-0.18896
-0.04531
0.09062
0.22103
0.34842
0.47467
0.60044
0.72483
0.84530
0.95800
1.05841
1.14217
1.20599
1.24834
1.26972
1.27244
1.26000
1.23626
1.20460
1.16726
1.12500
1.07711
1.02169
0.95627
0.87848
0.78686
0.68135
0.56364
0.43701
0.30587
0.17503
0.04889
-0.06925
-0.17748
-0.27535
-0.36347
-0.44308
-0.51556
-0.58206
-0.64334
-0.69972
-0.75108
-0.79697
-0.83670
-0.86960
-0.89538
-0.91455
-0.92880
-0.94104
-0.95495
-0.97409
-1.00060
-1.03397
-1.07036
-1.10262
-1.12146
-1.11732
-1.08265
-1.01375
-0.91171
-0.78204
-0.63323
-0.47456
-0.31404
-0.15709
-0.00623
0.13835
0.27772
0.41308
0.54514
0.67374
0.79791
0.91588
1.02522
1.12290
1.20553
1.26987
1.31345
1.33523
1.33601
1.31838
1.28610
1.24311
1.19241
1.13527
1.07098
0.99726
0.91116
0.81030
0.69379
0.56285
0.42070
0.27193
0.12157
-0.02590
-0.16718
-0.30034
-0.42461
-0.53986
-0.64609
-0.74320
-0.83095
-0.90922
-0.97840
-1.03950
-1.09405
-1.14356
-1.18867
-1.22836
-1.25945
-1.27677
-1.27401
-1.24513
-1.18595
-1.09542
-0.97610
-0.83382
-0.67647
-0.51241
-0.34889
-0.19096
-0.04107
0.10063
0.23547
0.36521
0.49102
0.61276
0.72874
0.83583
0.93019
1.00814
1.06704
1.10600
1.12601
1.12963
1.12015
1.10067
1.07316
1.03812
0.99455
0.94057
0.87413
0.79376
0.69902
0.59068
0.47056
0.34131
0.20606
0.06815
-0.06918
-0.20295
-0.33072
-0.45072
-0.56198
-0.66440
-0.75868
-0.84615
-0.92830
-1.00618
-1.07960
-1.14652
-1.20276
-1.24226
-1.25812
-1.24405
-1.19601
-1.11340
-0.99961
-0.86139
-0.70760
-0.54738
-0.38848
-0.23617
-0.09277
0.04189
0.16958
0.29244
0.41189
0.52787
0.63869
0.74131
0.83201
0.90736
0.96491
1.00375
1.02456
1.02921
1.02006
0.99925
0.96822
0.92759
0.87759
0.81865
0.75191
0.67935
0.60341
0.52624
0.44879
0.37036
0.28865
0.20058
0.10345
-0.00390
-0.12043
-0.24309
-0.36760
-0.48969
-0.60626
-0.71587
-0.81857
-0.91492
-1.00469
-1.08571
-1.15341
-1.20127
-1.22219
-1.21032
-1.16282
-1.08090
-0.96974
-0.83750
-0.69351
-0.54636
-0.40236
-0.26482
-0.13423
-0.00916
0.11247
0.23218
0.35009
0.46472
0.57326
0.67224
0.75831
0.82895
0.88290
0.92032
0.94252
0.95155
0.94964
0.93867
0.91987
0.89368
0.85994
0.81814
0.76775
0.70852
0.64056
0.56431
0.48039
0.38941
0.29184
0.18796
0.07804
-0.03745
-0.15762
-0.28103
-0.40576
-0.52970
-0.65095
-0.76809
-0.88007
-0.98578
-1.08323
-1.16885
-1.23721
-1.28146
-1.29463
-1.27134
-1.20947
-1.11114
-0.98265
-0.83324
-0.67308
-0.51115
-0.35370
-0.20370
-0.06128
0.07513
0.20743
0.33668
0.46247
0.58276
0.69424
0.79300
0.87536
0.93865
0.98181
1.00564
1.01264
1.00635
0.99058
0.96845
0.94174
0.91069
0.87423
0.83058
0.77805
0.71552
0.64264
0.55974
0.46744
0.36637
0.25704
0.14004
0.01636
-0.11219
-0.24295
-0.37258
-0.49775
-0.61591
-0.72583
-0.82770
-0.92250
-1.01098
-1.09238
-1.16359
-1.21904
-1.25150
-1.25370
-1.22034
-1.14978
-1.04482
-0.91231
-0.76172
-0.60304
-0.44474
-0.29248
-0.14870
-0.01319
0.11575
0.23995
0.36038
0.47665
0.58706
0.68910
0.78009
0.85773
0.92044
0.96752
0.99902
1.01560
1.01827
1.00826
0.98680
0.95508
0.91420
0.86507
0.80835
0.74428
0.67254
0.59231
0.50236
0.40145
0.28880
0.16465
0.03057
-0.11045
-0.25436
-0.39667
-0.53331
-0.66127
-0.77903
-0.88645
-0.98431
-1.07339
-1.15350
-1.22272
-1.27710
-1.31107
-1.31862
-1.29485
-1.23747
-1.14766
-1.02996
-0.89126
-0.73914
-0.58033
-0.41972
-0.26012
-0.10289
0.05115
0.20094
0.34474
0.48029
0.60525
0.71773
0.81649
0.90099
0.97118
1.02723
1.06946
1.09830
1.11434
1.11833
1.11118
1.09378
1.06688
1.03092
0.98588
0.93132
0.86640
0.79016
0.70189
0.60159
0.49024
0.36999
0.24381
0.11504
-0.01333
-0.13912
-0.26111
-0.37872
-0.49155
-0.59892
-0.69979
-0.79299
-0.87767
-0.95363
-1.02120
-1.08075
-1.13181
-1.17231
-1.19827
-1.20428
-1.18472
-1.13539
-1.05499
-0.94585
-0.81379
-0.66686
-0.51379
-0.36228
-0.21784
-0.08338
0.04064
0.15543
0.26294
0.36497
0.46262
0.55598
0.64425
0.72586
0.79878
0.86074
0.90947
0.94300
0.95998
0.95995
0.94345
0.91204
0.86790
0.81346
0.75083
0.68148
0.60609
0.52477
0.43746
0.34440
0.24638
0.14480
0.04127
-0.06302
-0.16785
-0.27431
-0.38456
-0.50096
-0.62482
-0.75498
-0.88693
-1.01274
-1.12200
-1.20375
-1.24866
-1.25118
-1.21080
-1.13223
-1.02439
-0.89847
-0.76564
-0.63500
-0.51229
-0.39953
-0.29556
-0.19708
-0.09990
-0.00014
0.10495
0.21632
0.33299
0.45209
0.56931
0.67970
0.77851
0.86210
0.92851
0.97766
1.01098
1.03078
1.03942
1.03871
1.02963
1.01246
0.98721
0.95400
0.91335
0.86625
0.81396
0.75772
0.69847
0.63666
0.57209
0.50396
0.43098
0.35163
0.26460
0.16930
0.06626
-0.04257
-0.15408
-0.26459
-0.37078
-0.47066
-0.56429
-0.65393
-0.74341
-0.83691
-0.93730
-1.04443
-1.15416
-1.25824
-1.34556
-1.40434
-1.42484
-1.40184
-1.33599
-1.23378
-1.10599
-0.96516
-0.82298
-0.68818
-0.56558
-0.45628
-0.35853
-0.26891
-0.18345
-0.09833
-0.01048
0.08189
0.17882
0.27827
0.37610
0.46672
0.54407
0.60306
0.64075
0.65704
0.65468
0.63847
0.61404
0.58658
0.55981
0.53554
0.51376
0.49316
0.47203
0.44902
0.42378
0.39716
0.37094
0.34726
0.32790
0.31372
0.30439
0.29863
0.29463
0.29073
0.28584
0.27964
0.27249
0.26508
0.25806
0.25180
0.24629
0.24124
0.23630
0.23126
0.22611
0.22094
0.21569
0.20992
0.20267
0.19263
0.17840
0.15889
0.13370
0.10326
0.06870
0.03161
-0.00648
-0.04457
-0.08263
-0.12186
-0.16471
-0.21463
-0.27539
-0.35023
-0.44076
-0.54602
-0.66187
-0.78103
-0.89391
-0.99006
-1.06012
-1.09756
-1.09997
-1.06936
-1.01140
-0.93369
-0.84374
-0.74708
-0.64633
-0.54125
-0.42987
-0.31010
-0.18119
-0.04466
0.09571
0.23460
0.36629
0.48568
0.58907
0.67436
0.74090
0.78920
0.82052
0.83669
0.83988
0.83251
0.81696
0.79532
0.76903
0.73857
0.70339
0.66215
0.61321
0.55539
0.48855
0.41393
0.33393
0.25141
0.16881
0.08726
0.00615
-0.07673
-0.16452
-0.26014
-0.36512
-0.47844
-0.59606
-0.71096
-0.81403
-0.89556
-0.94710
-0.96325
-0.94281
-0.88908
-0.80906
-0.71182
-0.60646
-0.50027
-0.39756
-0.29947
-0.20464
-0.11054
-0.01486
0.08343
0.18363
0.28340
0.37935
0.46775
0.54522
0.60918
0.65810
0.69159
0.71026
0.71553
0.70938
0.69410
0.67200
0.64521
0.61542
0.58366
0.55013
0.51406
0.47391
0.42772
0.37378
0.31126
0.24082
0.16471
0.08639
0.00965
-0.06271
-0.12998
-0.19428
-0.26031
-0.33423
-0.42162
-0.52532
-0.64353
-0.76905
-0.88993
-0.99157
-1.05979
-1.08403
-1.05985
-0.98989
-0.88318
-0.75278
-0.61272
-0.47490
-0.34695
-0.23148
-0.12672
-0.02824
0.06875
0.16746
0.26820
0.36812
0.46202
0.54383
0.60828
0.65233
0.67579
0.68122
0.67308
0.65645
0.63591
0.61459
0.59388
0.57351
0.55210
0.52769
0.49833
0.46241
0.41889
0.36736
0.30813
0.24228
0.17171
0.09907
0.02742
-0.04038
-0.10241
-0.15856
-0.21097
-0.26406
-0.32376
-0.39614
-0.48550
-0.59255
-0.71313
-0.83792
-0.95366
-1.04549
-1.10014
-1.10893
-1.06976
-0.98750
-0.87261
-0.73846
-0.59821
-0.46217
-0.33637
-0.22242
-0.11855
-0.02116
0.07354
0.16837
0.26443
0.36100
0.45572
0.54508
0.62506
0.69192
0.74292
0.77689
0.79450
0.79808
0.79108
0.77726
0.75993
0.74130
0.72223
0.70230
0.68024
0.65448
0.62387
0.58810
0.54805
0.50559
0.46310
0.42266
0.38523
0.35009
0.31476
0.27553
0.22851
0.17080
0.10146
0.02181
-0.06506
-0.15545
-0.24653
-0.33751
-0.43001
-0.52732
-0.63279
-0.74779
-0.86999
-0.99264
-1.10517
-1.19516
-1.25106
-1.26482
-1.23376
-1.16105
-1.05469
-0.92551
-0.78477
-0.64202
-0.50390
-0.37371
-0.25202
-0.13763
-0.02878
0.07584
0.17650
0.27219
0.36092
0.44017
0.50753
0.56116
0.60014
0.62448
0.63501
0.63311
0.62047
0.59892
0.57041
0.53706
0.50119
0.46527
0.43160
0.40190
0.37679
0.35544
0.33549
0.31346
0.28561
0.24897
0.20229
0.14660
0.08499
0.02173
-0.03911
-0.09526
-0.14733
-0.19922
-0.25735
-0.32891
-0.41935
-0.52996
-0.65600
-0.78649
-0.90565
-0.99593
-1.04194
-1.03411
-0.97090
-0.85906
-0.71159
-0.54442
-0.37264
-0.20752
-0.05513
0.08353
0.21102
0.33145
0.44849
0.56394
0.67713
0.78502
0.88305
0.96621
1.03027
1.07275
1.09343
1.09429
1.07897
1.05191
1.01748
0.97934
0.94007
0.90113
0.86301
0.82532
0.78702
0.74647
0.70165
0.65043
0.59101
0.52241
0.44474
0.35943
0.26884
0.17556
0.08142
-0.01360
-0.11202
-0.21885
-0.34055
-0.48319
-0.65014
-0.84002
-1.04545
-1.25344
-1.44721
-1.60940
-1.72571
-1.78805
-1.79629
-1.75806
-1.68674
-1.59822
-1.50729
-1.42482
-1.35610
-1.30087
-1.25450
-1.21002
-1.16041
-1.10068
-1.02931
-0.94901
-0.86643
-0.79081
-0.73163
-0.69572
-0.68432
-0.69109
-0.70151
-0.69426
-0.64432
-0.52732
-0.32446
-0.02710
0.35976
0.81611
1.30849
1.79502
2.23340
2.59026
2.84887
3.01233
3.10033
3.14014
3.15477
3.15294
3.12468
3.04467
2.88212
2.61344
2.23309
1.75857
1.22799
0.69118
0.19770
-0.21429
-0.52495
-0.73399
-0.85667
-0.91678
-0.93900
-0.94313
-0.94119
-0.93756
-0.93121
-0.91883
-0.89747
-0.86612
-0.82605
-0.78010
-0.73164
-0.68354
-0.63758
-0.59447
-0.55429
-0.51720
-0.48411
-0.45695
-0.43847
-0.43147
-0.43779
-0.45740
-0.48799
-0.52526
-0.56407
-0.59991
-0.63025
-0.65534
-0.67786
-0.70166
-0.72988
-0.76309
-0.79816
-0.82843
-0.84510
-0.83955
-0.80579
-0.74218
-0.65182
-0.54149
-0.41970
-0.29451
-0.17209
-0.05626
0.05086
0.14776
0.23273
0.30372
0.35900
0.39833
0.42381
0.43999
0.45290
0.46812
0.48873
0.51375
0.53789
0.55267
0.54878
0.51880
0.45971
0.37424
0.27075
0.16176
0.06133
-0.01789
-0.06723
-0.08362
-0.06960
-0.03202
0.02038
0.07965
0.14080
0.20267
0.26732
0.33828
0.41812
0.50649
0.59915
0.68848
0.76525
0.82096
0.85011
0.85145
0.82797
0.78581
0.73233
0.67433
0.61667
0.56163
0.50899
0.45647
0.40030
0.33568
0.25727
0.15982
0.03909
-0.10681
-0.27609
-0.46222
-0.65385
-0.83577
-0.99113
-1.10430
-1.16379
-1.16437
-1.10781
-1.00211
-0.85951
-0.69390
-0.51864
-0.34517
-0.18254
-0.03768
0.08424
0.17963
0.24672
0.28586
0.29957
0.29216
0.26870
0.23388
0.19100
0.14150
0.08523
0.02116
-0.05155
-0.13281
-0.22128
-0.31454
-0.40965
-0.50363
-0.59358
-0.67643
-0.74834
-0.80432
-0.83835
-0.84425
-0.81714
-0.75499
-0.65963
-0.53670
-0.39447
-0.24195
-0.08683
0.06570
0.21314
0.35470
0.48975
0.61647
0.73118
0.82884
0.90428
0.95379
0.97639
0.97428
0.95233
0.91678
0.87365
0.82730
0.77975
0.73068
0.67825
0.62014
0.55455
0.48074
0.39908
0.31073
0.21709
0.11921
0.01738
-0.08896
-0.20106
-0.32024
-0.44709
-0.58037
-0.71616
-0.84738
-0.96417
-1.05515
-1.10945
-1.11911
-1.08103
-0.99790
-0.87767
-0.73172
-0.57214
-0.40919
-0.24957
-0.09611
0.05123
0.19346
0.33070
0.46080
0.57935
0.68055
0.75887
0.81066
0.83516
0.83458
0.81333
0.77689
0.73048
0.67830
0.62326
0.56713
0.51100
0.45552
0.40089
0.34652
0.29068
0.23031
0.16154
0.08058
-0.01503
-0.12532
-0.24744
-0.37593
-0.50391
-0.62461
-0.73289
-0.82618
-0.90448
-0.96947
-1.02300
-1.06553
-1.09513
-1.10742
-1.09656
-1.05689
-0.98485
-0.88035
-0.74713
-0.59213
-0.42396
-0.25119
-0.08089
0.08202
0.23471
0.37585
0.50480
0.62095
0.72339
0.81082
0.88177
0.93502
0.97006
0.98740
0.98880
0.97704
0.95544
0.92710
0.89419
0.85740
0.81578
0.76711
0.70865
0.63804
0.55420
0.45782
0.35142
0.23885
0.12446
0.01211
-0.09551
-0.19728
-0.29349
-0.38529
-0.47400
-0.56055
-0.64519
-0.72759
-0.80711
-0.88299
-0.95433
-1.01962
-1.07630
-1.12035
-1.14642
-1.14863
-1.12183
-1.06302
-0.97245
-0.85385
-0.71381
-0.56030
-0.40099
-0.24182
-0.08626
0.06445
0.21049
0.35225
0.48925
0.61963
0.74016
0.84685
0.93584
1.00429
1.05097
1.07639
1.08256
1.07234
1.04877
1.01435
0.97072
0.91856
0.85793
0.78876
0.71134
0.62659
0.53608
0.44161
0.34475
0.24635
0.14631
0.04380
-0.06227
-0.17249
-0.28628
-0.40160
-0.51512
-0.62293
-0.72152
-0.80877
-0.88451
-0.95037
-1.00904
-1.06294
-1.11285
-1.15689
-1.19031
-1.20634
-1.19776
-1.15892
-1.08738
-0.98468
-0.85602
-0.70897
-0.55161
-0.39087
-0.23152
-0.07608
0.07461
0.22031
0.36050
0.49389
0.61841
0.73158
0.83104
0.91494
0.98221
1.03261
1.06663
1.08522
1.08959
1.08087
1.06005
1.02794
0.98534
0.93326
0.87311
0.80673
0.73620
0.66346
0.58975
0.51513
0.43833
0.35694
0.26808
0.16941
0.06008
-0.05861
-0.18318
-0.30843
-0.42845
-0.53771
-0.63217
-0.70994
-0.77162
-0.82007
-0.85979
-0.89586
-0.93273
-0.97288
-1.01585
-1.05777
-1.09177
-1.10915
-1.10127
-1.06157
-0.98734
-0.88053
-0.74760
-0.59807
-0.44240
-0.28971
-0.14604
-0.01367
0.10841
0.22304
0.33325
0.44067
0.54486
0.64320
0.73165
0.80570
0.86152
0.89671
0.91082
0.90531
0.88313
0.84811
0.80422
0.75494
0.70287
0.64964
0.59595
0.54184
0.48684
0.43014
0.37064
0.30700
0.23786
0.16211
0.07932
-0.00986
-0.10355
-0.19879
-0.29203
-0.37985
-0.45979
-0.53082
-0.59352
-0.64954
-0.70063
-0.74744
-0.78856
-0.82013
-0.83643
-0.83112
-0.79896
-0.73750
-0.64802
-0.53562
-0.40821
-0.27491
-0.14409
-0.02190
0.08850
0.18668
0.27394
0.35204
0.42199
0.48350
0.53510
0.57474
0.60063
0.61191
0.60889
0.59293
0.56593
0.52993
0.48683
0.43839
0.38638
0.33276
0.27965
0.22907
0.18251
0.14052
0.10249
0.06679
0.03124
-0.00618
-0.04674
-0.09063
-0.13704
-0.18453
-0.23158
-0.27697
-0.32001
-0.36050
-0.39849
-0.43404
-0.46686
-0.49619
-0.52051
-0.53757
-0.54450
-0.53809
-0.51541
-0.47447
-0.41493
-0.33842
-0.24858
-0.15055
-0.05008
0.04744
0.13776
0.21824
0.28782
0.34656
0.39508
0.43393
0.46322
0.48255
0.49126
0.48871
0.47466
0.44946
0.41409
0.37001
0.31906
0.26331
0.20499
0.14644
0.08998
0.03764
-0.00912
-0.04973
-0.08471
-0.11563
-0.14483
-0.17483
-0.20780
-0.24493
-0.28617
-0.33013
-0.37423
-0.41503
-0.44856
-0.47085
-0.47842
-0.46884
-0.44127
-0.39672
-0.33794
-0.26895
-0.19414
-0.11740
-0.04136
0.03281
0.10513
0.17593
0.24497
0.31079
0.37064
0.42104
0.45877
0.48186
0.49028
0.48594
0.47212
0.45256
0.43036
0.40732
0.38367
0.35841
0.32994
0.29682
0.25828
0.21445
0.16629
0.11527
0.06308
0.01127
-0.03878
-0.08602
-0.12966
-0.16923
-0.20457
-0.23596
-0.26424
-0.29083
-0.31768
-0.34701
-0.38088
-0.42055
-0.46584
-0.51458
-0.56253
-0.60372
-0.63141
-0.63954
-0.62408
-0.58416
-0.52220
-0.44339
-0.35424
-0.26099
-0.16824
-0.07826
0.00885
0.09423
0.17903
0.26331
0.34547
0.42234
0.49002
0.54487
0.58452
0.60842
0.61781
0.61524
0.60373
0.58615
0.56471
0.54077
0.51499
0.48735
0.45726
0.42352
0.38442
0.33797
0.28248
0.21729
0.14344
0.06402
-0.01622
-0.09184
-0.15803
-0.21208
-0.25415
-0.28743
-0.31736
-0.35028
-0.39183
-0.44548
-0.51151
-0.58658
-0.66405
-0.73499
-0.78974
-0.81983
-0.81966
-0.78766
-0.72641
-0.64178
-0.54131
-0.43229
-0.32026
-0.20829
-0.09717
0.01357
0.12437
0.23450
0.34150
0.44137
0.52930
0.60086
0.65301
0.68488
0.69784
0.69515
0.68106
0.65981
0.63479
0.60799
0.57997
0.55007
0.51699
0.47927
0.43578
0.38599
0.33018
0.26934
0.20514
0.13966
0.07509
0.01336
-0.04433
-0.09776
-0.14781
-0.19626
-0.24536
-0.29733
-0.35394
-0.41629
-0.48466
-0.55846
-0.63602
-0.71430
-0.78862
-0.85273
-0.89935
-0.92133
-0.91315
-0.87240
-0.80063
-0.70320
-0.58813
-0.46415
-0.33872
-0.21647
-0.09884
0.01528
0.12801
0.24074
0.35289
0.46147
0.56166
0.64801
0.71599
0.76305
0.78924
0.79691
0.79003
0.77314
0.75044
0.72508
0.69881
0.67188
0.64329
0.61117
0.57338
0.52817
0.47480
0.41387
0.34734
0.27801
0.20877
0.14171
0.07741
0.01476
-0.04871
-0.11607
-0.18992
-0.27154
-0.36041
-0.45425
-0.54960
-0.64271
-0.73037
-0.81048
-0.88193
-0.94406
-0.99575
-1.03465
-1.05689
-1.05766
-1.03236
-0.97806
-0.89473
-0.78563
-0.65685
-0.51592
-0.37020
-0.22547
-0.08516
0.04952
0.17887
0.30360
0.42378
0.53831
0.64475
0.73974
0.81970
0.88156
0.92342
0.94493
0.94727
0.93297
0.90533
0.86788
0.82366
0.77482
0.72240
0.66642
0.60631
0.54153
0.47206
0.39881
0.32355
0.24849
0.17558
0.10586
0.03901
-0.02661
-0.09344
-0.16397
-0.23992
-0.32177
-0.40862
-0.49855
-0.58911
-0.67787
-0.76269
-0.84175
-0.91327
-0.97508
-1.02437
-1.05749
-1.07037
-1.05911
-1.02087
-0.95470
-0.86197
-0.74632
-0.61310
-0.46844
-0.31833
-0.16793
-0.02123
0.11899
0.25096
0.37358
0.48617
0.58816
0.67892
0.75762
0.82325
0.87474
0.91108
0.93157
0.93604
0.92500
0.89971
0.86217
0.81494
0.76093
0.70299
0.64355
0.58419
0.52530
0.46606
0.40455
0.33831
0.26501
0.18320
0.09288
-0.00436
-0.10551
-0.20670
-0.30390
-0.39370
-0.47389
-0.54389
-0.60482
-0.65918
-0.71022
-0.76096
-0.81312
-0.86617
-0.91688
-0.95949
-0.98669
-0.99106
-0.96677
-0.91105
-0.82492
-0.71310
-0.58305
-0.44340
-0.30233
-0.16620
-0.03881
0.07859
0.18668
0.28702
0.38106
0.46931
0.55096
0.62400
0.68572
0.73348
0.76540
0.78091
0.78085
0.76718
0.74250
0.70946
0.67033
0.62678
0.57992
0.53045
0.47891
0.42575
0.37137
0.31611
0.26014
0.20346
0.14594
0.08743
0.02784
-0.03283
-0.09445
-0.15685
-0.21980
-0.28300
-0.34609
-0.40865
-0.47024
-0.53042
-0.58871
-0.64442
-0.69634
-0.74237
-0.77938
-0.80327
-0.80953
-0.79423
-0.75502
-0.69200
-0.60801
-0.50816
-0.39877
-0.28599
-0.17455
-0.06704
0.03604
0.13556
0.23267
0.32763
0.41915
0.50437
0.57946
0.64067
0.68534
0.71266
0.72377
0.72135
0.70883
0.68944
0.66545
0.63773
0.60591
0.56881
0.52522
0.47459
0.41744
0.35541
0.29082
0.22606
0.16292
0.10218
0.04348
-0.01439
-0.07291
-0.13327
-0.19595
-0.26065
-0.32656
-0.39283
-0.45913
-0.52581
-0.59375
-0.66367
-0.73514
-0.80567
-0.87025
-0.92162
-0.95151
-0.95240
-0.91945
-0.85198
-0.75392
-0.63310
-0.49957
-0.36338
-0.23251
-0.11151
-0.00122
0.10045
0.19709
0.29202
0.38694
0.48122
0.57198
0.65487
0.72512
0.77873
0.81325
0.82821
0.82496
0.80619
0.77523
0.73536
0.68938
0.63936
0.58667
0.53215
0.47627
0.41918
0.36079
0.30080
0.23877
0.17429
0.10717
0.03760
-0.03380
-0.10604
-0.17797
-0.24842
-0.31636
-0.38104
-0.44207
-0.49955
-0.55407
-0.60661
-0.65825
-0.70954
-0.75980
-0.80646
-0.84480
-0.86843
-0.87044
-0.84509
-0.78955
-0.70506
-0.59702
-0.47395
-0.34557
-0.22045
-0.10415
0.00169
0.09911
0.19229
0.28559
0.38151
0.47952
0.57588
0.66463
0.73924
0.79432
0.82697
0.83723
0.82781
0.80307
0.76775
0.72585
0.67983
0.63048
0.57723
0.51896
0.45469
0.38416
0.30795
0.22729
0.14360
0.05803
-0.02883
-0.11695
-0.20665
-0.29823
-0.39173
-0.48662
-0.58170
-0.67491
-0.76331
-0.84296
-0.90913
-0.95670
-0.98092
-0.97827
-0.94724
-0.88877
-0.80608
-0.70402
-0.58809
-0.46334
-0.33372
-0.20184
-0.06933
0.06254
0.19219
0.31737
0.43528
0.54286
0.63731
0.71645
0.77889
0.82407
0.85213
0.86384
0.86054
0.84398
0.81608
0.77871
0.73337
0.68105
0.62226
0.55730
0.48659
0.41097
0.33188
0.25115
0.17072
0.09218
0.01643
-0.05659
-0.12783
-0.19897
-0.27208
-0.34916
-0.43174
-0.52041
-0.61455
-0.71209
-0.80942
-0.90152
-0.98229
-1.04518
-1.08405
-1.09429
-1.07368
-1.02300
-0.94600
-0.84865
-0.73797
-0.62061
-0.50170
-0.38419
-0.26898
-0.15550
-0.04268
0.07023
0.18320
0.29523
0.40465
0.50939
0.60733
0.69651
0.77523
0.84204
0.89569
0.93521
0.95997
0.96988
0.96559
0.94853
0.92081
0.88480
0.84272
0.79616
0.74581
0.69161
0.63302
0.56960
0.50145
0.42941
0.35492
0.27953
0.20433
0.12940
0.05366
-0.02486
-0.10833
-0.19825
-0.29476
-0.39650
-0.50100
-0.60552
-0.70790
-0.80702
-0.90256
-0.99410
-1.08011
-1.15701
-1.21913
-1.25946
-1.27126
-1.24978
-1.19378
-1.10597
-0.99253
-0.86155
-0.72130
-0.57862
-0.43812
-0.30219
-0.17160
-0.04634
0.07372
0.18850
0.29774
0.40113
0.49839
0.58917
0.67289
0.74845
0.81424
0.86829
0.90863
0.93375
0.94289
0.93630
0.91525
0.88192
0.83917
0.79027
0.73854
0.68698
0.63786
0.59240
0.55048
0.51059
0.46994
0.42499
0.37203
0.30807
0.23154
0.14282
0.04441
-0.05947
-0.16362
-0.26291
-0.35346
-0.43356
-0.50406
-0.56819
-0.63059
-0.69587
-0.76686
-0.84327
-0.92089
-0.99200
-1.04673
-1.07537
-1.07068
-1.02981
-0.95503
-0.85311
-0.73344
-0.60567
-0.47741
-0.35286
-0.23264
-0.11487
0.00317
0.12336
0.24558
0.36749
0.48506
0.59348
0.68809
0.76520
0.82240
0.85875
0.87472
0.87204
0.85351
0.82277
0.78392
0.74109
0.69780
0.65635
0.61729
0.57916
0.53873
0.49168
0.43363
0.36136
0.27380
0.17253
0.06158
-0.05341
-0.16650
-0.27290
-0.37002
-0.45793
-0.53903
-0.61705
-0.69557
-0.77653
-0.85904
-0.93890
-1.00899
-1.06049
-1.08473
-1.07520
-1.02914
-0.94831
-0.83867
-0.70904
-0.56920
-0.42785
-0.29112
-0.16198
-0.04050
0.07506
0.18698
0.29690
0.40512
0.51038
0.61008
0.70080
0.77888
0.84101
0.88472
0.90870
0.91305
0.89929
0.87023
0.82959
0.78143
0.72953
0.67669
0.62432
0.57224
0.51895
0.46215
0.39947
0.32909
0.25019
0.16305
0.06887
-0.03056
-0.13322
-0.23710
-0.34044
-0.44176
-0.53995
-0.63425
-0.72411
-0.80882
-0.88710
-0.95657
-1.01346
-1.05274
-1.06877
-1.05646
-1.01262
-0.93708
-0.83314
-0.70723
-0.56759
-0.42261
-0.27920
-0.14176
-0.01198
0.11054
0.22723
0.33928
0.44682
0.54850
0.64167
0.72303
0.78934
0.83819
0.86841
0.88018
0.87486
0.85462
0.82206
0.77982
0.73042
0.67609
0.61867
0.55953
0.49944
0.43841
0.37566
0.30968
0.23857
0.16047
0.07411
-0.02074
-0.12304
-0.23055
-0.34024
-0.44881
-0.55333
-0.65162
-0.74240
-0.82494
-0.89855
-0.96186
-1.01234
-1.04624
-1.05898
-1.04612
-1.00456
-0.93355
-0.83536
-0.71515
-0.58008
-0.43804
-0.29612
-0.15943
-0.03050
0.09056
0.20527
0.31554
0.42254
0.52581
0.62320
0.71121
0.78597
0.84414
0.88370
0.90423
0.90679
0.89356
0.86723
0.83059
0.78613
0.73587
0.68133
0.62361
0.56353
0.50168
0.43844
0.37385
0.30745
0.23821
0.16455
0.08475
-0.00259
-0.09788
-0.20021
-0.30728
-0.41587
-0.52253
-0.62435
-0.71931
-0.80620
-0.88402
-0.95116
-1.00484
-1.04103
-1.05511
-1.04306
-1.00276
-0.93492
-0.84314
-0.73308
-0.61106
-0.48253
-0.35105
-0.21822
-0.08434
0.05045
0.18508
0.31712
0.44299
0.55866
0.66053
0.74603
0.81386
0.86378
0.89628
0.91227
0.91288
0.89946
0.87357
0.83686
0.79090
0.73698
0.67596
0.60831
0.53434
0.45450
0.36967
0.28119
0.19076
0.09999
0.01003
-0.07880
-0.16719
-0.25673
-0.34953
-0.44767
-0.55246
-0.66366
-0.77866
-0.89212
-0.99603
-1.08052
-1.13553
-1.15288
-1.12832
-1.06294
-0.96326
-0.84000
-0.70563
-0.57158
-0.44574
-0.33128
-0.22684
-0.12807
-0.02982
0.07181
0.17811
0.28757
0.39651
0.50034
0.59482
0.67685
0.74479
0.79824
0.83750
0.86318
0.87585
0.87607
0.86459
0.84246
0.81115
0.77239
0.72782
0.67868
0.62551
0.56819
0.50610
0.43862
0.36558
0.28760
0.20615
0.12330
0.04110
-0.03906
-0.11702
-0.19405
-0.27261
-0.35570
-0.44592
-0.54457
-0.65089
-0.76167
-0.87131
-0.97227
-1.05598
-1.11409
-1.13991
-1.12985
-1.08419
-1.00729
-0.90659
-0.79105
-0.66913
-0.54716
-0.42847
-0.31352
-0.20090
-0.08877
0.02392
0.13668
0.24750
0.35341
0.45126
0.53843
0.61328
0.67522
0.72449
0.76182
0.78811
0.80415
0.81054
0.80774
0.79626
0.77683
0.75053
0.71863
0.68244
0.64291
0.60046
0.55480
0.50514
0.45044
0.38987
0.32313
0.25059
0.17328
0.09252
0.00960
-0.07462
-0.15993
-0.24667
-0.33550
-0.42694
-0.52096
-0.61664
-0.71205
-0.80422
-0.88932
-0.96295
-1.02050
-1.05767
-1.07106
-1.05872
-1.02050
-0.95811
-0.87479
-0.77474
-0.66242
-0.54202
-0.41717
-0.29093
-0.16585
-0.04407
0.07278
0.18371
0.28846
0.38737
0.48094
0.56924
0.65128
0.72490
0.78700
0.83443
0.86497
0.87814
0.87550
0.86012
0.83567
0.80514
0.77008
0.73034
0.68468
0.63175
0.57118
0.50415
0.43327
0.36165
0.29177
0.22438
0.15818
0.09023
0.01711
-0.06374
-0.15297
-0.24909
-0.34893
-0.44876
-0.54538
-0.63674
-0.72189
-0.80031
-0.87083
-0.93086
-0.97619
-1.00158
-1.00200
-0.97409
-0.91730
-0.83432
-0.73059
-0.61302
-0.48851
-0.36257
-0.23868
-0.11833
-0.00176
0.11112
0.21987
0.32314
0.41875
0.50408
0.57668
0.63472
0.67725
0.70430
0.71676
0.71614
0.70425
0.68287
0.65342
0.61688
0.57377
0.52434
0.46890
0.40813
0.34328
0.27632
0.20965
0.14582
0.08685
0.03379
-0.01364
-0.05710
-0.09926
-0.14327
-0.19213
-0.24803
-0.31192
-0.38320
-0.45952
-0.53679
-0.60947
-0.67111
-0.71525
-0.73648
-0.73152
-0.69993
-0.64423
-0.56944
-0.48197
-0.38833
-0.29393
-0.20223
-0.11464
-0.03081
0.05051
0.13060
0.21003
0.28831
0.36391
0.43444
0.49712
0.54913
0.58799
0.61192
0.62018
0.61339
0.59365
0.56429
0.52931
0.49247
0.45629
0.42133
0.38599
0.34696
0.30027
0.24258
0.17241
0.09069
0.00068
-0.09301
-0.18562
-0.27362
-0.35547
-0.43165
-0.50388
-0.57379
-0.64143
-0.70442
-0.75780
-0.79493
-0.80916
-0.79557
-0.75240
-0.68160
-0.58840
-0.48016
-0.36467
-0.24871
-0.13699
-0.03181
0.06654
0.15906
0.24704
0.33130
0.41176
0.48736
0.55626
0.61622
0.66505
0.70102
0.72320
0.73163
0.72723
0.71147
0.68595
0.65188
0.60980
0.55958
0.50084
0.43348
0.35823
0.27694
0.19240
0.10773
0.02548
-0.05315
-0.12890
-0.20446
-0.28387
-0.37132
-0.46966
-0.57896
-0.69565
-0.81246
-0.91945
-1.00582
-1.06194
-1.08125
-1.06133
-1.00406
-0.91490
-0.80159
-0.67264
-0.53604
-0.39828
-0.26389
-0.13536
-0.01338
0.10265
0.21389
0.32131
0.42491
0.52320
0.61314
0.69061
0.75126
0.79167
0.81025
0.80780
0.78742
0.75385
0.71238
0.66783
0.62370
0.58178
0.54225
0.50405
0.46555
0.42510
0.38154
0.33443
0.28406
0.23121
0.17671
0.12098
0.06350
0.00259
-0.06459
-0.14160
-0.23198
-0.33802
-0.45967
-0.59345
-0.73208
-0.86492
-0.97935
-1.06296
-1.10600
-1.10349
-1.05640
-0.97133
-0.85898
-0.73159
-0.60028
-0.47300
-0.35359
-0.24207
-0.13589
-0.03167
0.07323
0.17955
0.28577
0.38835
0.48249
0.56324
0.62651
0.66987
0.69307
0.69803
0.68846
0.66907
0.64469
0.61924
0.59513
0.57287
0.55140
0.52855
0.50192
0.46945
0.42995
0.38322
0.33003
0.27192
0.21090
0.14916
0.08864
0.03054
-0.02521
-0.08032
-0.13824
-0.20369
-0.28152
-0.37518
-0.48510
-0.60739
-0.73354
-0.85137
-0.94699
-1.00771
-1.02480
-0.99553
-0.92370
-0.81861
-0.69275
-0.55889
-0.42751
-0.30520
-0.19421
-0.09328
0.00094
0.09219
0.18327
0.27513
0.36670
0.45509
0.53623
0.60560
0.65918
0.69424
0.71000
0.70797
0.69169
0.66598
0.63589
0.60549
0.57699
0.55036
0.52354
0.49325
0.45606
0.40943
0.35246
0.28602
0.21236
0.13429
0.05424
-0.02658
-0.10860
-0.19372
-0.28470
-0.38398
-0.49244
-0.60820
-0.72595
-0.83720
-0.93132
-0.99748
-1.02684
-1.01458
-0.96112
-0.87208
-0.75710
-0.62766
-0.49469
-0.36656
-0.24796
-0.13990
-0.04064
0.05293
0.14389
0.23421
0.32422
0.41257
0.49654
0.57266
0.63726
0.68710
0.71984
0.73441
0.73127
0.71247
0.68143
0.64244
0.59998
0.55790
0.51875
0.48330
0.45050
0.41779
0.38177
0.33913
0.28752
0.22625
0.15653
0.08126
0.00415
-0.07133
-0.14320
-0.21176
-0.27969
-0.35127
-0.43089
-0.52117
-0.62137
-0.72659
-0.82810
-0.91482
-0.97559
-1.00163
-0.98856
-0.93733
-0.85387
-0.74759
-0.62906
-0.50775
-0.39029
-0.27979
-0.17609
-0.07698
0.02046
0.11849
0.21792
0.31777
0.41560
0.50803
0.59144
0.66249
0.71858
0.75798
0.78000
0.78500
0.77434
0.75026
0.71574
0.67418
0.62908
0.58356
0.53991
0.49912
0.46058
0.42210
0.38020
0.33095
0.27092
0.19824
0.11329
0.01877
-0.08101
-0.18137
-0.27873
-0.37161
-0.46093
-0.54928
-0.63945
-0.73269
-0.82725
-0.91771
-0.99559
-1.05086
-1.07427
-1.05963
-1.00536
-0.91494
-0.79599
-0.65851
-0.51273
-0.36726
-0.22799
-0.09786
0.02265
0.13458
0.23945
0.33841
0.43165
0.51824
0.59625
0.66309
0.71604
0.75282
0.77214
0.77404
0.76002
0.73287
0.69629
0.65436
0.61096
0.56928
0.53141
0.49811
0.46860
0.44066
0.41092
0.37538
0.33027
0.27284
0.20213
0.11912
0.02636
-0.07289
-0.17570
-0.28024
-0.38581
-0.49218
-0.59849
-0.70208
-0.79799
-0.87936
-0.93872
-0.96977
-0.96904
-0.93684
-0.87706
-0.79600
-0.70064
-0.59686
-0.48848
-0.37700
-0.26227
-0.14361
-0.02096
0.10428
0.22906
0.34897
0.45899
0.55440
0.63157
0.68839
0.72442
0.74076
0.73967
0.72418
0.69758
0.66290
0.62239
0.57719
0.52714
0.47111
0.40757
0.33548
0.25520
0.16908
0.08146
-0.00204
-0.07588
-0.13630
-0.18287
-0.21924
-0.25268
-0.29248
-0.34731
-0.42235
-0.51709
-0.62446
-0.73189
-0.82385
-0.88553
-0.90640
-0.88262
-0.81773
-0.72141
-0.60668
-0.48671
-0.37183
-0.26783
-0.17558
-0.09210
-0.01236
0.06868
0.15445
0.24582
0.34102
0.43620
0.52634
0.60640
0.67219
0.72098
0.75176
0.76510
0.76281
0.74758
0.72254
0.69098
0.65602
0.62030
0.58561
0.55265
0.52081
0.48823
0.45213
0.40940
0.35742
0.29478
0.22192
0.14120
0.05661
-0.02724
-0.10627
-0.17820
-0.24340
-0.30506
-0.36850
-0.43965
-0.52316
-0.62056
-0.72905
-0.84140
-0.94691
-1.03353
-1.09030
-1.10982
-1.08978
-1.03342
-0.94852
-0.84548
-0.73493
-0.62553
-0.52252
-0.42731
-0.33802
-0.25077
-0.16120
-0.06595
0.03626
0.14421
0.25440
0.36175
0.46065
0.54604
0.61422
0.66339
0.69378
0.70733
0.70717
0.69694
0.68012
0.65949
0.63681
0.61276
0.58715
0.55925
0.52836
0.49425
0.45756
0.41989
0.38344
0.35041
0.32211
0.29827
0.27671
0.25369
0.22478
0.18624
0.13624
0.07560
0.00774
-0.06237
-0.12979
-0.19138
-0.24705
-0.30003
-0.35583
-0.42031
-0.49725
-0.58638
-0.68238
-0.77542
-0.85307
-0.90303
-0.91603
-0.88794
-0.82063
-0.72131
-0.60058
-0.46996
-0.33939
-0.21559
-0.10154
0.00307
0.10053
0.19352
0.28375
0.37106
0.45328
0.52676
0.58741
0.63181
0.65820
0.66688
0.66007
0.64116
0.61373
0.58058
0.54317
0.50161
0.45517
0.40298
0.34479
0.28123
0.21367
0.14354
0.07157
-0.00277
-0.08135
-0.16682
-0.26148
-0.36600
-0.47830
-0.59302
-0.70185
-0.79481
-0.86216
-0.89653
-0.89458
-0.85769
-0.79149
-0.70433
-0.60515
-0.50150
-0.39820
-0.29704
-0.19751
-0.09806
0.00246
0.10386
0.20434
0.30085
0.38989
0.46832
0.53401
0.58600
0.62440
0.65001
0.66393
0.66730
0.66109
0.64614
0.62324
0.59321
0.55705
0.51599
0.47150
0.42514
0.37837
0.33227
0.28733
0.24329
0.19920
0.15373
0.10548
0.05344
-0.00272
-0.06263
-0.12542
-0.19019
-0.25650
-0.32465
-0.39557
-0.47023
-0.54879
-0.62976
-0.70944
-0.78204
-0.84052
-0.87786
-0.88865
-0.87040
-0.82416
-0.75428
-0.66731
-0.57037
-0.46948
-0.36839
-0.26824
-0.16811
-0.06627
0.03842
0.14532
0.25158
0.35246
0.44240
0.51638
0.57112
0.60581
0.62207
0.62336
0.61393
0.59781
0.57808
0.55649
0.53357
0.50904
0.48222
0.45255
0.41994
0.38485
0.34840
0.31217
0.27789
0.24706
0.22042
0.19761
0.17700
0.15591
0.13124
0.10037
0.06197
0.01658
-0.03343
-0.08453
-0.13314
-0.17686
-0.21541
-0.25106
-0.28812
-0.33186
-0.38688
-0.45539
-0.53600
-0.62323
-0.70810
-0.77978
-0.82782
-0.84446
-0.82631
-0.77491
-0.69592
-0.59739
-0.48761
-0.37326
-0.25840
-0.14466
-0.03214
0.07916
0.18816
0.29221
0.38729
0.46897
0.53354
0.57894
0.60521
0.61427
0.60924
0.59354
0.57016
0.54133
0.50848
0.47260
0.43460
0.39547
0.35630
0.31793
0.28059
0.24368
0.20585
0.16547
0.12130
0.07316
0.02220
-0.02943
-0.07935
-0.12604
-0.16974
-0.21277
-0.25903
-0.31268
-0.37649
-0.45013
-0.52941
-0.60640
-0.67095
-0.71294
-0.72471
-0.70291
-0.64917
-0.56938
-0.47199
-0.36581
-0.25812
-0.15355
-0.05401
0.04052
0.13081
0.21713
0.29854
0.37272
0.43641
0.48633
0.52005
0.53677
0.53767
0.52576
0.50536
0.48115
0.45717
0.43599
0.41818
0.40243
0.38613
0.36629
0.34068
0.30855
0.27100
0.23057
0.19040
0.15317
0.12014
0.09070
0.06255
0.03250
-0.00253
-0.04438
-0.09314
-0.14711
-0.20347
-0.25944
-0.31337
-0.36548
-0.41775
-0.47309
-0.53381
-0.60009
-0.66900
-0.73442
-0.78814
-0.82165
-0.82830
-0.80493
-0.75260
-0.67600
-0.58208
-0.47801
-0.36951
-0.25986
-0.14994
-0.03918
0.07312
0.18642
0.29832
0.40460
0.50011
0.57991
0.64051
0.68056
0.70101
0.70474
0.69567
0.67786
0.65468
0.62834
0.59978
0.56893
0.53530
0.49851
0.45884
0.41732
0.37555
0.33508
0.29682
0.26046
0.22442
0.18623
0.14326
0.09368
0.03708
-0.02536
-0.09128
-0.15800
-0.22358
-0.28759
-0.35137
-0.41762
-0.48932
-0.56826
-0.65371
-0.74155
-0.82432
-0.89241
-0.93595
-0.94718
-0.92237
-0.86291
-0.77494
-0.66788
-0.55204
-0.43618
-0.32570
-0.22199
-0.12297
-0.02477
0.07623
0.18161
0.28989
0.39667
0.49566
0.58038
0.64576
0.68931
0.71140
0.71483
0.70382
0.68288
0.65579
0.62518
0.59244
0.55814
0.52252
0.48593
0.44906
0.41279
0.37794
0.34485
0.31310
0.28145
0.24802
0.21074
0.16791
0.11868
0.06335
0.00332
-0.05933
-0.12240
-0.18423
-0.24409
-0.30237
-0.36044
-0.42019
-0.48349
-0.55151
-0.62403
-0.69892
-0.77184
-0.83650
-0.88536
-0.91097
-0.90752
-0.87236
-0.80674
-0.71578
-0.60717
-0.48937
-0.36954
-0.25219
-0.13872
-0.02820
0.08113
0.19031
0.29854
0.40303
0.49953
0.58352
0.65124
0.70043
0.73050
0.74232
0.73779
0.71938
0.68988
0.65223
0.60940
0.56424
0.51919
0.47600
0.43538
0.39691
0.35915
0.32003
0.27735
0.22934
0.17508
0.11471
0.04935
-0.01914
-0.08864
-0.15721
-0.22359
-0.28743
-0.34947
-0.41124
-0.47455
-0.54077
-0.60997
-0.68027
-0.74746
-0.80531
-0.84642
-0.86354
-0.85121
-0.80713
-0.73299
-0.63430
-0.51925
-0.39689
-0.27516
-0.15931
-0.05140
0.04931
0.14510
0.23821
0.32966
0.41856
0.50228
0.57714
0.63936
0.68603
0.71563
0.72819
0.72499
0.70807
0.67972
0.64215
0.59739
0.54745
0.49455
0.44123
0.39017
0.34380
0.30363
0.26967
0.24017
0.21183
0.18058
0.14263
0.09560
0.03923
-0.02456
-0.09230
-0.16004
-0.22469
-0.28508
-0.34241
-0.40005
-0.46250
-0.53381
-0.61590
-0.70712
-0.80168
-0.89011
-0.96098
-1.00328
-1.00906
-0.97540
-0.90514
-0.80610
-0.68904
-0.56487
-0.44216
-0.32558
-0.21567
-0.11005
-0.00521
0.10142
0.21024
0.31908
0.42375
0.51922
0.60085
0.66534
0.71119
0.73872
0.74966
0.74661
0.73242
0.70986
0.68128
0.64872
0.61398
0.57878
0.54466
0.51278
0.48346
0.45588
0.42791
0.39647
0.35829
0.31085
0.25330
0.18695
0.11505
0.04196
-0.02814
-0.09251
-0.15066
-0.20463
-0.25836
-0.31671
-0.38403
-0.46286
-0.55290
-0.65047
-0.74875
-0.83850
-0.90951
-0.95242
-0.96050
-0.93114
-0.86645
-0.77286
-0.65966
-0.53693
-0.41344
-0.29509
-0.18427
-0.08033
0.01924
0.11721
0.21521
0.31282
0.40751
0.49513
0.57099
0.63088
0.67201
0.69341
0.69603
0.68246
0.65641
0.62207
0.58351
0.54407
0.50595
0.47000
0.43569
0.40148
0.36524
0.32486
0.27883
0.22658
0.16867
0.10655
0.04220
-0.02243
-0.08604
-0.14836
-0.21045
-0.27450
-0.34342
-0.41988
-0.50529
-0.59866
-0.69591
-0.78985
-0.87094
-0.92898
-0.95519
-0.94424
-0.89560
-0.81373
-0.70698
-0.58562
-0.45952
-0.33625
-0.21999
-0.11160
-0.00952
0.08877
0.18529
0.28060
0.37336
0.46060
0.53851
0.60340
0.65251
0.68468
0.70039
0.70157
0.69101
0.67167
0.64623
0.61674
0.58469
0.55119
0.51728
0.48394
0.45195
0.42160
0.39232
0.36267
0.33055
0.29373
0.25051
0.20022
0.14352
0.08223
0.01891
-0.04381
-0.10383
-0.16025
-0.21368
-0.26638
-0.32201
-0.38494
-0.45918
-0.54698
-0.64751
-0.75591
-0.86324
-0.95754
-1.02599
-1.05761
-1.04591
-0.99054
-0.89742
-0.77726
-0.64290
-0.50629
-0.37602
-0.25607
-0.14604
-0.04255
0.05867
0.16090
0.26503
0.36919
0.46920
0.55971
0.63544
0.69236
0.72845
0.74392
0.74106
0.72359
0.69593
0.66243
0.62676
0.59163
0.55867
0.52852
0.50095
0.47500
0.44912
0.42130
0.38937
0.35133
0.30576
0.25209
0.19074
0.12308
0.05103
-0.02331
-0.09824
-0.17287
-0.24738
-0.32304
-0.40183
-0.48574
-0.57583
-0.67120
-0.76825
-0.86050
-0.93922
-0.99490
-1.01909
-1.00636
-0.95570
-0.87080
-0.75938
-0.63136
-0.49673
-0.36355
-0.23679
-0.11817
-0.00690
0.09897
0.20131
0.30088
0.39695
0.48732
0.56879
0.63779
0.69109
0.72644
0.74303
0.74176
0.72512
0.69689
0.66158
0.62372
0.58710
0.55414
0.52550
0.50000
0.47504
0.44733
0.41379
0.37243
0.32285
0.26624
0.20487
0.14120
0.07711
0.01335
-0.05049
-0.11554
-0.18308
-0.25408
-0.32902
-0.40803
-0.49099
-0.57757
-0.66675
-0.75622
-0.84168
-0.91664
-0.97304
-1.00272
-0.99938
-0.96040
-0.88779
-0.78784
-0.66951
-0.54216
-0.41334
-0.28744
-0.16566
-0.04705
0.06985
0.18549
0.29846
0.40561
0.50284
0.58619
0.65286
0.70159
0.73269
0.74764
0.74852
0.73758
0.71690
0.68831
0.65345
0.61386
0.57105
0.52631
0.48059
0.43414
0.38644
0.33634
0.28238
0.22335
0.15876
0.08909
0.01570
-0.05974
-0.13589
-0.21237
-0.29004
-0.37061
-0.45575
-0.54590
-0.63921
-0.73092
-0.81365
-0.87849
-0.91673
-0.92173
-0.89053
-0.82454
-0.72931
-0.61330
-0.48603
-0.35629
-0.23069
-0.11294
-0.00396
0.09737
0.19308
0.28489
0.37340
0.45770
0.53546
0.60363
0.65913
0.69967
0.72425
0.73327
0.72838
0.71193
0.68644
0.65408
0.61635
0.57417
0.52802
0.47829
0.42547
0.37021
0.31310
0.25450
0.19423
0.13154
0.06516
-0.00639
-0.08446
-0.16986
-0.26262
-0.36181
-0.46551
-0.57086
-0.67412
-0.77074
-0.85568
-0.92375
-0.97026
-0.99169
-0.98644
-0.95515
-0.90073
-0.82779
-0.74172
-0.64762
-0.54942
-0.44945
-0.34855
-0.24659
-0.14321
-0.03843
0.06696
0.17136
0.27263
0.36835
0.45617
0.53404
0.60031
0.65379
0.69382
0.72037
0.73413
0.73648
0.72936
0.71495
0.69519
0.67149
0.64443
0.61391
0.57942
0.54053
0.49739
0.45093
0.40275
0.35461
0.30781
0.26255
0.21767
0.17087
0.11938
0.06086
-0.00575
-0.07975
-0.15878
-0.23949
-0.31854
-0.39355
-0.46371
-0.52981
-0.59351
-0.65634
-0.71845
-0.77785
-0.83014
-0.86923
-0.88855
-0.88270
-0.84879
-0.78726
-0.70175
-0.59816
-0.48335
-0.36370
-0.24409
-0.12753
-0.01539
0.09198
0.19444
0.29141
0.38152
0.46277
0.53287
0.58986
0.63258
0.66092
0.67579
0.67875
0.67158
0.65580
0.63241
0.60187
0.56433
0.51999
0.46949
0.41406
0.35556
0.29622
0.23824
0.18337
0.13253
0.08559
0.04145
-0.00175
-0.04622
-0.09418
-0.14764
-0.20819
-0.27699
-0.35454
-0.44042
-0.53283
-0.62828
-0.72142
-0.80535
-0.87244
-0.91560
-0.92962
-0.91236
-0.86515
-0.79243
-0.70051
-0.59603
-0.48443
-0.36922
-0.25189
-0.13278
-0.01213
0.10889
0.22774
0.34070
0.44365
0.53292
0.60604
0.66203
0.70136
0.72553
0.73667
0.73716
0.72931
0.71520
0.69653
0.67447
0.64961
0.62199
0.59129
0.55708
0.51913
0.47767
0.43343
0.38744
0.34071
0.29376
0.24629
0.19713
0.14441
0.08618
0.02102
-0.05144
-0.13026
-0.21349
-0.29865
-0.38352
-0.46662
-0.54742
-0.62611
-0.70297
-0.77760
-0.84824
-0.91149
-0.96251
-0.99576
-1.00617
-0.99021
-0.94678
-0.87738
-0.78567
-0.67668
-0.55574
-0.42766
-0.29637
-0.16483
-0.03538
0.09001
0.20941
0.32089
0.42261
0.51294
0.59055
0.65446
0.70402
0.73897
0.75947
0.76615
0.76012
0.74294
0.71648
0.68277
0.64383
0.60140
0.55674
0.51048
0.46246
0.41183
0.35735
0.29782
0.23259
0.16201
0.08760
0.01179
-0.06271
-0.13373
-0.20052
-0.26411
-0.32708
-0.39263
-0.46325
-0.53928
-0.61807
-0.69392
-0.75900
-0.80507
-0.82539
-0.81637
-0.77824
-0.71469
-0.63156
-0.53518
-0.43090
-0.32232
-0.21146
-0.09947
0.01237
0.12204
0.22666
0.32295
0.40798
0.47982
0.53779
0.58234
0.61455
0.63563
0.64654
0.64790
0.64012
0.62370
0.59937
0.56813
0.53117
0.48955
0.44406
0.39502
0.34234
0.28572
0.22494
0.16021
0.09237
0.02293
-0.04614
-0.11291
-0.17607
-0.23558
-0.29295
-0.35117
-0.41400
-0.48482
-0.56520
-0.65369
-0.74523
-0.83145
-0.90201
-0.94663
-0.95742
-0.93072
-0.86799
-0.77542
-0.66232
-0.53891
-0.41397
-0.29326
-0.17892
-0.07004
0.03600
0.14180
0.24854
0.35510
0.45817
0.55292
0.63422
0.69784
0.74139
0.76475
0.76994
0.76055
0.74082
0.71481
0.68571
0.65550
0.62491
0.59365
0.56066
0.52450
0.48355
0.43637
0.38191
0.31987
0.25093
0.17689
0.10051
0.02506
-0.04639
-0.11174
-0.17054
-0.22431
-0.27635
-0.33108
-0.39296
-0.46521
-0.54858
-0.64061
-0.73536
-0.82412
-0.89673
-0.94352
-0.95736
-0.93516
-0.87868
-0.79408
-0.69050
-0.57809
-0.46578
-0.35968
-0.26227
-0.17263
-0.08752
-0.00289
0.08443
0.17558
0.26906
0.36107
0.44633
0.51949
0.57642
0.61521
0.63650
0.64314
0.63930
0.62927
0.61641
0.60243
0.58728
0.56952
0.54707
0.51805
0.48147
0.43755
0.38758
0.33341
0.27690
0.21932
0.16122
0.10255
0.04315
-0.01672
-0.07613
-0.13355
-0.18736
-0.23667
-0.28201
-0.32562
-0.37114
-0.42263
-0.48310
-0.55306
-0.62953
-0.70591
-0.77296
-0.82070
-0.84068
-0.82812
-0.78299
-0.70991
-0.61680
-0.51269
-0.40554
-0.30057
-0.19975
-0.10231
-0.00607
0.09109
0.19001
0.28972
0.38765
0.48027
0.56398
0.63583
0.69394
0.73760
0.76714
0.78366
0.78875
0.78420
0.77176
0.75285
0.72832
0.69837
0.66249
0.61977
0.56919
0.51015
0.44274
0.36796
0.28763
0.20406
0.11957
0.03601
-0.04561
-0.12540
-0.20454
-0.28519
-0.37017
-0.46230
-0.56370
-0.67470
-0.79293
-0.91273
-1.02530
-1.11980
-1.18529
-1.21308
-1.19879
-1.14350
-1.05351
-0.93877
-0.81048
-0.67861
-0.55008
-0.42805
-0.31239
-0.20105
-0.09162
0.01733
0.12558
0.23127
0.33151
0.42326
0.50403
0.57236
0.62785
0.67096
0.70258
0.72377
0.73556
0.73894
0.73493
0.72464
0.70917
0.68944
0.66605
0.63910
0.60829
0.57317
0.53346
0.48943
0.44207
0.39299
0.34398
0.29642
0.25068
0.20576
0.15942
0.10866
0.05058
-0.01683
-0.09418
-0.18065
-0.27443
-0.37331
-0.47525
-0.57845
-0.68097
-0.78009
-0.87172
-0.95028
-1.00924
-1.04231
-1.04482
-1.01479
-0.95343
-0.86477
-0.75463
-0.62943
-0.49503
-0.35620
-0.21654
-0.07878
0.05483
0.18227
0.30186
0.41248
0.51367
0.60565
0.68888
0.76358
0.82922
0.88442
0.92720
0.95549
0.96793
0.96440
0.94621
0.91593
0.87669
0.83148
0.78247
0.73072
0.67622
0.61836
0.55640
0.48986
0.41873
0.34336
0.26427
0.18186
0.09626
0.00726
-0.08566
-0.18311
-0.28560
-0.39339
-0.50641
-0.62425
-0.74613
-0.87078
-0.99624
-1.11944
-1.23588
-1.33957
-1.42335
-1.47981
-1.50259
-1.48777
-1.43494
-1.34748
-1.23210
-1.09744
-0.95249
-0.80498
-0.66028
-0.52098
-0.38721
-0.25739
-0.12937
-0.00142
0.12692
0.25446
0.37848
0.49515
0.60038
0.69058
0.76341
0.81817
0.85578
0.87843
0.88904
0.89075
0.88647
0.87878
0.86985
0.86146
0.85480
0.85021
0.84684
0.84252
0.83396
0.81739
0.78947
0.74828
0.69394
0.62863
0.55596
0.47982
0.40312
0.32681
0.24950
0.16785
0.07760
-0.02494
-0.14148
-0.27053
-0.40700
-0.54242
-0.66604
-0.76651
-0.83388
-0.86162
-0.84800
-0.79669
-0.71606
-0.61762
-0.51370
-0.41517
-0.32977
-0.26137
-0.21022
-0.17404
-0.14937
-0.13285
-0.12212
-0.11605
-0.11439
