10.00000
105.00000
201.00000
297.00000
392.00000
489.00000
585.00000
683.00000
781.00000
880.00000
983.00000
1087.00000
1190.00000
1292.00000
1396.00000
1499.00000
1602.00000
1704.00000
1807.00000
1910.00000
2013.00000
2115.00000
2219.00000
2321.00000
2424.00000
2526.00000
2629.00000
2734.00000
2839.00000
2943.00000
3048.00000
3151.00000
3255.00000
3359.00000
3462.00000
3565.00000
3667.00000
3772.00000
3876.00000
3981.00000
4087.00000
4194.00000
4302.00000
4408.00000
4514.00000
4618.00000
4722.00000
4824.00000
4926.00000
5028.00000
5129.00000
5230.00000
5330.00000
5431.00000
5530.00000
5630.00000
5730.00000
5830.00000
5930.00000
6030.00000
6130.00000
6230.00000
6330.00000
6430.00000
6532.00000
6632.00000
6733.00000
6834.00000
6937.00000
7041.00000
7144.00000
7247.00000
7349.00000
7452.00000
7554.00000
7659.00000
7763.00000
7868.00000
7973.00000
8076.00000
8180.00000
8283.00000
8386.00000
8489.00000
8591.00000
8692.00000
8793.00000
8894.00000
8994.00000
9094.00000
9194.00000
9293.00000
9392.00000
9491.00000
9590.00000
9689.00000
9787.00000
9885.00000
9984.00000
10082.00000
10180.00000
10277.00000
10375.00000
10473.00000
10572.00000
10673.00000
10773.00000
10874.00000
10976.00000
11078.00000
11181.00000
11284.00000
11389.00000
11492.00000
11596.00000
11700.00000
11803.00000
11907.00000
12011.00000
12113.00000
12216.00000
12318.00000
12420.00000
12521.00000
12623.00000
12724.00000
12824.00000
12925.00000
13025.00000
13124.00000
13224.00000
13323.00000
13422.00000
13520.00000
13619.00000
13717.00000
13816.00000
13914.00000
14012.00000
14111.00000
14210.00000
14310.00000
14409.00000
14510.00000
14610.00000
14712.00000
14814.00000
14916.00000
15020.00000
15124.00000
15227.00000
15331.00000
15434.00000
15536.00000
15639.00000
15743.00000
15851.00000
15961.00000
16068.00000
16177.00000
16283.00000
16389.00000
16494.00000
16597.00000
16700.00000
16803.00000
16904.00000
17006.00000
17107.00000
17207.00000
17312.00000
17417.00000
17525.00000
17632.00000
17738.00000
17843.00000
17948.00000
18052.00000
18156.00000
18263.00000
18368.00000
18472.00000
18578.00000
18683.00000
18788.00000
18893.00000
18997.00000
19101.00000
19204.00000
19306.00000
19408.00000
19510.00000
19612.00000
19713.00000
19813.00000
19914.00000
20015.00000
20116.00000
20220.00000
20323.00000
20427.00000
20530.00000
20632.00000
20735.00000
20837.00000
20939.00000
21040.00000
21143.00000
21246.00000
21348.00000
21450.00000
21552.00000
21652.00000
21752.00000
21853.00000
21952.00000
22052.00000
22151.00000
22250.00000
22351.00000
22453.00000
22556.00000
22660.00000
22764.00000
22869.00000
22972.00000
23075.00000
23179.00000
23280.00000
23382.00000
23486.00000
23589.00000
23692.00000
23797.00000
23901.00000
24004.00000
24107.00000
24212.00000
24322.00000
24428.00000
24533.00000
24637.00000
24740.00000
24844.00000
24946.00000
25049.00000
25151.00000
25253.00000
25354.00000
25455.00000
25556.00000
25659.00000
25761.00000
25862.00000
25965.00000
26068.00000
26173.00000
26276.00000
26379.00000
26481.00000
26583.00000
26684.00000
26785.00000
26885.00000
26985.00000
27085.00000
27185.00000
27286.00000
27388.00000
27489.00000
