-0.10789
-0.14400
-0.17942
-0.21395
-0.24811
-0.28298
-0.31982
-0.35969
-0.40326
-0.45073
-0.50194
-0.55633
-0.61271
-0.66887
-0.72120
-0.76463
-0.79305
-0.80029
-0.78148
-0.73433
-0.65998
-0.56295
-0.45034
-0.33032
-0.21047
-0.09632
0.00938
0.10666
0.19753
0.28482
0.37083
0.45637
0.54021
0.61921
0.68890
0.74454
0.78214
0.79941
0.79618
0.77424
0.73670
0.68684
0.62700
0.55781
0.47796
0.38481
0.27559
0.14892
0.00625
-0.14734
-0.30314
-0.44978
-0.57497
-0.66762
-0.71978
-0.72809
-0.69427
-0.62462
-0.52866
-0.41722
-0.30043
-0.18618
-0.07922
0.01892
0.10919
0.19385
0.27511
0.35398
0.42966
0.49947
0.55936
0.60494
0.63247
0.63988
0.62723
0.59662
0.55152
0.49575
0.43246
0.36334
0.28846
0.20657
0.11576
0.01424
-0.09902
-0.22387
-0.35861
-0.49974
-0.64161
-0.77638
-0.89428
-0.98470
-1.03781
-1.04664
-1.00894
-0.92820
-0.81338
-0.67723
-0.53362
-0.39467
-0.26851
-0.15828
-0.06260
0.02285
0.10325
0.18272
0.26318
0.34407
0.42290
0.49619
0.56050
0.61314
0.65248
0.67786
0.68928
0.68709
0.67169
0.64343
0.60262
0.54959
0.48483
0.40891
0.32252
0.22630
0.12088
0.00703
-0.11389
-0.23937
-0.36513
-0.48500
-0.59125
-0.67569
-0.73117
-0.75300
-0.73999
-0.69465
-0.62254
-0.53101
-0.42772
-0.31934
-0.21077
-0.10496
-0.00321
0.09422
0.18746
0.27649
0.36070
0.43876
0.50858
0.56749
0.61267
0.64163
0.65277
0.64576
0.62175
0.58317
0.53330
0.47557
0.41292
0.34731
0.27946
0.20901
0.13486
0.05568
-0.02968
-0.12189
-0.22085
-0.32553
-0.43366
-0.54139
-0.64326
-0.73235
-0.80117
-0.84292
-0.85297
-0.83009
-0.77687
-0.69923
-0.60512
-0.50271
-0.39881
-0.29790
-0.20189
-0.11065
-0.02295
0.06261
0.14683
0.22947
0.30919
0.38379
0.45062
0.50697
0.55060
0.57999
0.59451
0.59445
0.58082
0.55510
0.51903
0.47434
0.42266
0.36545
0.30391
0.23890
0.17072
0.09902
0.02290
-0.05874
-0.14645
-0.23944
-0.33488
-0.42765
-0.51083
-0.57680
-0.61873
-0.63208
-0.61571
-0.57206
-0.50653
-0.42625
-0.33847
-0.24927
-0.16276
-0.08085
-0.00357
0.07026
0.14229
0.21389
0.28558
0.35679
0.42579
0.48999
0.54637
0.59195
0.62425
0.64159
0.64317
0.62898
0.59959
0.55590
0.49897
0.42996
0.35024
0.26140
0.16524
0.06368
-0.04152
-0.14883
-0.25693
-0.36436
-0.46906
-0.56790
-0.65650
-0.72954
-0.78152
-0.80794
-0.80637
-0.77714
-0.72334
-0.65018
-0.56378
-0.46999
-0.37345
-0.27721
-0.18286
-0.09108
-0.00216
0.08344
0.16497
0.24143
0.31175
0.37499
0.43036
0.47698
0.51382
0.53950
0.55248
0.55141
0.53558
0.50524
0.46177
0.40742
0.34480
0.27623
0.20309
0.12555
0.04275
-0.04649
-0.14266
-0.24452
-0.34834
-0.44791
-0.53523
-0.60190
-0.64073
-0.64729
-0.62073
-0.56388
-0.48251
-0.38416
-0.27673
-0.16737
-0.06175
0.03627
0.12459
0.20264
0.27100
0.33104
0.38442
0.43265
0.47669
0.51669
0.55186
0.58065
0.60107
0.61105
0.60891
0.59361
0.56484
0.52298
0.46887
0.40368
0.32865
0.24496
0.15364
0.05547
-0.04898
-0.15913
-0.27403
-0.39190
-0.50968
-0.62269
-0.72477
-0.80883
-0.86790
-0.89651
-0.89199
-0.85533
-0.79117
-0.70688
-0.61091
-0.51085
-0.41196
-0.31640
-0.22348
-0.13079
-0.03562
0.06359
0.16640
0.27017
0.37057
0.46246
0.54089
0.60192
0.64311
0.66369
0.66441
0.64727
0.61503
0.57082
0.51764
0.45810
0.39416
0.32698
0.25685
0.18318
0.10463
0.01961
-0.07309
-0.17331
-0.27873
-0.38440
-0.48295
-0.56555
-0.62343
-0.64966
-0.64065
-0.59694
-0.52306
-0.42650
-0.31607
-0.20030
-0.08605
0.02211
0.12195
0.21302
0.29581
0.37078
0.43767
0.49509
0.54065
0.57143
0.58477
0.57891
0.55352
0.50976
0.45007
0.37769
0.29614
0.20876
0.11826
0.02651
-0.06567
-0.15839
-0.25240
-0.34843
-0.44632
-0.54404
-0.63715
-0.71871
-0.78027
-0.81350
-0.81231
-0.77451
-0.70267
-0.60364
-0.48690
-0.36245
-0.23884
-0.12188
-0.01450
0.08269
0.17040
0.24975
0.32166
0.38667
0.44492
0.49627
0.54018
0.57560
0.60098
0.61443
0.61424
0.59946
0.57041
0.52886
0.47766
0.41997
0.35835
0.29389
0.22599
0.15269
0.07174
-0.01812
-0.11598
-0.21821
-0.31874
-0.41017
-0.48526
-0.53847
-0.56699
-0.57104
-0.55340
-0.51840
-0.47076
-0.41457
-0.35279
-0.28725
-0.21907
-0.14922
-0.07895
-0.00991
0.05609
0.11747
0.17331
0.22346
0.26838
0.30861
0.34424
0.37440
0.39723
0.41025
0.41101
0.39784
0.37029
0.32925
0.27651
0.21414
0.14389
0.06684
-0.01639
-0.10511
-0.19771
-0.29103
-0.38021
-0.45912
-0.52134
-0.56150
-0.57640
-0.56568
-0.53178
-0.47922
-0.41351
-0.33995
-0.26282
-0.18497
-0.10796
-0.03251
0.04102
0.11222
0.18055
0.24537
0.30603
0.36196
0.41259
0.45724
0.49504
0.52490
0.54562
0.55597
0.55491
0.54164
0.51576
0.47737
0.42715
0.36643
0.29714
0.22161
0.14218
0.06069
-0.02189
-0.10564
-0.19144
-0.28029
-0.37237
-0.46616
-0.55799
-0.64212
-0.71165
-0.75972
-0.78103
-0.77287
-0.73566
-0.67264
-0.58905
-0.49090
-0.38401
-0.27328
-0.16258
-0.05485
0.04765
0.14316
0.23045
0.30882
0.37802
0.43809
0.48895
0.53019
0.56092
0.57990
0.58590
0.57816
0.55672
0.52260
0.47768
0.42427
0.36466
0.30057
0.23294
0.16186
0.08692
0.00776
-0.07531
-0.16070
-0.24523
-0.32429
-0.39240
-0.44417
-0.47530
-0.48350
-0.46882
-0.43364
-0.38207
-0.31912
-0.24983
-0.17854
-0.10851
-0.04182
0.02049
0.07815
0.13144
0.18089
0.22703
0.27011
0.30972
0.34458
0.37246
0.39044
0.39552
0.38538
0.35907
0.31747
0.26317
0.19987
0.13146
0.06096
-0.01021
-0.08242
-0.15746
-0.23755
-0.32419
-0.41696
-0.51286
-0.60611
-0.68882
-0.75216
-0.78795
-0.79037
-0.75726
-0.69075
-0.59702
-0.48510
-0.36517
-0.24662
-0.13652
-0.03864
0.04671
0.12209
0.19180
0.26056
0.33209
0.40809
0.48757
0.56691
0.64051
0.70196
0.74553
0.76756
0.76731
0.74701
0.71106
0.66464
0.61218
0.55625
0.49721
0.43362
0.36335
0.28469
0.19719
0.10190
0.00095
-0.10311
-0.20799
-0.31185
-0.41303
-0.50934
-0.59744
-0.67257
-0.72893
-0.76072
-0.76356
-0.73571
-0.67887
-0.59801
-0.50044
-0.39424
-0.28669
-0.18294
-0.08554
0.00531
0.09080
0.17227
0.25016
0.32337
0.38937
0.44483
0.48660
0.51263
0.52245
0.51716
0.49886
0.46987
0.43201
0.38630
0.33300
0.27208
0.20383
0.12919
0.04981
-0.03237
-0.11567
-0.19914
-0.28272
-0.36684
-0.45165
-0.53604
-0.61696
-0.68923
-0.74610
-0.78043
-0.78630
-0.76052
-0.70365
-0.62014
-0.51757
-0.40512
-0.29172
-0.18438
-0.08706
-0.00048
0.07735
0.14989
0.22060
0.29174
0.36360
0.43446
0.50115
0.55996
0.60762
0.64199
0.66236
0.66929
0.66407
0.64816
0.62267
0.58807
0.54422
0.49064
0.42693
0.35314
0.27002
0.17902
0.08204
-0.01890
-0.12192
-0.22524
-0.32681
-0.42369
-0.51151
-0.58443
-0.63572
-0.65910
-0.65037
-0.60873
-0.53742
-0.44319
-0.33493
-0.22170
-0.11089
-0.00708
0.08824
0.17596
0.25810
0.33645
0.41147
0.48194
0.54505
0.59712
0.63441
0.65385
0.65340
0.63217
0.59029
0.52865
0.44869
0.35226
0.24153
0.11885
-0.01338
-0.15274
-0.29663
-0.44182
-0.58377
-0.71618
-0.83090
-0.91883
-0.97144
-0.98288
-0.95175
-0.88194
-0.78206
-0.66366
-0.53852
-0.41626
-0.30261
-0.19932
-0.10510
-0.01753
0.06521
0.14331
0.21529
0.27892
0.33242
0.37535
0.40886
0.43490
0.45505
0.46928
0.47544
0.46962
0.44759
0.40664
0.34713
0.27321
0.19204
0.11190
0.03971
-0.02121
-0.07216
-0.11853
-0.16765
-0.22593
-0.29591
-0.37464
-0.45375
-0.52141
-0.56548
-0.57692
-0.55226
-0.49436
-0.41139
-0.31431
-0.21387
-0.11803
-0.03049
0.04929
0.12476
0.20037
0.27955
0.36342
0.45032
0.53643
0.61698
0.68763
0.74561
0.79017
0.82240
0.84434
0.85779
0.86328
0.85954
0.84362
0.81178
0.76078
0.68912
0.59792
0.49108
0.37463
0.25556
0.14038
0.03388
-0.06151
-0.14575
-0.22045
-0.28791
-0.35011
-0.40810
-0.46182
-0.51034
-0.55233
-0.58659
-0.61247
-0.63012
-0.64069
-0.64629
-0.64991
-0.65515
-0.66573
-0.68490
-0.71482
-0.75603
-0.80719
-0.86509
-0.92498
-0.98105
-1.02689
-1.05605
-1.06249
-1.04115
-0.98866
-0.90401
-0.78908
-0.64873
-0.49014
-0.32154
-0.15076
0.01617
0.17559
0.32592
0.46678
0.59784
0.71797
0.82516
0.91711
0.99232
1.05128
1.09712
1.13527
1.17226
1.21355
1.26124
1.31230
1.35798
1.38507
1.37875
1.32663
1.22271
1.07011
0.88132
0.67579
0.47520
0.29795
0.15460
0.04563
-0.03766
-0.10981
-0.18643
-0.27989
-0.39654
-0.53606
-0.69260
-0.85681
-1.01779
-1.16428
-1.28526
-1.37017
-1.40936
-1.39523
-1.32382
-1.19652
-1.02114
-0.81165
-0.58631
-0.36443
-0.16253
0.00899
0.14770
0.25887
0.35305
0.44234
0.53634
0.63882
0.74614
0.84766
0.92806
0.97115
0.96414
0.90132
0.78623
0.63152
0.45643
0.28258
0.12895
0.00779
-0.07782
-0.13379
-0.17268
-0.20989
-0.25961
-0.33152
-0.42919
-0.55002
-0.68648
-0.82798
-0.96273
-1.07919
-1.16716
-1.21842
-1.22730
-1.19111
-1.11040
-0.98912
-0.83424
-0.65505
-0.46189
-0.26470
-0.07171
0.11151
0.28235
0.44068
0.58793
0.72607
0.85673
0.98073
1.09797
1.20748
1.30740
1.39470
1.46484
1.51151
1.52692
1.50291
1.43264
1.31269
1.14487
0.93698
0.70231
0.45778
0.22101
0.00733
-0.17270
-0.31454
-0.41941
-0.49278
-0.54226
-0.57556
-0.59911
-0.61764
-0.63446
-0.65202
-0.67237
-0.69710
-0.72692
-0.76097
-0.79645
-0.82868
-0.85194
-0.86066
-0.85085
-0.82123
-0.77361
-0.71264
-0.64478
-0.57679
-0.51417
-0.45987
-0.41361
-0.37214
-0.33017
-0.28196
-0.22300
-0.15129
-0.06786
0.02367
0.11824
0.21095
0.29845
0.37965
0.45569
0.52907
0.60230
0.67672
0.75153
0.82362
0.88793
0.93830
0.96842
0.97273
0.94692
0.88831
0.79592
0.67078
0.51618
0.33808
0.14522
-0.05118
-0.23835
-0.40340
-0.53516
-0.62572
-0.67154
-0.67378
-0.63766
-0.57135
-0.48431
-0.38590
-0.28419
-0.18535
-0.09353
-0.01106
0.06124
0.12371
0.17743
0.22388
0.26432
0.29925
0.32782
0.34768
0.35526
0.34662
0.31868
0.27045
0.20380
0.12337
0.03567
-0.05261
-0.13637
-0.21329
-0.28411
-0.35157
-0.41861
-0.48631
-0.55240
-0.61109
-0.65410
-0.67285
-0.66082
-0.61545
-0.53890
-0.43744
-0.31980
-0.19516
-0.07124
0.04677
0.15649
0.25767
0.35109
0.43735
0.51593
0.58474
0.64033
0.67857
0.69555
0.68844
0.65610
0.59922
0.52024
0.42296
0.31216
0.19317
0.07143
-0.04787
-0.16009
-0.26140
-0.34888
-0.42056
-0.47534
-0.51285
-0.53322
-0.53694
-0.52460
-0.49680
-0.45413
-0.39722
-0.32695
-0.24474
-0.15281
-0.05443
0.04606
0.14343
0.23213
0.30702
0.36413
0.40125
0.41808
0.41600
0.39738
0.36496
0.32116
0.26783
0.20628
0.13752
0.06265
-0.01684
-0.09892
-0.18114
-0.26091
-0.33584
-0.40401
-0.46393
-0.51427
-0.55335
-0.57875
-0.58715
-0.57463
-0.53735
-0.47256
-0.37950
-0.26015
-0.11940
0.03533
0.19495
0.34996
0.49173
0.61357
0.71135
0.78352
0.83062
0.85437
0.85688
0.83996
0.80495
0.75288
0.68489
0.60267
0.50882
0.40681
0.30072
0.19485
0.09311
-0.00143
-0.08692
-0.16276
-0.22949
-0.28831
-0.34063
-0.38757
-0.42964
-0.46675
-0.49850
-0.52458
-0.54538
-0.56222
-0.57743
-0.59387
-0.61411
-0.63950
-0.66921
-0.69981
-0.72544
-0.73879
-0.73260
-0.70144
-0.64321
-0.55982
-0.45679
-0.34189
-0.22313
-0.10688
0.00349
0.10782
0.20846
0.30877
0.41144
0.51707
0.62357
0.72631
0.81907
0.89546
0.95023
0.98036
0.98536
0.96707
0.92882
0.87438
0.80699
0.72878
0.64074
0.54324
0.43679
0.32277
0.20382
0.08370
-0.03331
-0.14317
-0.24287
-0.33080
-0.40677
-0.47174
-0.52740
-0.57586
-0.61937
-0.66012
-0.69993
-0.73967
-0.77867
-0.81412
-0.84107
-0.85306
-0.84352
-0.80754
-0.74356
-0.65421
-0.54609
-0.42830
-0.31024
-0.19933
-0.09939
-0.01005
0.07250
0.15391
0.23956
0.33278
0.43373
0.53922
0.64351
0.73960
0.82075
0.88174
0.91964
0.93403
0.92667
0.90080
0.86018
0.80831
0.74770
0.67960
0.60408
0.52053
0.42822
0.32704
0.21800
0.10339
-0.01324
-0.12761
-0.23516
-0.33180
-0.41438
-0.48124
-0.53246
-0.56998
-0.59744
-0.61949
-0.64096
-0.66557
-0.69482
-0.72718
-0.75803
-0.78050
-0.78699
-0.77128
-0.73027
-0.66510
-0.58101
-0.48597
-0.38861
-0.29592
-0.21167
-0.13593
-0.06585
0.00264
0.07295
0.14646
0.22199
0.29644
0.36597
0.42735
0.47889
0.52050
0.55321
0.57813
0.59570
0.60532
0.60565
0.59530
0.57354
0.54075
0.49828
0.44796
0.39137
0.32935
0.26198
0.18896
0.11030
0.02704
-0.05835
-0.14188
-0.21840
-0.28227
-0.32828
-0.35254
-0.35336
-0.33161
-0.29075
-0.23622
-0.17449
-0.11188
-0.05355
-0.00282
0.03899
0.07230
0.09856
0.11955
0.13662
0.15034
0.16039
0.16585
0.16563
0.15890
0.14531
0.12503
0.09845
0.06581
0.02687
-0.01918
-0.07338
-0.13636
-0.20751
-0.28427
-0.36188
-0.43388
-0.49315
-0.53339
-0.55048
-0.54323
-0.51343
-0.46513
-0.40348
-0.33362
-0.25987
-0.18550
-0.11282
-0.04353
0.02115
0.08041
0.13396
0.18212
0.22572
0.26574
0.30298
0.33765
0.36929
0.39685
0.41904
0.43466
0.44293
0.44352
0.43656
0.42238
0.40124
0.37322
0.33824
0.29621
0.24737
0.19249
0.13292
0.07038
0.00655
-0.05736
-0.12086
-0.18416
-0.24768
-0.31139
-0.37400
-0.43252
-0.48235
-0.51807
-0.53462
-0.52869
-0.49971
-0.45012
-0.38485
-0.31013
-0.23207
-0.15537
-0.08265
-0.01443
0.05031
0.11318
0.17547
0.23746
0.29812
0.35520
0.40564
0.44620
0.47408
0.48742
0.48555
0.46905
0.43945
0.39889
0.34977
0.29442
0.23479
0.17230
0.10770
0.04105
-0.02804
-0.10000
-0.17462
-0.25053
-0.32473
-0.39273
-0.44915
-0.48878
-0.50783
-0.50488
-0.48137
-0.44119
-0.38969
-0.33228
-0.27313
-0.21439
-0.15618
-0.09726
-0.03618
0.02756
0.09274
0.15636
0.21422
0.26202
0.29644
0.31592
0.32075
0.31277
0.29465
0.26921
0.23883
0.20523
0.16930
0.13123
0.09056
0.04646
-0.00199
-0.05528
-0.11304
-0.17357
-0.23370
-0.28898
-0.33430
-0.36476
-0.37673
-0.36855
-0.34088
-0.29642
-0.23924
-0.17389
-0.10461
-0.03484
0.03294
0.09717
0.15693
0.21170
0.26112
0.30485
0.34249
0.37360
0.39770
0.41429
0.42283
0.42268
0.41315
0.39356
0.36338
0.32252
0.27164
0.21243
0.14775
0.08153
0.01822
-0.03794
-0.08384
-0.11830
-0.14241
-0.15931
-0.17352
-0.18987
-0.21239
-0.24339
-0.28293
-0.32878
-0.37679
-0.42157
-0.45747
-0.47952
-0.48435
-0.47078
-0.43993
-0.39491
-0.33992
-0.27936
-0.21694
-0.15515
-0.09521
-0.03728
0.01916
0.07491
0.13069
0.18688
0.24332
0.29917
0.35294
0.40254
0.44548
0.47919
0.50137
0.51037
0.50559
0.48751
0.45759
0.41772
0.36950
0.31361
0.24943
0.17527
0.08911
-0.01014
-0.12140
-0.24061
-0.36051
-0.47145
-0.56292
-0.62554
-0.65298
-0.64329
-0.59921
-0.52743
-0.43699
-0.33720
-0.23584
-0.13788
-0.04526
0.04262
0.12765
0.21161
0.29509
0.37686
0.45391
0.52210
0.57708
0.61514
0.63384
0.63213
0.60991
0.56730
0.50389
0.41836
0.30882
0.17385
0.01413
-0.16596
-0.35735
-0.54646
-0.71676
-0.85152
-0.93714
-0.96594
-0.93791
-0.86045
-0.74643
-0.61105
-0.46842
-0.32904
-0.19863
-0.07867
0.03196
0.13491
0.23065
0.31763
0.39250
0.45120
0.49028
0.50808
0.50527
0.48457
0.44969
0.40412
0.35000
0.28768
0.21619
0.13445
0.04284
-0.05543
-0.15372
-0.24247
-0.31084
-0.34894
-0.35005
-0.31217
-0.23836
-0.13584
-0.01429
0.11621
0.24680
0.37064
0.48287
0.57980
0.65788
0.71266
0.73834
0.72791
0.67410
0.57097
0.41601
0.21216
-0.03077
-0.29582
-0.56015
-0.79794
-0.98447
-1.10049
-1.13599
-1.09208
-0.98044
-0.82031
-0.63381
-0.44101
-0.25608
-0.08563
0.07047
0.21649
0.35736
0.49556
0.62912
0.75117
0.85078
0.91484
0.93035
0.88679
0.77818
0.60465
0.37331
0.09837
-0.19969
-0.49595
-0.76375
-0.97818
-1.11966
-1.17710
-1.14962
-1.04646
-0.88467
-0.68534
-0.46915
-0.25261
-0.04595
0.14684
0.32614
0.49372
0.64980
0.79105
0.91018
0.99689
1.03999
1.02975
0.95998
0.82935
0.64197
0.40728
0.13945
-0.14346
-0.42072
-0.67067
-0.87280
-1.01029
-1.07245
-1.05647
-0.96799
-0.81999
-0.63033
-0.41828
-0.20114
0.00815
0.20191
0.37697
0.53271
0.66881
0.78349
0.87281
0.93114
0.95255
0.93264
0.87003
0.76739
0.63158
0.47293
0.30380
0.13671
-0.01776
-0.15271
-0.26600
-0.36030
-0.44196
-0.51887
-0.59775
-0.68165
-0.76834
-0.85018
-0.91567
-0.95223
-0.94959
-0.90262
-0.81287
-0.68827
-0.54113
-0.38519
-0.23251
-0.09124
0.03535
0.14837
0.25186
0.35078
0.44920
0.54894
0.64895
0.74552
0.83300
0.90496
0.95531
0.97919
0.97342
0.93645
0.86792
0.76825
0.63829
0.47946
0.29424
0.08691
-0.13563
-0.36348
-0.58396
-0.78264
-0.94502
-1.05880
-1.11589
-1.11402
-1.05723
-0.95507
-0.82082
-0.66891
-0.51234
-0.36071
-0.21914
-0.08845
0.03378
0.15141
0.26795
0.38511
0.50194
0.61493
0.71858
0.80650
0.87243
0.91107
0.91837
0.89155
0.82875
0.72893
0.59195
0.41930
0.21497
-0.01349
-0.25449
-0.49266
-0.71023
-0.88928
-1.01452
-1.07597
-1.07082
-1.00393
-0.88691
-0.73571
-0.56756
-0.39791
-0.23809
-0.09418
0.03272
0.14519
0.24761
0.34423
0.43771
0.52821
0.61324
0.68796
0.74591
0.77975
0.78228
0.74729
0.67059
0.55095
0.39108
0.19821
-0.01581
-0.23516
-0.44167
-0.61712
-0.74595
-0.81769
-0.82860
-0.78208
-0.68777
-0.55945
-0.41242
-0.26090
-0.11596
0.01552
0.13098
0.23131
0.31949
0.39897
0.47218
0.53956
0.59905
0.64640
0.67598
0.68186
0.65906
0.60443
0.51713
0.39875
0.25302
0.08544
-0.09708
-0.28644
-0.47347
-0.64815
-0.79995
-0.91860
-0.99522
-1.02361
-1.00148
-0.93108
-0.81908
-0.67545
-0.51180
-0.33941
-0.16765
-0.00302
0.15105
0.29366
0.42549
0.54765
0.66067
0.76367
0.85396
0.92714
0.97744
0.99858
0.98473
0.93151
0.83693
0.70201
0.53098
0.33114
0.11228
-0.11413
-0.33579
-0.54053
-0.71716
-0.85631
-0.95127
-0.99859
-0.99863
-0.95547
-0.87641
-0.77083
-0.64870
-0.51900
-0.38845
-0.26093
-0.13750
-0.01722
0.10175
0.22084
0.34010
0.45755
0.56906
0.66872
0.74969
0.80524
0.82993
0.82052
0.77642
0.69954
0.59371
0.46378
0.31495
0.15242
-0.01839
-0.19136
-0.35914
-0.51302
-0.64337
-0.74082
-0.79779
-0.81015
-0.77830
-0.70726
-0.60574
-0.48427
-0.35314
-0.22062
-0.09210
0.02974
0.14400
0.25032
0.34768
0.43387
0.50549
0.55860
0.58962
0.59613
0.57724
0.53355
0.46660
0.37836
0.27093
0.14683
0.00967
-0.13501
-0.27926
-0.41295
-0.52495
-0.60507
-0.64616
-0.64583
-0.60705
-0.53739
-0.44709
-0.34646
-0.24358
-0.14294
-0.04549
0.05016
0.14578
0.24174
0.33590
0.42353
0.49822
0.55345
0.58412
0.58765
0.56424
0.51624
0.44702
0.35982
0.25715
0.14090
0.01328
-0.12204
-0.25897
-0.38885
-0.50121
-0.58545
-0.63280
-0.63826
-0.60167
-0.52767
-0.42466
-0.30290
-0.17247
-0.04174
0.08342
0.19951
0.30461
0.39737
0.47612
0.53848
0.58137
0.60152
0.59613
0.56342
0.50292
0.41555
0.30345
0.17003
0.02014
-0.13961
-0.30061
-0.45240
-0.58350
-0.68281
-0.74128
-0.75353
-0.71877
-0.64096
-0.52806
-0.39056
-0.23980
-0.08640
0.06081
0.19517
0.31205
0.40834
0.48195
0.53145
0.55586
0.55456
0.52711
0.47312
0.39230
0.28494
0.15282
0.00043
-0.16398
-0.32823
-0.47720
-0.59500
-0.66805
-0.68796
-0.65354
-0.57110
-0.45298
-0.31461
-0.17108
-0.03408
0.08968
0.19848
0.29409
0.37943
0.45647
0.52476
0.58124
0.62100
0.63865
0.62980
0.59209
0.52561
0.43270
0.31736
0.18461
0.04006
-0.11021
-0.25958
-0.40073
-0.52577
-0.62673
-0.69631
-0.72894
-0.72177
-0.67537
-0.59402
-0.48523
-0.35866
-0.22446
-0.09158
0.03360
0.14773
0.25008
0.34128
0.42182
0.49081
0.54548
0.58158
0.59448
0.58065
0.53888
0.47100
0.38175
0.27793
0.16708
0.05616
-0.04954
-0.14683
-0.23446
-0.31243
-0.38099
-0.43964
-0.48645
-0.51786
-0.52928
-0.51618
-0.47561
-0.40744
-0.31511
-0.20531
-0.08688
0.03081
0.13960
0.23374
0.31036
0.36911
0.41118
0.43817
0.45121
0.45055
0.43586
0.40685
0.36401
0.30895
0.24421
0.17270
0.09683
0.01805
-0.06335
-0.14764
-0.23479
-0.32343
-0.41009
-0.48909
-0.55308
-0.59439
-0.60672
-0.58678
-0.53539
-0.45759
-0.36169
-0.25749
-0.15423
-0.05880
0.02531
0.09806
0.16193
0.22059
0.27728
0.33363
0.38902
0.44071
0.48444
0.51550
0.52969
0.52426
0.49833
0.45301
0.39114
0.31676
0.23444
0.14853
0.06255
-0.02136
-0.10258
-0.18180
-0.26030
-0.33880
-0.41630
-0.48920
-0.55121
-0.59429
-0.61038
-0.59351
-0.54161
-0.45727
-0.34739
-0.22160
-0.09021
0.03782
0.15620
0.26153
0.35262
0.42927
0.49111
0.53695
0.56482
0.57263
0.55892
0.52343
0.46724
0.39234
0.30107
0.19566
0.07814
-0.04912
-0.18268
-0.31711
-0.44463
-0.55541
-0.63884
-0.68548
-0.68914
-0.64851
-0.56778
-0.45592
-0.32492
-0.18726
-0.05357
0.06907
0.17759
0.27225
0.35498
0.42755
0.49002
0.54004
0.57329
0.58459
0.56959
0.52624
0.45565
0.36214
0.25233
0.13371
0.01299
-0.10503
-0.21785
-0.32462
-0.42488
-0.51698
-0.59707
-0.65903
-0.69539
-0.69922
-0.66612
-0.59580
-0.49255
-0.36462
-0.22245
-0.07657
0.06428
0.19436
0.31101
0.41389
0.50372
0.58094
0.64480
0.69310
0.72244
0.72904
0.70970
0.66272
0.58859
0.49038
0.37356
0.24544
0.11415
-0.01263
-0.12903
-0.23187
-0.32099
-0.39881
-0.46905
-0.53502
-0.59802
-0.65624
-0.70471
-0.73636
-0.74392
-0.72211
-0.66937
-0.58864
-0.48687
-0.37343
-0.25789
-0.14799
-0.04818
0.04071
0.12080
0.19590
0.26981
0.34501
0.42178
0.49800
0.56957
0.63122
0.67762
0.70426
0.70815
0.68810
0.64467
0.57990
0.49694
0.39979
0.29308
0.18180
0.07095
-0.03502
-0.13287
-0.22118
-0.30053
-0.37311
-0.44170
-0.50824
-0.57243
-0.63086
-0.67720
-0.70340
-0.70178
-0.66730
-0.59931
-0.50214
-0.38422
-0.25615
-0.12823
-0.00823
0.09977
0.19539
0.28080
0.35890
0.43161
0.49867
0.55742
0.60334
0.63129
0.63678
0.61714
0.57209
0.50376
0.41625
0.31477
0.20475
0.09098
-0.02284
-0.13424
-0.24152
-0.34311
-0.43666
-0.51850
-0.58346
-0.62535
-0.63813
-0.61732
-0.56149
-0.47310
-0.35850
-0.22690
-0.08870
0.04645
0.17117
0.28103
0.37428
0.45086
0.51112
0.55484
0.58075
0.58684
0.57106
0.53230
0.47116
0.39023
0.29402
0.18838
0.07969
-0.02599
-0.12374
-0.21034
-0.28460
-0.34727
-0.40066
-0.44781
-0.49147
-0.53306
-0.57186
-0.60476
-0.62672
-0.63193
-0.61537
-0.57440
-0.50974
-0.42568
-0.32920
-0.22831
-0.13023
-0.03970
0.04172
0.11551
0.18517
0.25475
0.32739
0.40427
0.48412
0.56341
0.63703
0.69919
0.74435
0.76803
0.76732
0.74109
0.69008
0.61674
0.52499
0.41988
0.30707
0.19233
0.08079
-0.02362
-0.11869
-0.20424
-0.28191
-0.35458
-0.42536
-0.49626
-0.56698
-0.63414
-0.69143
-0.73065
-0.74365
-0.72451
-0.67146
-0.58766
-0.48077
-0.36115
-0.23949
-0.12444
-0.02105
0.06957
0.14945
0.22215
0.29102
0.35777
0.42181
0.48030
0.52889
0.56275
0.57760
0.57050
0.54031
0.48770
0.41501
0.32588
0.22479
0.11653
0.00560
-0.10416
-0.20985
-0.30920
-0.40010
-0.47988
-0.54488
-0.59050
-0.61190
-0.60511
-0.56836
-0.50301
-0.41377
-0.30803
-0.19446
-0.08122
0.02561
0.12290
0.21038
0.28979
0.36349
0.43307
0.49842
0.55745
0.60646
0.64099
0.65689
0.65122
0.62282
0.57245
0.50246
0.41627
0.31774
0.21063
0.09821
-0.01701
-0.13322
-0.24918
-0.36366
-0.47482
-0.57962
-0.67347
-0.75040
-0.80387
-0.82805
-0.81932
-0.77745
-0.70608
-0.61221
-0.50481
-0.39283
-0.28341
-0.18067
-0.08548
0.00382
0.09012
0.17601
0.26269
0.34939
0.43351
0.51118
0.57818
0.63080
0.66637
0.68359
0.68241
0.66369
0.62876
0.57904
0.51582
0.44027
0.35371
0.25787
0.15513
0.04839
-0.05926
-0.16519
-0.26769
-0.36602
-0.45992
-0.54864
-0.62982
-0.69887
-0.74915
-0.77318
-0.76454
-0.71994
-0.64073
-0.53310
-0.40704
-0.27406
-0.14461
-0.02594
0.07895
0.17100
0.25368
0.33108
0.40610
0.47932
0.54872
0.61031
0.65928
0.69132
0.70367
0.69564
0.66842
0.62446
0.56660
0.49740
0.41887
0.33257
0.24000
0.14305
0.04408
-0.05432
-0.14993
-0.24166
-0.32989
-0.41632
-0.50312
-0.59147
-0.68024
-0.76505
-0.83840
-0.89085
-0.91313
-0.89850
-0.84473
-0.75505
-0.63760
-0.50366
-0.36518
-0.23221
-0.11112
-0.00392
0.09122
0.17859
0.26314
0.34869
0.43674
0.52601
0.61270
0.69147
0.75670
0.80372
0.82957
0.83327
0.81554
0.77812
0.72309
0.65232
0.56733
0.46950
0.36046
0.24245
0.11833
-0.00866
-0.13548
-0.25978
-0.38003
-0.49518
-0.60386
-0.70350
-0.78967
-0.85615
-0.89577
-0.90204
-0.87091
-0.80230
-0.70061
-0.57416
-0.43348
-0.28923
-0.15014
-0.02173
0.09408
0.19831
0.29368
0.38299
0.46785
0.54786
0.62051
0.68178
0.72715
0.75265
0.75570
0.73540
0.69253
0.62909
0.54787
0.45198
0.34467
0.22920
0.10882
-0.01341
-0.13485
-0.25362
-0.36875
-0.47993
-0.58683
-0.68808
-0.78029
-0.85758
-0.91193
-0.93469
-0.91876
-0.86094
-0.76355
-0.63474
-0.48704
-0.33462
-0.19007
-0.06174
0.04759
0.14017
0.22145
0.29752
0.37272
0.44825
0.52197
0.58940
0.64525
0.68517
0.70689
0.71056
0.69827
0.67296
0.63733
0.59298
0.54021
0.47844
0.40697
0.32579
0.23609
0.14024
0.04142
-0.05716
-0.15284
-0.24389
-0.32940
-0.40876
-0.48095
-0.54400
-0.59492
-0.62995
-0.64541
-0.63855
-0.60834
-0.55586
-0.48426
-0.39836
-0.30386
-0.20659
-0.11171
-0.02318
0.05661
0.12689
0.18830
0.24235
0.29071
0.33444
0.37348
0.40645
0.43095
0.44429
0.44431
0.43009
0.40218
0.36252
0.31377
0.25865
0.19921
0.13658
0.07094
0.00193
-0.07082
-0.14725
-0.22655
-0.30697
-0.38583
-0.45967
-0.52437
-0.57564
-0.60950
-0.62292
-0.61438
-0.58418
-0.53433
-0.46821
-0.38997
-0.30392
-0.21414
-0.12417
-0.03690
0.04550
0.12175
0.19145
0.25511
0.31388
0.36908
0.42171
0.47187
0.51859
0.55983
0.59290
0.61495
0.62359
0.61730
0.59568
0.55942
0.51008
0.44972
0.38049
0.30422
0.22219
0.13503
0.04281
-0.05457
-0.15672
-0.26213
-0.36750
-0.46761
-0.55570
-0.62451
-0.66768
-0.68120
-0.66427
-0.61954
-0.55237
-0.46958
-0.37802
-0.28338
-0.18965
-0.09915
-0.01308
0.06784
0.14291
0.21126
0.27196
0.32421
0.36746
0.40140
0.42573
0.43996
0.44325
0.43461
0.41317
0.37870
0.33187
0.27441
0.20883
0.13790
0.06409
-0.01091
-0.08629
-0.16200
-0.23827
-0.31505
-0.39140
-0.46506
-0.53225
-0.58792
-0.62633
-0.64212
-0.63145
-0.59305
-0.52881
-0.44364
-0.34472
-0.24008
-0.13714
-0.04143
0.04414
0.11928
0.18578
0.24650
0.30428
0.36109
0.41752
0.47271
0.52465
0.57065
0.60794
0.63407
0.64724
0.64634
0.63087
0.60075
0.55621
0.49770
0.42601
0.34240
0.24871
0.14728
0.04082
-0.06802
-0.17686
-0.28378
-0.38714
-0.48513
-0.57528
-0.65403
-0.71683
-0.75880
-0.77578
-0.76553
-0.72846
-0.66776
-0.58868
-0.49731
-0.39929
-0.29882
-0.19844
-0.09922
-0.00147
0.09456
0.18819
0.27802
0.36198
0.43750
0.50183
0.55233
0.58683
0.60393
0.60321
0.58535
0.55188
0.50491
0.44655
0.37848
0.30169
0.21641
0.12255
0.02028
-0.08926
-0.20336
-0.31736
-0.42474
-0.51772
-0.58825
-0.62938
-0.63661
-0.60888
-0.54897
-0.46301
-0.35930
-0.24681
-0.13359
-0.02581
0.07270
0.16023
0.23652
0.30202
0.35717
0.40192
0.43554
0.45666
0.46346
0.45406
0.42698
0.38163
0.31871
0.24044
0.15046
0.05341
-0.04579
-0.14269
-0.23381
-0.31673
-0.38968
-0.45072
-0.49708
-0.52487
-0.52953
-0.50701
-0.45527
-0.37559
-0.27314
-0.15635
-0.03544
0.07970
0.18141
0.26546
0.33121
0.38087
0.41818
0.44705
0.47048
0.48991
0.50509
0.51421
0.51439
0.50227
0.47478
0.42984
0.36696
0.28748
0.19449
0.09216
-0.01499
-0.12304
-0.22926
-0.33213
-0.43091
-0.52472
-0.61161
-0.68808
-0.74916
-0.78943
-0.80440
-0.79194
-0.75314
-0.69222
-0.61545
-0.52949
-0.43976
-0.34936
-0.25898
-0.16758
-0.07363
0.02378
0.12423
0.22582
0.32560
0.42019
0.50639
0.58165
0.64418
0.69288
0.72715
0.74666
0.75112
0.74028
0.71387
0.67173
0.61406
0.54162
0.45601
0.35972
0.25603
0.14858
0.04081
-0.06459
-0.16594
-0.26247
-0.35380
-0.43910
-0.51641
-0.58223
-0.63172
-0.65960
-0.66147
-0.63510
-0.58136
-0.50424
-0.41016
-0.30657
-0.20052
-0.09744
-0.00062
0.08872
0.17085
0.24669
0.31692
0.38141
0.43890
0.48702
0.52270
0.54264
0.54399
0.52487
0.48482
0.42509
0.34860
0.25961
0.16315
0.06417
-0.03335
-0.12704
-0.21643
-0.30256
-0.38717
-0.47143
-0.55470
-0.63367
-0.70235
-0.75295
-0.77762
-0.77050
-0.72952
-0.65733
-0.56098
-0.45044
-0.33643
-0.22804
-0.13091
-0.04645
0.02780
0.09683
0.16628
0.24053
0.32135
0.40734
0.49434
0.57643
0.64743
0.70225
0.73789
0.75377
0.75130
0.73295
0.70120
0.65759
0.60241
0.53500
0.45458
0.36119
0.25642
0.14354
0.02695
-0.08889
-0.20044
-0.30581
-0.40453
-0.49671
-0.58169
-0.65697
-0.71782
-0.75796
-0.77110
-0.75292
-0.70265
-0.62374
-0.52315
-0.40974
-0.29209
-0.17673
-0.06727
0.03534
0.13173
0.22274
0.30841
0.38749
0.45768
0.51608
0.55978
0.58629
0.59365
0.58038
0.54543
0.48817
0.40864
0.30798
0.18887
0.05592
-0.08434
-0.22395
-0.35433
-0.46724
-0.55579
-0.61506
-0.64247
-0.63788
-0.60341
-0.54313
-0.46251
-0.36783
-0.26540
-0.16086
-0.05873
0.03794
0.12746
0.20922
0.28330
0.34997
0.40935
0.46120
0.50485
0.53925
0.56310
0.57492
0.57315
0.55622
0.52268
0.47150
0.40232
0.31587
0.21420
0.10064
-0.02056
-0.14490
-0.26830
-0.38747
-0.49979
-0.60267
-0.69271
-0.76520
-0.81438
-0.83445
-0.82109
-0.77305
-0.69301
-0.58751
-0.46583
-0.33817
-0.21356
-0.09825
0.00520
0.09777
0.18294
0.26508
0.34769
0.43204
0.51658
0.59711
0.66785
0.72289
0.75766
0.76997
0.76019
0.73072
0.68480
0.62529
0.55378
0.47043
0.37454
0.26554
0.14396
0.01206
-0.12629
-0.26609
-0.40205
-0.52915
-0.64278
-0.73851
-0.81173
-0.85755
-0.87135
-0.84985
-0.79239
-0.70192
-0.58515
-0.45174
-0.31250
-0.17735
-0.05333
0.05638
0.15252
0.23858
0.31908
0.39772
0.47589
0.55213
0.62229
0.68051
0.72044
0.73645
0.72460
0.68312
0.61253
0.51542
0.39604
0.25988
0.11305
-0.03816
-0.18776
-0.33040
-0.46145
-0.57676
-0.67242
-0.74443
-0.78882
-0.80212
-0.78236
-0.72993
-0.64824
-0.54361
-0.42435
-0.29943
-0.17690
-0.06275
0.03968
0.12961
0.20828
0.27808
0.34171
0.40153
0.45905
0.51477
0.56798
0.61678
0.65808
0.68790
0.70179
0.69544
0.66535
0.60942
0.52718
0.41974
0.28954
0.13996
-0.02470
-0.19913
-0.37656
-0.54835
-0.70398
-0.83188
-0.92092
-0.96263
-0.95327
-0.89514
-0.79651
-0.67010
-0.53034
-0.39032
-0.25930
-0.14140
-0.03584
0.06143
0.15553
0.25044
0.34751
0.44508
0.53904
0.62403
0.69473
0.74682
0.77745
0.78505
0.76893
0.72860
0.66344
0.57272
0.45605
0.31425
0.15029
-0.03005
-0.21801
-0.40230
-0.57021
-0.70919
-0.80855
-0.86120
-0.86477
-0.82208
-0.74055
-0.63079
-0.50450
-0.37243
-0.24275
-0.12023
-0.00648
0.09911
0.19794
0.29077
0.37681
0.45341
0.51650
0.56154
0.58448
0.58250
0.55434
0.50016
0.42121
0.31961
0.19831
0.06142
-0.08537
-0.23448
-0.37656
-0.50119
-0.59816
-0.65922
-0.67963
-0.65921
-0.60243
-0.51745
-0.41425
-0.30261
-0.19020
-0.08160
0.02182
0.12103
0.21789
0.31359
0.40747
0.49649
0.57562
0.63883
0.68041
0.69633
0.68501
0.64756
0.58743
0.50952
0.41925
0.32158
0.22045
0.11847
0.01697
-0.08363
-0.18332
-0.28195
-0.37865
-0.47131
-0.55636
-0.62886
-0.68304
-0.71332
-0.71564
-0.68857
-0.63402
-0.55707
-0.46501
-0.36580
-0.26640
-0.17154
-0.08318
-0.00079
0.07770
0.15470
0.23173
0.30860
0.38310
0.45133
0.50847
0.54988
0.57209
0.57355
0.55477
0.51794
0.46611
0.40231
0.32882
0.24696
0.15738
0.06072
-0.04147
-0.14608
-0.24822
-0.34162
-0.41968
-0.47683
-0.50983
-0.51858
-0.50611
-0.47763
-0.43907
-0.39544
-0.34973
-0.30257
-0.25277
-0.19842
-0.13806
-0.07142
0.00035
0.07504
0.15006
0.22292
0.29153
0.35412
0.40902
0.45442
0.48830
0.50864
0.51373
0.50252
0.47477
0.43101
0.37233
0.30020
0.21640
0.12320
0.02364
-0.07823
-0.17738
-0.26819
-0.34519
-0.40394
-0.44179
-0.45817
-0.45448
-0.43340
-0.39816
-0.35181
-0.29679
-0.23491
-0.16759
-0.09621
-0.02246
0.05153
0.12320
0.18974
0.24829
0.29622
0.33138
0.35234
0.35860
0.35069
0.33012
0.29902
0.25973
0.21426
0.16389
0.10901
0.04927
-0.01600
-0.08732
-0.16450
-0.24623
-0.32989
-0.41149
-0.48598
-0.54765
-0.59084
-0.61071
-0.60403
-0.56979
-0.50949
-0.42696
-0.32779
-0.21853
-0.10561
0.00545
0.11072
0.20811
0.29714
0.37833
0.45231
0.51888
0.57639
0.62166
0.65049
0.65876
0.64361
0.60452
0.54367
0.46570
0.37668
0.28278
0.18896
0.09798
0.01028
-0.07546
-0.16106
-0.24738
-0.33300
-0.41360
-0.48223
-0.53044
-0.55020
-0.53591
-0.48604
-0.40386
-0.29700
-0.17596
-0.05210
0.06438
0.16576
0.24735
0.30710
0.34489
0.36162
0.35875
0.33800
0.30137
0.25117
0.18982
0.11951
0.04188
-0.04217
-0.13221
-0.22756
-0.32627
-0.42416
-0.51448
-0.58837
-0.63625
-0.64998
-0.62494
-0.56158
-0.46569
-0.34735
-0.21870
-0.09127
0.02636
0.12983
0.21899
0.29653
0.36606
0.43014
0.48903
0.54044
0.58017
0.60350
0.60650
0.58704
0.54511
0.48253
0.40216
0.30708
0.20006
0.08358
-0.03958
-0.16552
-0.28837
-0.40018
-0.49154
-0.55312
-0.57760
-0.56159
-0.50673
-0.41963
-0.31065
-0.19165
-0.07360
0.03538
0.13094
0.21215
0.28033
0.33729
0.38399
0.41970
0.44201
0.44747
0.43251
0.39433
0.33158
0.24478
0.13651
0.01150
-0.12331
-0.25903
-0.38529
-0.49128
-0.56715
-0.60569
-0.60370
-0.56276
-0.48891
-0.39144
-0.28089
-0.16699
-0.05697
0.04514
0.13833
0.22360
0.30255
0.37603
0.44328
0.50157
0.54658
0.57310
0.57608
0.55158
0.49753
0.41420
0.30429
0.17261
0.02550
-0.12996
-0.28654
-0.43727
-0.57534
-0.69385
-0.78563
-0.84357
-0.86153
-0.83577
-0.76632
-0.65787
-0.51946
-0.36315
-0.20186
-0.04692
0.09384
0.21697
0.32307
0.41543
0.49816
0.57431
0.64461
0.70709
0.75741
0.78989
0.79871
0.77903
0.72791
0.64468
0.53103
0.39073
0.22919
0.05304
-0.13021
-0.31228
-0.48419
-0.63643
-0.75930
-0.84383
-0.88300
-0.87324
-0.81562
-0.71641
-0.58637
-0.43900
-0.28788
-0.14399
-0.01377
0.10149
0.20474
0.30107
0.39521
0.48932
0.58170
0.66678
0.73622
0.78073
0.79218
0.76533
0.69882
0.59535
0.46091
0.30366
0.13246
-0.04416
-0.21866
-0.38456
-0.53604
-0.66730
-0.77217
-0.84429
-0.87788
-0.86919
-0.81787
-0.72782
-0.60702
-0.46620
-0.31676
-0.16859
-0.02848
0.10038
0.21771
0.32472
0.42240
0.51020
0.58546
0.64375
0.67993
0.68945
0.66949
0.61955
0.54139
0.43844
0.31505
0.17587
0.02561
-0.13074
-0.28742
-0.43734
-0.57190
-0.68144
-0.75637
-0.78888
-0.77477
-0.71475
-0.61469
-0.48477
-0.33746
-0.18517
-0.03805
0.09736
0.21837
0.32528
0.41987
0.50371
0.57681
0.63710
0.68073
0.70292
0.69918
0.66625
0.60274
0.50924
0.38817
0.24349
0.08055
-0.09388
-0.27149
-0.44239
-0.59537
-0.71871
-0.80162
-0.83604
-0.81833
-0.75040
-0.63960
-0.49753
-0.33780
-0.17347
-0.01496
0.13105
0.26154
0.37604
0.47510
0.55879
0.62584
0.67345
0.69771
0.69437
0.65962
0.59077
0.48681
0.34893
0.18117
-0.00903
-0.21048
-0.40856
-0.58644
-0.72724
-0.81680
-0.84635
-0.81445
-0.72752
-0.59858
-0.44454
-0.28264
-0.12704
0.01354
0.13653
0.24430
0.34182
0.43382
0.52236
0.60571
0.67849
0.73298
0.76101
0.75584
0.71349
0.63333
0.51782
0.37190
0.20204
0.01554
-0.17986
-0.37588
-0.56350
-0.73266
-0.87253
-0.97241
-1.02340
-1.02029
-0.96335
-0.85898
-0.71895
-0.55822
-0.39176
-0.23157
-0.08456
0.04794
0.16912
0.28442
0.39899
0.51544
0.63263
0.74550
0.84603
0.92474
0.97247
0.98186
0.94841
0.87080
0.75079
0.59269
0.40276
0.18870
-0.04065
-0.27537
-0.50427
-0.71485
-0.89369
-1.02748
-1.10492
-1.11899
-1.06895
-0.96129
-0.80908
-0.62956
-0.44068
-0.25749
-0.08943
0.06067
0.19562
0.32145
0.44415
0.56673
0.68737
0.79913
0.89128
0.95167
0.96954
0.93797
0.85534
0.72560
0.55736
0.36212
0.15220
-0.06111
-0.26850
-0.46275
-0.63791
-0.78815
-0.90693
-0.98697
-1.02134
-1.00526
-0.93790
-0.82362
-0.67179
-0.49525
-0.30790
-0.12199
0.05378
0.21494
0.36055
0.49162
0.60919
0.71285
0.80011
0.86655
0.90682
0.91569
0.88926
0.82578
0.72615
0.59416
0.43627
0.26099
0.07792
-0.10363
-0.27596
-0.43389
-0.57486
-0.69809
-0.80298
-0.88750
-0.94718
-0.97545
-0.96531
-0.91188
-0.81480
-0.67951
-0.51674
-0.34036
-0.16412
0.00140
0.15072
0.28375
0.40431
0.51772
0.62808
0.73628
0.83914
0.92987
0.99949
1.03867
1.03960
0.99739
0.91090
0.78307
0.62063
0.43350
0.23353
0.03295
-0.15752
-0.33034
-0.48228
-0.61436
-0.73063
-0.83583
-0.93275
-1.02010
-1.09178
-1.13803
-1.14819
-1.11425
-1.03395
-0.91227
-0.76068
-0.59435
-0.42831
-0.27377
-0.13584
-0.01327
0.09984
0.21122
0.32725
0.45066
0.57948
0.70757
0.82617
0.92607
0.99962
1.04204
1.05181
1.03021
0.98023
0.90535
0.80863
0.69246
0.55885
0.41022
0.25005
0.08330
-0.08398
-0.24543
-0.39550
-0.53030
-0.64787
-0.74759
-0.82911
-0.89099
-0.92993
-0.94094
-0.91852
-0.85864
-0.76070
-0.62879
-0.47153
-0.30061
-0.12830
0.03512
0.18325
0.31423
0.43003
0.53466
0.63215
0.72461
0.81126
0.88830
0.94971
0.98847
0.99800
0.97331
0.91184
0.81384
0.68253
0.52390
0.34637
0.16000
-0.02450
-0.19710
-0.34982
-0.47785
-0.58026
-0.66005
-0.72331
-0.77782
-0.83108
-0.88823
-0.95038
-1.01379
-1.07012
-1.10818
-1.11644
-1.08612
-1.01362
-0.90173
-0.75903
-0.59778
-0.43081
-0.26859
-0.11724
0.02192
0.15136
0.27549
0.39848
0.52264
0.64755
0.77011
0.88524
0.98700
1.06969
1.12877
1.16132
1.16613
1.14331
1.09375
1.01858
0.91890
0.79590
0.65143
0.48866
0.31269
0.13055
-0.04941
-0.21883
-0.37090
-0.50176
-0.61114
-0.70202
-0.77935
-0.84799
-0.91072
-0.96668
-1.01108
-1.03616
-1.03327
-0.99548
-0.91980
-0.80832
-0.66797
-0.50897
-0.34245
-0.17813
-0.02261
0.12123
0.25372
0.37713
0.49412
0.60638
0.71383
0.81452
0.90502
0.98116
1.03863
1.07357
1.08267
1.06332
1.01370
0.93304
0.82222
0.68424
0.52455
0.35086
0.17228
-0.00187
-0.16340
-0.30634
-0.42742
-0.52609
-0.60407
-0.66471
-0.71231
-0.75155
-0.78689
-0.82198
-0.85894
-0.89764
-0.93512
-0.96559
-0.98115
-0.97331
-0.93509
-0.86294
-0.75795
-0.62577
-0.47521
-0.31605
-0.15665
-0.00242
0.14461
0.28494
0.41998
0.55040
0.67509
0.79087
0.89317
0.97703
1.03810
1.07334
1.08125
1.06164
1.01529
0.94361
0.84846
0.73236
0.59867
0.45193
0.29780
0.14270
-0.00684
-0.14499
-0.26729
-0.37106
-0.45551
-0.52167
-0.57224
-0.61133
-0.64393
-0.67518
-0.70917
-0.74771
-0.78924
-0.82848
-0.85709
-0.86543
-0.84500
-0.79077
-0.70278
-0.58624
-0.45015
-0.30495
-0.15989
-0.02116
0.10892
0.23136
0.34902
0.46481
0.58011
0.69394
0.80298
0.90231
0.98646
1.05048
1.09060
1.10437
1.09050
1.04857
0.97882
0.88225
0.76105
0.61906
0.46208
0.29765
0.13428
-0.01987
-0.15836
-0.27742
-0.37632
-0.45680
-0.52211
-0.57575
-0.62056
-0.65831
-0.68990
-0.71598
-0.73767
-0.75691
-0.77634
-0.79848
-0.82452
-0.85309
-0.87962
-0.89652
-0.89461
-0.86527
-0.80283
-0.70649
-0.58086
-0.43515
-0.28097
-0.12959
0.01056
0.13548
0.24578
0.34560
0.44069
0.53616
0.63473
0.73580
0.83555
0.92804
1.00662
1.06544
1.10038
1.10937
1.09217
1.04975
0.98375
0.89617
0.78937
0.66634
0.53099
0.38817
0.24336
0.10200
-0.03123
-0.15298
-0.26136
-0.35570
-0.43614
-0.50314
-0.55741
-0.60005
-0.63290
-0.65884
-0.68165
-0.70536
-0.73305
-0.76556
-0.80035
-0.83130
-0.84957
-0.84552
-0.81121
-0.74279
-0.64184
-0.51520
-0.37335
-0.22777
-0.08818
0.03944
0.15346
0.25595
0.35098
0.44276
0.53406
0.62525
0.71415
0.79638
0.86617
0.91729
0.94404
0.94205
0.90896
0.84483
0.75219
0.63578
0.50203
0.35818
0.21143
0.06819
-0.06643
-0.18876
-0.29644
-0.38826
-0.46401
-0.52451
-0.57177
-0.60900
-0.64036
-0.67018
-0.70183
-0.73636
-0.77141
-0.80098
-0.81630
-0.80778
-0.76757
-0.69199
-0.58290
-0.44757
-0.29694
-0.14289
0.00460
0.13957
0.26065
0.37022
0.47235
0.57055
0.66593
0.75654
0.83791
0.90432
0.95051
0.97289
0.97013
0.94296
0.89345
0.82415
0.73750
0.63574
0.52121
0.39683
0.26647
0.13485
0.00703
-0.11234
-0.21974
-0.31323
-0.39238
-0.45801
-0.51158
-0.55482
-0.58943
-0.61723
-0.64028
-0.66111
-0.68247
-0.70673
-0.73490
-0.76557
-0.79440
-0.81431
-0.81675
-0.79361
-0.73941
-0.65286
-0.53738
-0.40040
-0.25154
-0.10045
0.04514
0.18048
0.30388
0.41596
0.51849
0.61313
0.70056
0.77995
0.84896
0.90403
0.94105
0.95599
0.94570
0.90850
0.84467
0.75673
0.64932
0.52868
0.40185
0.27552
0.15504
0.04374
-0.05716
-0.14812
-0.23035
-0.30496
-0.37230
-0.43188
-0.48275
-0.52434
-0.55716
-0.58330
-0.60607
-0.62916
-0.65515
-0.68408
-0.71255
-0.73381
-0.73902
-0.71947
-0.66917
-0.58692
-0.47710
-0.34890
-0.21407
-0.08396
0.03325
0.13414
0.22019
0.29641
0.36908
0.44344
0.52201
0.60401
0.68584
0.76226
0.82772
0.87742
0.90768
0.91597
0.90055
0.86035
0.79504
0.70552
0.59446
0.46661
0.32861
0.18820
0.05303
-0.07064
-0.17890
-0.27047
-0.34642
-0.40917
-0.46152
-0.50572
-0.54302
-0.57380
-0.59808
-0.61632
-0.62993
-0.64143
-0.65388
-0.66991
-0.69035
-0.71327
-0.73356
-0.74358
-0.73468
-0.69945
-0.63380
-0.53848
-0.41926
-0.28577
-0.14920
-0.01963
0.09621
0.19612
0.28216
0.35920
0.43284
0.50727
0.58398
0.66134
0.73522
0.80024
0.85113
0.88385
0.89605
0.88710
0.85751
0.80851
0.74156
0.65839
0.56120
0.45301
0.33785
0.22060
0.10646
0.00013
-0.09489
-0.17684
-0.24569
-0.30279
-0.35031
-0.39057
-0.42564
-0.45729
-0.48704
-0.51647
-0.54726
-0.58095
-0.61824
-0.65810
-0.69699
-0.72861
-0.74465
-0.73641
-0.69716
-0.62436
-0.52113
-0.39613
-0.26183
-0.13155
-0.01609
0.07880
0.15342
0.21328
0.26673
0.32205
0.38485
0.45659
0.53445
0.61251
0.68347
0.74051
0.77865
0.79529
0.79011
0.76430
0.71975
0.65834
0.58177
0.49162
0.38985
0.27915
0.16302
0.04559
-0.06885
-0.17635
-0.27364
-0.35828
-0.42874
-0.48453
-0.52635
-0.55637
-0.57818
-0.59633
-0.61538
-0.63846
-0.66589
-0.69430
-0.71673
-0.72395
-0.70676
-0.65873
-0.57843
-0.47043
-0.34455
-0.21358
-0.09012
0.01656
0.10248
0.16937
0.22338
0.27272
0.32488
0.38444
0.45186
0.52352
0.59290
0.65242
0.69542
0.71763
0.71795
0.69823
0.66225
0.61441
0.55841
0.49647
0.42923
0.35635
0.27741
0.19285
0.10441
0.01507
-0.07166
-0.15260
-0.22565
-0.29005
-0.34595
-0.39353
-0.43212
-0.45971
-0.47330
-0.46985
-0.44763
-0.40739
-0.35278
-0.28993
-0.22619
-0.16851
-0.12192
-0.08865
-0.06797
-0.05678
-0.05069
-0.04520
-0.03674
-0.02322
-0.00422
0.01926
0.04529
0.07152
0.09575
0.11615
0.13147
0.14101
0.14453
0.14216
0.13437
0.12193
0.10588
0.08750
0.06812
0.04899
0.03100
0.01455
-0.00051
-0.01489
-0.02961
-0.04578
-0.06434
-0.08584
-0.11040
-0.13763
-0.16665
-0.19603
-0.22382
-0.24753
-0.26444
-0.27191
-0.26791
-0.25146
-0.22287
-0.18375
-0.13668
-0.08464
-0.03045
0.02369
0.07636
0.12681
0.17469
0.21963
0.26108
0.29812
0.32958
0.35421
0.37091
0.37889
0.37785
0.36795
0.34971
0.32381
0.29087
0.25136
0.20553
0.15355
0.09577
0.03301
-0.03312
-0.10005
-0.16433
-0.22202
-0.26916
-0.30241
-0.31951
-0.31963
-0.30338
-0.27265
-0.23026
-0.17953
-0.12380
-0.06607
-0.00870
0.04661
0.09874
0.14688
0.19020
0.22760
0.25764
0.27867
0.28916
0.28806
0.27519
0.25134
0.21831
0.17855
0.13481
0.08964
0.04496
0.00172
-0.04033
-0.08253
-0.12700
-0.17606
-0.23143
-0.29348
-0.36056
-0.42880
-0.49237
-0.54425
-0.57761
-0.58729
-0.57117
-0.53087
-0.47145
-0.40023
-0.32491
-0.25173
-0.18415
-0.12248
-0.06458
-0.00713
0.05282
0.11673
0.18393
0.25187
0.31682
0.37486
0.42277
0.45863
0.48184
0.49287
0.49279
0.48287
0.46424
0.43796
0.40498
0.36627
0.32276
0.27527
0.22434
0.17009
0.11229
0.05058
-0.01516
-0.08434
-0.15528
-0.22508
-0.28968
-0.34432
-0.38423
-0.40537
-0.40526
-0.38344
-0.34166
-0.28350
-0.21377
-0.13752
-0.05931
0.01736
0.09013
0.15752
0.21844
0.27179
0.31621
0.35017
0.37228
0.38175
0.37866
0.36406
0.33971
0.30767
0.26976
0.22723
0.18065
0.13009
0.07542
0.01661
-0.04612
-0.11241
-0.18196
-0.25473
-0.33088
-0.41034
-0.49208
-0.57327
-0.64884
-0.71166
-0.75361
-0.76730
-0.74795
-0.69492
-0.61223
-0.50792
-0.39225
-0.27537
-0.16507
-0.06544
0.02334
0.10393
0.18013
0.25500
0.32960
0.40255
0.47047
0.52911
0.57463
0.60468
0.61901
0.61930
0.60860
0.59037
0.56758
0.54204
0.51420
0.48328
0.44771
0.40575
0.35603
0.29806
0.23258
0.16169
0.08860
0.01713
-0.04913
-0.10789
-0.15898
-0.20462
-0.24908
-0.29744
-0.35396
-0.42044
-0.49514
-0.57258
-0.64433
-0.70070
-0.73284
-0.73472
-0.70449
-0.64491
-0.56261
-0.46649
-0.36571
-0.26780
-0.17733
-0.09552
-0.02074
0.05037
0.12141
0.19484
0.27096
0.34767
0.42080
0.48521
0.53601
0.56978
0.58534
0.58382
0.56820
0.54242
0.51033
0.47485
0.43745
0.39804
0.35530
0.30729
0.25214
0.18868
0.11681
0.03749
-0.04756
-0.13631
-0.22687
-0.31756
-0.40672
-0.49221
-0.57096
-0.63875
-0.69054
-0.72124
-0.72677
-0.70515
-0.65723
-0.58669
-0.49951
-0.40275
-0.30320
-0.20618
-0.11481
-0.02997
0.04921
0.12455
0.19793
0.27052
0.34243
0.41255
0.47876
0.53834
0.58857
0.62719
0.65284
0.66514
0.66460
0.65219
0.62896
0.59563
0.55244
0.49924
0.43581
0.36231
0.27957
0.18914
0.09302
-0.00691
-0.10947
-0.21452
-0.32268
-0.43458
-0.54954
-0.66435
-0.77255
-0.86469
-0.92987
-0.95807
-0.94284
-0.88328
-0.78484
-0.65834
-0.51765
-0.37654
-0.24575
-0.13102
-0.03264
0.05339
0.13316
0.21238
0.29432
0.37886
0.46267
0.54034
0.60599
0.65474
0.68372
0.69240
0.68230
0.65629
0.61772
0.56972
0.51475
0.45453
0.39017
0.32253
0.25243
0.18076
0.10828
0.03525
-0.03899
-0.11621
-0.19908
-0.29031
-0.39143
-0.50139
-0.61568
-0.72617
-0.82217
-0.89241
-0.92749
-0.92222
-0.87688
-0.79720
-0.69294
-0.57550
-0.45532
-0.33985
-0.23266
-0.13373
-0.04063
0.04988
0.14044
0.23228
0.32498
0.41678
0.50517
0.58739
0.66083
0.72323
0.77281
0.80824
0.82881
0.83443
0.82569
0.80376
0.77019
0.72663
0.67453
0.61496
0.54852
0.47544
0.39583
0.31003
0.21890
0.12397
0.02720
-0.06944
-0.16465
-0.25838
-0.35196
-0.44769
-0.54784
-0.65318
-0.76175
-0.86811
-0.96367
-1.03811
-1.08155
-1.08708
-1.05254
-0.98136
-0.88175
-0.76480
-0.64185
-0.52211
-0.41112
-0.31036
-0.21806
-0.13059
-0.04399
0.04481
0.13733
0.23332
0.33102
0.42748
0.51911
0.60209
0.67295
0.72895
0.76840
0.79081
0.79676
0.78764
0.76525
0.73141
0.68763
0.63502
0.57423
0.50558
0.42922
0.34527
0.25401
0.15589
0.05163
-0.05774
-0.17083
-0.28572
-0.39963
-0.50875
-0.60807
-0.69158
-0.75291
-0.78641
-0.78828
-0.75762
-0.69684
-0.61137
-0.50856
-0.39632
-0.28166
-0.16969
-0.06336
0.03632
0.12947
0.21657
0.29776
0.37250
0.43959
0.49742
0.54436
0.57915
0.60117
0.61042
0.60740
0.59272
0.56679
0.52954
0.48045
0.41876
0.34393
0.25607
0.15623
0.04643
-0.07064
-0.19199
-0.31471
-0.43605
-0.55318
-0.66275
-0.76051
-0.84120
-0.89908
-0.92892
-0.92723
-0.89334
-0.82982
-0.74207
-0.63721
-0.52269
-0.40494
-0.28864
-0.17660
-0.07010
0.03073
0.12644
0.21811
0.30711
0.39474
0.48173
0.56762
0.65032
0.72617
0.79054
0.83884
0.86773
0.87598
0.86482
0.83738
0.79762
0.74899
0.69342
0.63096
0.56026
0.47965
0.38841
0.28764
0.18043
0.07107
-0.03623
-0.13874
-0.23619
-0.33071
-0.42591
-0.52517
-0.62980
-0.73771
-0.84296
-0.93654
-1.00809
-1.04830
-1.05113
-1.01539
-0.94510
-0.84853
-0.73623
-0.61846
-0.50305
-0.39405
-0.29157
-0.19291
-0.09423
0.00758
0.11363
0.22259
0.33106
0.43455
0.52853
0.60932
0.67454
0.72312
0.75507
0.77118
0.77266
0.76083
0.73690
0.70175
0.65586
0.59932
0.53202
0.45391
0.36529
0.26699
0.16028
0.04679
-0.07169
-0.19322
-0.31549
-0.43545
-0.54894
-0.65058
-0.73410
-0.79310
-0.82217
-0.81803
-0.78041
-0.71230
-0.61959
-0.51003
-0.39186
-0.27247
-0.15731
-0.04945
0.05033
0.14294
0.23000
0.31293
0.39217
0.46686
0.53489
0.59350
0.63989
0.67200
0.68882
0.69049
0.67795
0.65244
0.61502
0.56631
0.50649
0.43566
0.35413
0.26281
0.16320
0.05722
-0.05318
-0.16631
-0.28079
-0.39524
-0.50766
-0.61485
-0.71211
-0.79348
-0.85255
-0.88383
-0.88407
-0.85326
-0.79483
-0.71496
-0.62112
-0.52041
-0.41811
-0.31697
-0.21740
-0.11827
-0.01818
0.08352
0.18608
0.28737
0.38424
0.47325
0.55132
0.61603
0.66583
0.69977
0.71740
0.71849
0.70295
0.67081
0.62233
0.55815
0.47949
0.38832
0.28734
0.17977
0.06890
-0.04244
-0.15225
-0.25945
-0.36348
-0.46361
-0.55802
-0.64321
-0.71382
-0.76334
-0.78540
-0.77552
-0.73257
-0.65948
-0.56292
-0.45201
-0.33635
-0.22410
-0.12061
-0.02786
0.05512
0.13118
0.20365
0.27511
0.34656
0.41728
0.48506
0.54690
0.59965
0.64053
0.66749
0.67924
0.67523
0.65557
0.62096
0.57269
0.51257
0.44285
0.36593
0.28404
0.19881
0.11105
0.02075
-0.07267
-0.16985
-0.27092
-0.37493
-0.47945
-0.58038
-0.67204
-0.74760
-0.79994
-0.82269
-0.81157
-0.76543
-0.68690
-0.58219
-0.46014
-0.33056
-0.20238
-0.08210
0.02698
0.12465
0.21284
0.29421
0.37077
0.44298
0.50938
0.56690
0.61163
0.63971
0.64810
0.63503
0.60023
0.54477
0.47088
0.38170
0.28111
0.17338
0.06278
-0.04696
-0.15313
-0.25436
-0.35045
-0.44180
-0.52841
-0.60896
-0.68010
-0.73646
-0.77147
-0.77886
-0.75439
-0.69732
-0.61103
-0.50252
-0.38093
-0.25559
-0.13416
-0.02145
0.08080
0.17335
0.25828
0.33777
0.41307
0.48404
0.54917
0.60611
0.65220
0.68510
0.70308
0.70512
0.69085
0.66044
0.61467
0.55488
0.48306
0.40180
0.31395
0.22230
0.12898
0.03512
-0.05927
-0.15500
-0.25294
-0.35312
-0.45385
-0.55116
-0.63896
-0.70974
-0.75589
-0.77124
-0.75242
-0.69971
-0.61708
-0.51152
-0.39177
-0.26676
-0.14431
-0.03015
0.07253
0.16285
0.24160
0.31027
0.37008
0.42125
0.46272
0.49255
0.50858
0.50928
0.49431
0.46464
0.42220
0.36927
0.30787
0.23932
0.16429
0.08303
-0.00402
-0.09573
-0.18981
-0.28274
-0.36997
-0.44639
-0.50702
-0.54769
-0.56573
-0.56030
-0.53251
-0.48515
-0.42210
-0.34759
-0.26558
-0.17941
-0.09180
-0.00503
0.07877
0.15745
0.22900
0.29181
0.34502
0.38869
0.42364
0.45103
0.47180
0.48617
0.49347
0.49233
0.48122
0.45900
0.42539
0.38103
0.32728
0.26576
0.19786
0.12439
0.04549
-0.03914
-0.12973
-0.22577
-0.32545
-0.42527
-0.52006
-0.60349
-0.66881
-0.71005
-0.72315
-0.70689
-0.66342
-0.59796
-0.51779
-0.43061
-0.34284
-0.25820
-0.17732
-0.09820
-0.01767
0.06697
0.15650
0.24909
0.34060
0.42561
0.49879
0.55619
0.59583
0.61778
0.62352
0.61509
0.59434
0.56245
0.51994
0.46703
0.40413
0.33225
0.25311
0.16890
0.08183
-0.00646
-0.09516
-0.18418
-0.27358
-0.36267
-0.44927
-0.52920
-0.59658
-0.64468
-0.66737
-0.66059
-0.62349
-0.55892
-0.47290
-0.37347
-0.26907
-0.16695
-0.07201
0.01368
0.09065
0.16124
0.22840
0.29457
0.36077
0.42611
0.48793
0.54228
0.58475
0.61130
0.61903
0.60658
0.57434
0.52424
0.45940
0.38354
0.30040
0.21313
0.12384
0.03343
-0.05835
-0.15256
-0.25048
-0.35273
-0.45856
-0.56512
-0.66720
-0.75748
-0.82740
-0.86861
-0.87471
-0.84289
-0.77495
-0.67731
-0.55987
-0.43392
-0.30981
-0.19491
-0.09262
-0.00245
0.07883
0.15552
0.23131
0.30816
0.38577
0.46187
0.53288
0.59494
0.64463
0.67955
0.69848
0.70126
0.68848
0.66115
0.62047
0.56768
0.50402
0.43078
0.34930
0.26088
0.16668
0.06761
-0.03572
-0.14277
-0.25263
-0.36343
-0.47176
-0.57245
-0.65885
-0.72365
-0.76022
-0.76395
-0.73350
-0.67124
-0.58300
-0.47694
-0.36207
-0.24654
-0.13640
-0.03492
0.05734
0.14187
0.22116
0.29760
0.37255
0.44587
0.51576
0.57919
0.63238
0.67150
0.69322
0.69513
0.67602
0.63597
0.57641
0.49988
0.40978
0.30984
0.20357
0.09364
-0.01846
-0.13247
-0.24897
-0.36854
-0.49069
-0.61292
-0.73013
-0.83478
-0.91789
-0.97063
-0.98629
-0.96196
-0.89946
-0.80520
-0.68895
-0.56188
-0.43436
-0.31419
-0.20551
-0.10881
-0.02164
0.05999
0.14023
0.22211
0.30680
0.39340
0.47921
0.56040
0.63270
0.69223
0.73608
0.76270
0.77199
0.76505
0.74359
0.70932
0.66332
0.60577
0.53612
0.45354
0.35757
0.24864
0.12829
-0.00085
-0.13530
-0.27090
-0.40279
-0.52533
-0.63201
-0.71576
-0.76969
-0.78830
-0.76885
-0.71230
-0.62363
-0.51114
-0.38497
-0.25514
-0.12983
-0.01424
0.08969
0.18260
0.26658
0.34376
0.41516
0.48010
0.53620
0.57997
0.60772
0.61646
0.60464
0.57232
0.52110
0.45356
0.37280
0.28187
0.18355
0.08013
-0.02663
-0.13547
-0.24563
-0.35661
-0.46765
-0.57705
-0.68148
-0.77552
-0.85190
-0.90253
-0.92013
-0.90019
-0.84243
-0.75131
-0.63539
-0.50543
-0.37215
-0.24408
-0.12634
-0.02046
0.07480
0.16213
0.24438
0.32357
0.40047
0.47468
0.54482
0.60898
0.66496
0.71058
0.74389
0.76333
0.76788
0.75712
0.73114
0.69042
0.63573
0.56803
0.48851
0.39866
0.30025
0.19519
0.08532
-0.02787
-0.14329
-0.26006
-0.37700
-0.49190
-0.60091
-0.69842
-0.77749
-0.83097
-0.85305
-0.84074
-0.79482
-0.71991
-0.62364
-0.51509
-0.40304
-0.29440
-0.19332
-0.10098
-0.01614
0.06384
0.14176
0.21953
0.29750
0.37429
0.44706
0.51217
0.56598
0.60550
0.62896
0.63591
0.62721
0.60455
0.57003
0.52559
0.47273
0.41236
0.34497
0.27089
0.19055
0.10466
0.01414
-0.08006
-0.17717
-0.27668
-0.37808
-0.48037
-0.58143
-0.67742
-0.76274
-0.83042
-0.87328
-0.88538
-0.86348
-0.80807
-0.72347
-0.61704
-0.49762
-0.37370
-0.25189
-0.13605
-0.02725
0.07556
0.17445
0.27141
0.36746
0.46203
0.55293
0.63657
0.70868
0.76519
0.80311
0.82126
0.82039
0.80286
0.77179
0.73002
0.67927
0.61975
0.55048
0.47017
0.37836
0.27630
0.16734
0.05642
-0.05087
-0.14958
-0.23648
-0.31081
-0.37426
-0.43060
-0.48468
-0.54127
-0.60367
-0.67259
-0.74542
-0.81615
-0.87629
-0.91655
-0.92903
-0.90926
-0.85750
-0.77878
-0.68155
-0.57542
-0.46872
-0.36662
-0.27049
-0.17855
-0.08744
0.00594
0.10298
0.20290
0.30311
0.40034
0.49172
0.57553
0.65132
0.71939
0.78008
0.83312
0.87734
0.91088
0.93177
0.93859
0.93093
0.90948
0.87561
0.83071
0.77548
0.70958
0.63176
0.54048
0.43485
0.31547
0.18499
0.04816
-0.08879
-0.21927
-0.33771
-0.44081
-0.52836
-0.60330
-0.67084
-0.73696
-0.80647
-0.88130
-0.95939
-1.03459
-1.09775
-1.13874
-1.14882
-1.12282
-1.06039
-0.96612
-0.84829
-0.71690
-0.58147
-0.44921
-0.32410
-0.20699
-0.09637
0.01033
0.11559
0.22094
0.32655
0.43113
0.53219
0.62633
0.70977
0.77887
0.83072
0.86364
0.87752
0.87381
0.85514
0.82465
0.78506
0.73795
0.68337
0.61994
0.54555
0.45830
0.35744
0.24391
0.12036
-0.00934
-0.14085
-0.27008
-0.39358
-0.50836
-0.61140
-0.69903
-0.76669
-0.80926
-0.82206
-0.80218
-0.74968
-0.66811
-0.56418
-0.44654
-0.32404
-0.20411
-0.09166
0.01126
0.10496
0.19105
0.27141
0.34728
0.41885
0.48540
0.54555
0.59771
0.64027
0.67175
0.69071
0.69582
0.68591
0.66027
0.61889
0.56268
0.49345
0.41364
0.32579
0.23196
0.13336
0.03027
-0.07753
-0.19009
-0.30645
-0.42403
-0.53839
-0.64351
-0.73267
-0.79959
-0.83982
-0.85175
-0.83702
-0.80002
-0.74670
-0.68294
-0.61317
-0.53953
-0.46206
-0.37959
-0.29109
-0.19673
-0.09838
0.00063
0.09644
0.18557
0.26572
0.33580
0.39558
0.44497
0.48350
0.51006
0.52321
0.52169
0.50500
0.47377
0.42981
0.37571
0.31440
0.24867
0.18089
0.11308
0.04716
-0.01482
-0.07050
-0.11744
-0.15345
-0.17707
-0.18784
-0.18640
-0.17427
-0.15346
-0.12605
-0.09390
