23.36270
23.54098
23.71785
23.76418
23.80839
23.86033
23.80839
23.72066
23.71926
23.58520
23.49325
23.44903
23.31778
23.27637
23.13249
23.00123
22.91210
22.77944
22.72750
22.73522
22.64117
22.50220
22.46289
22.37235
22.32603
22.18846
22.10002
21.96667
21.92034
21.87612
21.78839
21.69995
21.60801
21.65152
21.83542
22.10213
22.37516
22.59836
22.77944
22.95631
23.13389
23.36270
23.63292
23.72347
23.90034
24.12634
24.35095
24.43868
24.57134
24.57274
24.57835
24.57274
24.57134
24.61906
24.52922
24.53133
24.52922
24.48220
24.48641
24.43868
24.39165
24.35235
24.30673
24.20846
24.16846
24.07932
23.99018
23.81120
23.71645
23.58660
23.45184
23.35989
23.22724
23.09318
22.95772
22.86577
22.77523
22.68750
22.59274
22.59415
22.50922
22.45447
22.36814
22.32743
22.41868
22.46289
22.68609
22.95631
23.18092
23.22724
23.44763
23.58239
23.72206
23.94807
23.94386
24.12494
24.25760
24.39587
24.49062
24.52501
24.62047
24.66047
24.70820
24.70820
24.62047
24.62047
24.61626
24.57414
24.56853
24.48641
24.48500
24.43868
24.39165
24.39587
24.30392
24.30813
24.21619
24.21268
24.12213
24.04001
23.94666
23.85753
23.71926
23.58520
23.40973
23.31919
23.22443
23.13950
23.00545
22.91069
22.81875
22.72891
22.59555
22.50641
22.46851
22.40815
22.37516
22.32603
22.19548
22.14214
22.10002
22.05861
22.06423
21.96667
21.92175
21.91754
21.88174
21.78979
21.74628
21.73926
21.73926
21.96667
22.19548
22.37095
22.64117
22.68609
22.86998
23.00685
23.17811
23.31638
23.40832
23.53957
23.67784
23.76698
23.81261
23.80559
23.85191
23.90245
23.89894
23.85191
23.81120
23.76558
23.76839
23.76698
23.62591
23.58520
23.58099
23.54238
23.54098
23.40411
23.40552
23.31217
23.22162
23.13950
23.00264
22.90929
22.82155
22.73101
22.68328
22.59695
22.59415
22.50781
22.37235
22.28041
22.28321
22.19408
22.14775
22.05721
21.96105
21.92315
21.88034
21.83542
21.74487
21.69013
21.74207
21.69574
21.65574
21.65433
21.56098
21.56239
21.56239
21.56660
21.51466
21.51185
21.52168
21.46833
21.47325
21.46974
21.51887
21.69855
21.88174
21.96807
22.19127
22.37516
22.59695
22.77523
22.86296
23.04756
23.22584
23.36551
23.49606
23.58520
23.71364
23.80980
23.85612
23.90245
23.94807
23.94105
23.99018
23.94666
23.94386
23.94105
23.94526
23.99439
23.89894
23.85331
23.84910
23.81120
23.76839
23.67012
23.58239
23.58239
23.54379
23.49465
23.35989
23.30936
23.26865
23.23145
23.13670
22.99702
22.91210
22.77804
22.77523
22.64117
22.64117
22.51624
22.50641
22.41517
22.37516
22.33375
22.28041
22.23549
22.32182
22.37516
22.50781
22.50501
22.50641
22.50922
22.46289
22.50501
22.41517
22.37656
22.33094
22.23689
22.18495
22.10002
22.05581
22.01089
21.97088
22.01229
22.01089
21.97228
21.96807
21.92315
22.01089
22.00667
22.01720
21.96526
21.96526
22.00808
22.05440
22.01229
22.01089
22.10002
22.19267
22.23268
22.28462
22.28602
22.32743
22.37095
22.32603
22.51062
22.54923
22.73101
23.00404
23.23005
23.40552
23.48904
23.67153
23.76558
23.90034
24.03580
24.12354
24.21268
24.26181
24.30813
24.39306
24.39165
24.43587
24.44500
24.49062
24.53133
24.52782
24.57134
24.53273
24.52782
24.53133
24.48781
24.48500
24.43728
24.39446
24.39587
24.34954
24.30392
24.25760
24.21268
24.21408
24.17126
24.16705
24.12213
24.03440
23.94947
23.94526
23.85753
23.80839
23.76418
23.76418
23.67363
23.67644
23.58660
23.53536
23.49606
23.40271
23.45184
23.31497
23.31357
23.26865
23.18092
23.18232
23.04896
23.00123
22.95491
22.86718
22.80962
22.82577
22.73382
22.68609
22.63977
22.59695
22.59976
22.55344
22.51062
22.46289
22.46149
22.59555
22.73522
22.91631
23.04756
23.13670
23.17811
23.31076
23.44763
23.58099
23.63012
23.72206
23.85893
23.95368
24.03721
24.07932
24.07792
24.07792
24.07792
24.03580
24.08353
24.03580
24.03580
24.03299
24.03299
24.03580
23.99018
23.98878
23.94526
23.90034
23.89753
23.90034
23.85472
23.86033
23.85753
23.85331
23.80980
23.72487
23.72206
23.67784
23.67363
23.63012
23.58099
23.54098
23.45184
23.40271
23.35989
23.27005
23.22724
23.18092
23.13389
23.00123
22.95631
22.86858
22.78365
22.72891
22.77523
22.73101
22.63977
22.59134
22.59695
22.55484
22.55344
22.50641
22.50641
22.45868
22.46430
22.41868
22.32743
22.28181
22.19127
22.23408
22.14494
22.10213
22.10213
22.10494
22.14916
22.23408
22.37095
22.55203
22.68469
22.87349
23.00404
23.18372
23.36270
23.49185
23.62450
23.67363
23.85753
23.90034
23.99158
23.94245
23.94947
24.04001
24.17126
24.26040
24.21268
24.16565
24.16986
24.16846
24.17407
24.16846
24.07932
23.94245
23.90034
23.89753
23.76558
23.72206
23.59011
23.49606
23.40832
23.22584
23.22443
23.09318
23.05037
22.96263
22.91490
22.82577
22.77523
22.68469
22.59555
22.50641
22.46430
22.37235
22.32884
22.23268
22.32884
22.41517
22.59415
22.77804
22.95491
23.18372
23.22303
23.40552
23.58871
23.72066
23.80839
23.85331
23.94245
24.03721
24.08213
24.08213
24.12354
24.12494
24.16284
24.16846
24.12775
24.08213
24.03721
24.03019
23.99018
23.98667
23.94807
23.85753
23.81120
23.71926
23.62731
23.53957
23.49887
23.40832
23.31638
23.17811
23.13950
23.04265
22.95351
22.86718
22.81734
22.68609
22.68750
22.59836
22.50781
22.50220
22.45868
22.46149
22.37235
22.37516
22.41517
22.32884
22.32603
22.28321
22.23549
22.23408
22.19688
22.19127
22.14775
22.10002
22.14635
22.28321
22.32884
22.51343
22.64608
22.77102
22.77523
22.81875
22.82015
22.77523
22.82436
22.77804
22.77804
22.68890
22.59695
22.55063
22.46149
22.45868
22.37235
22.28181
22.32884
22.28462
22.28321
22.23549
22.22987
22.28321
22.27760
22.27900
22.28321
22.28321
22.37376
22.37235
22.37235
22.41868
22.41376
22.46430
22.46289
22.46711
22.46711
22.46149
22.50781
22.54923
22.59274
22.73522
22.81875
22.91350
22.90789
22.91210
22.91490
22.91490
23.04756
23.08897
23.31778
23.36270
23.53817
23.67363
23.81611
23.98878
24.04493
24.16986
24.26040
24.34673
24.42885
24.48220
24.57414
24.57695
24.66609
24.71101
24.75803
24.79594
24.75382
24.79594
24.75242
24.79734
24.80155
24.71101
24.66328
24.66047
24.62047
24.57134
24.53273
24.53133
24.48500
24.44008
24.38885
24.30392
24.25479
24.21408
24.21127
24.12634
24.04001
23.99299
23.94386
23.89894
23.85753
23.72066
23.67644
23.63292
23.58520
23.53817
23.44763
23.35779
23.36130
23.36691
23.27146
23.18092
23.17670
23.18232
23.09318
23.04475
23.00404
22.95772
22.90789
22.91210
22.86296
22.82015
22.77804
22.78225
22.73663
22.69171
22.64258
22.59555
22.59415
22.54923
22.55344
22.59415
22.55344
22.55484
22.55484
22.59836
22.64749
22.59415
22.63977
22.63977
22.63977
22.77663
22.91350
23.04615
23.18372
23.23145
23.32059
23.40552
23.49465
23.67644
23.67504
23.80559
23.94526
24.08072
24.17126
24.21408
24.30532
24.35375
24.34673
24.34673
24.30392
24.30252
24.30673
24.30813
24.30673
24.26321
24.25900
24.21759
24.16705
24.12775
24.12354
23.99439
23.99580
23.94666
23.89753
23.89753
23.76277
23.68065
23.67784
23.67504
23.58660
23.49325
23.49465
23.44763
23.36411
23.36270
23.22724
23.23145
23.13529
23.14091
23.09037
22.99562
22.95491
22.91210
22.91350
22.86998
22.86718
22.86437
22.82155
22.82015
22.78085
22.77944
22.72891
22.63977
22.59274
22.54782
22.59134
22.51062
22.41868
22.36954
22.32743
22.36954
22.33094
22.28181
22.28743
22.28321
22.28321
22.27900
22.23408
22.32462
22.46851
22.59695
22.73101
22.86577
22.99843
23.17951
23.22584
23.36691
23.49887
23.62871
23.76558
23.81120
23.89753
24.04001
24.12775
24.21619
24.16565
24.17688
24.16705
24.16565
24.12213
24.03299
24.04142
23.99299
24.03580
23.99299
23.94386
23.89613
23.89332
23.85612
23.85753
23.72487
23.72066
23.66732
23.67363
23.58660
23.59011
23.50027
23.45324
23.40131
23.35989
23.31638
23.27356
23.27497
23.22443
23.17811
23.04756
22.99702
22.95491
22.91069
22.86577
22.86296
22.86858
22.86437
22.82155
22.82155
22.82015
22.82155
22.77663
22.73663
22.68750
22.59555
22.64117
22.54782
22.55063
22.50781
22.50360
22.51203
22.46149
22.37235
22.36954
22.37516
22.37235
22.32603
22.28321
22.28462
22.28462
22.28883
22.28462
22.23689
22.23268
22.28041
22.28041
22.28041
22.32322
22.46570
22.68890
22.77663
22.95631
23.13529
23.26725
23.40271
23.44763
23.58520
23.72206
23.89473
23.94947
24.03721
24.12494
24.16846
24.20987
24.12634
24.16565
24.11933
24.12494
24.08213
23.99018
23.94666
23.89613
23.89473
23.89894
23.76277
23.76558
23.67504
23.63714
23.58520
23.45324
23.40411
23.27005
23.23005
23.09037
22.96123
22.95631
22.86577
22.72891
22.68890
22.59695
22.54923
22.46149
22.41868
22.32884
22.28181
22.23127
22.18986
22.14775
22.10915
22.09862
22.05721
22.01510
21.97228
21.97088
21.92034
21.92315
21.87121
21.83261
21.83401
21.88034
21.83261
21.78839
21.78488
21.74628
21.78979
21.74207
21.74487
21.74347
21.74487
21.74066
21.73785
21.74487
21.69855
21.69574
21.74487
21.74628
21.69715
21.74207
21.70206
21.74628
21.73926
21.73926
21.69855
21.74487
21.74347
21.74207
21.69574
21.74207
21.69995
21.69434
21.69855
21.70206
21.69715
21.65433
21.74066
21.74347
21.74487
21.74487
21.73785
21.82840
21.87893
21.96386
22.09862
22.28743
22.50360
22.72891
22.82296
23.00123
23.17811
23.31357
23.45184
23.59011
23.62871
23.72487
23.76277
23.75996
23.81120
23.76558
23.76979
23.62731
23.58239
23.49606
23.45324
23.36130
23.13108
23.04896
22.91350
22.82436
22.68890
22.64608
22.55203
22.50501
22.46149
22.41376
22.37235
22.32884
22.28602
22.23689
22.23549
22.23689
22.19408
22.19408
22.14494
22.09862
22.14354
22.09862
22.10213
22.05721
22.05581
22.09722
22.10634
22.05861
22.05581
22.05300
22.05721
22.05721
22.06142
22.10634
22.05440
22.10213
22.10634
22.06563
22.10353
22.05300
22.14775
22.05721
22.10774
22.05861
22.10494
22.09722
22.14354
22.32462
22.42570
22.72891
23.04896
23.31357
23.49465
23.67363
23.81120
23.95228
24.16846
24.35095
24.48360
24.61275
24.75382
24.84015
25.02756
25.11810
25.11529
25.10968
25.10827
25.06476
25.02334
25.02334
24.89069
24.88788
24.84156
24.79594
24.75382
24.62327
24.62608
24.48781
24.43868
24.43587
24.29760
24.21408
24.12354
23.99018
23.99158
23.80980
23.71926
23.62450
23.49325
23.49746
23.36130
23.31497
23.27005
23.18092
23.17811
23.09037
23.09178
23.18653
23.18092
23.22443
23.14091
23.13950
23.08616
23.04265
22.95631
22.95631
22.86718
22.78085
22.63836
22.63696
22.59976
22.55344
22.46149
22.41517
22.41868
22.41236
22.37516
22.37516
22.32743
22.36674
22.37235
22.32462
22.32603
22.32884
22.37235
22.36954
22.41376
22.45868
22.46149
22.46149
22.50781
22.55063
22.50501
22.47132
22.37235
22.41517
22.41517
22.50781
22.69171
23.00123
23.13389
23.35779
23.58379
23.76558
23.94105
23.99158
24.17267
24.34814
24.52922
24.66328
24.66468
24.80155
24.98123
25.06756
25.15530
25.15881
25.24935
25.20162
25.20443
25.16021
25.16442
25.11529
25.15670
25.15530
25.20724
25.11248
25.10968
25.11108
25.11669
25.06756
24.97281
24.93280
24.89350
24.79734
24.70820
24.66047
24.62327
24.57695
24.44289
24.35235
24.30532
24.12775
24.03299
23.90034
23.80699
23.72066
23.62871
23.49465
23.45465
23.40411
23.31357
23.27005
23.26725
23.13810
23.09318
23.03984
23.00123
22.95491
22.91350
22.82577
22.86998
22.82155
22.77523
22.77102
22.73242
22.77663
22.73663
22.73242
22.73242
22.73382
22.73101
22.72891
22.72750
22.68469
22.69030
22.68609
22.73242
22.68188
22.68750
22.64258
22.69171
22.68328
22.63836
22.64117
22.63977
22.64608
22.64258
22.55344
22.55203
22.50781
22.59134
22.59415
22.68750
22.77804
22.91210
23.04615
23.08897
23.26725
23.40973
23.58379
23.72347
23.76698
23.94526
24.08213
24.21759
24.30532
24.35095
24.43728
24.48500
24.52642
24.48922
24.48922
24.44149
24.43728
24.39306
24.34814
24.34814
24.30392
24.26040
24.21619
24.12213
24.07792
23.98527
23.90666
23.85472
23.71785
23.71926
23.58520
23.54519
23.40131
23.27356
23.22724
23.13810
23.09178
23.00123
22.90929
22.90789
22.81875
22.73522
22.69171
22.68750
22.59695
22.63696
22.55344
22.51062
22.46711
22.46711
22.42008
22.32884
22.32322
22.32884
22.28321
22.23408
22.23970
22.14775
22.14916
22.09862
22.09862
22.05300
22.00667
22.05581
22.05581
22.06142
22.14354
22.23408
22.41727
22.55203
22.59415
22.73382
22.86718
23.09037
23.27356
23.35638
23.54098
23.72206
23.81611
23.94666
23.98667
24.12494
24.16846
24.25900
24.26321
24.26181
24.20987
24.21127
24.12073
24.12494
24.12213
24.08213
24.03580
24.03580
23.99299
24.03159
23.94386
23.89894
23.81120
23.76418
23.72487
23.63012
23.54379
23.45044
23.35779
23.31638
23.27356
23.18372
23.09458
23.09178
22.99843
22.95491
22.95631
22.91350
22.86016
22.81524
22.77383
22.72610
22.69171
22.68750
22.63977
22.64258
22.54782
22.55063
22.50781
22.41868
22.42148
22.32884
22.36954
22.36954
22.46009
22.50922
22.68609
23.00264
23.18653
23.40692
23.53677
23.71926
23.85051
24.03299
24.16846
24.30813
24.44289
24.52782
24.62327
24.66749
24.70539
24.70820
24.61766
24.57274
24.53273
24.44008
24.44289
24.39587
24.30813
24.25900
24.21127
24.12494
23.94386
23.85051
23.72206
23.63012
23.49606
23.40692
23.27497
23.18372
23.13810
23.00123
22.90648
22.81524
22.77804
22.68890
22.59976
22.50922
22.46289
22.41517
22.37095
22.28181
22.28181
22.19127
22.14354
22.14916
22.10213
22.05581
22.10494
22.18986
22.32603
22.54923
22.91069
23.13389
23.35358
23.53817
23.67363
23.80699
23.94666
24.17407
24.30673
24.30392
24.39587
24.48079
24.57274
24.61766
24.57414
24.57134
24.57274
24.52782
24.53133
24.53273
24.48781
24.44500
24.39306
24.35235
24.35095
24.30392
24.21408
24.17126
24.03159
23.94666
23.81120
23.67504
23.53957
23.40832
23.31638
23.09178
23.00264
22.87139
22.81875
22.73101
22.68609
22.59134
22.55203
22.50501
22.46149
22.50641
22.51203
22.42148
22.41868
22.36954
22.36954
22.28321
22.19127
22.10353
22.10213
22.05721
22.01861
21.92596
21.92034
21.96807
22.14354
22.32182
22.50501
22.68890
22.78085
23.00264
23.09458
23.22724
23.40552
23.40552
23.49465
23.62871
23.71083
23.80980
23.89753
23.94105
23.99018
24.03580
23.99018
23.99158
23.89894
23.76277
23.71926
23.62591
23.63152
23.58379
23.54519
23.49325
23.40552
23.26725
23.18092
23.09178
23.00264
22.86998
22.77663
22.77523
22.73101
22.63977
22.60257
22.50501
22.50360
22.45868
22.37095
22.33375
22.28462
22.32603
22.36954
22.46289
22.55765
22.64468
22.77804
22.91069
23.00404
23.13950
23.26725
23.31217
23.40552
23.49746
23.58099
23.67363
23.63152
23.72206
23.71926
23.71926
23.67925
23.58660
23.58520
23.53957
23.45324
23.36270
23.22724
23.09178
22.95070
22.82296
22.72891
22.73242
22.59555
22.45728
22.41727
22.33375
22.28462
22.23970
22.14494
22.01229
21.96667
21.96667
21.92315
21.83401
21.74207
21.69715
21.65152
21.69574
21.74207
21.78488
21.88314
22.01369
22.01229
22.01229
22.05581
22.05581
22.05861
22.05861
22.01229
21.96667
21.92455
21.96386
21.91894
21.92034
21.87753
21.87753
21.83120
21.83120
21.78207
21.73785
21.69574
21.69434
21.74628
21.70487
21.65433
21.69995
21.69013
21.69574
21.65012
21.65433
21.65433
21.69995
21.74207
21.73926
21.69434
21.69293
21.74207
21.74207
21.74768
21.88174
22.10213
22.41236
22.59836
22.81734
23.04615
23.22724
23.40973
23.49465
23.72066
23.85051
24.03019
24.16846
24.21759
24.39587
24.48781
24.61766
24.62047
24.62047
24.61626
24.61626
24.61626
24.57414
24.53414
24.53133
24.48360
24.48500
24.39727
24.34673
24.30532
24.25900
24.25760
24.17126
24.12494
24.08213
24.02738
23.98667
23.89613
23.81120
23.81261
23.76839
23.67644
23.58871
23.53957
23.49185
23.45044
23.40271
23.31217
23.27005
23.26725
23.23145
23.18653
23.09037
23.09458
23.04265
23.04756
23.00123
22.91210
22.86718
22.86718
22.77383
22.72891
22.68328
22.64468
22.64468
22.59695
22.59134
22.59695
22.55344
22.51203
22.46430
22.41517
22.41517
22.36954
22.32603
22.28602
22.28602
22.23689
22.18846
22.19127
22.10213
22.05581
22.15056
22.28041
22.41727
22.59555
22.82015
23.04896
23.22864
23.36130
23.54379
23.76839
23.85331
24.03580
24.12073
24.16705
24.25760
24.30673
24.44149
24.44008
24.49062
24.53273
24.44289
24.39306
24.34814
24.30532
24.21268
24.12634
23.99018
23.90245
23.85472
23.76839
23.62731
23.53817
23.44763
23.40552
23.27356
23.08757
23.00264
22.86998
22.86998
22.73101
22.77383
22.68188
22.59415
22.59415
22.50781
22.51062
22.46570
22.41517
22.37376
22.32462
22.36954
22.32182
22.32182
22.32603
22.32884
22.33235
22.33235
22.28181
22.28321
22.28462
22.28321
22.27760
22.32884
22.28462
22.32462
22.37376
22.36533
22.37516
22.37235
22.37516
22.41376
22.46149
22.46009
22.46430
22.64258
22.95772
23.18092
23.49044
23.58520
23.80418
23.94386
24.12354
24.30673
24.39025
24.57414
24.70961
24.84507
24.97983
25.06476
25.11248
25.16021
25.21004
25.20724
25.15249
25.19881
25.06616
25.02334
24.97842
24.93561
24.88788
24.79594
24.70961
24.57134
24.43728
24.39727
24.17126
23.99158
23.76558
23.58379
23.49185
23.31217
23.17951
23.09178
22.99843
22.96123
22.96263
22.86718
22.82155
22.77242
22.68609
22.69030
22.69171
22.64468
22.55063
22.59695
22.55063
22.50781
22.51062
22.41727
22.41517
22.41376
22.36674
22.32603
22.32603
22.28462
22.33094
22.32743
22.32603
22.32322
22.28181
22.33375
22.32462
22.32743
22.28602
22.33235
22.32322
22.32322
22.32322
22.32462
22.36954
22.37516
22.37516
22.37516
22.32743
22.36954
22.41868
22.36674
22.41517
22.41376
22.40815
22.46009
22.50501
22.50501
22.55063
22.55344
22.60116
22.59555
22.59415
22.63836
22.77383
22.86437
23.08616
23.18092
23.36551
23.54098
23.58871
23.80839
24.07932
24.21127
24.34673
24.34673
24.52782
24.70539
24.85068
24.98264
25.02615
25.11248
25.15530
25.20303
25.15389
25.11529
25.11529
25.07177
25.02334
24.97702
24.92789
24.80155
24.66890
24.48781
24.30252
24.17126
23.98667
23.80839
23.67153
23.58520
23.49746
23.44763
23.36411
23.31638
23.27146
23.22162
23.17811
23.22864
23.17951
23.18232
23.13810
23.08897
23.08757
23.13529
23.08757
23.09037
23.09599
23.09458
23.09599
23.04475
22.99843
23.09178
23.27146
23.45465
23.58520
23.67363
23.81120
23.99018
24.17267
24.34954
24.43868
24.48079
24.57414
24.70961
24.80717
24.92929
24.97842
25.11108
25.16161
25.20583
25.15881
25.16021
25.11108
25.11108
25.11389
25.11389
25.16302
25.11248
25.10968
24.97421
24.79734
24.71382
24.48641
24.17267
23.94666
23.59011
23.44903
23.31638
23.18092
23.09739
22.95772
22.91350
22.86437
22.82015
22.76962
22.77804
22.77944
22.73382
22.73382
22.68328
22.78085
22.73242
22.73522
22.73101
22.73242
22.77102
22.72891
22.73242
22.77944
22.82436
22.91210
22.86718
22.91210
22.95491
23.09178
23.22584
23.22584
23.35779
23.40411
23.54379
23.67504
23.72347
23.85331
23.94386
24.03299
24.12213
24.12775
24.26040
24.39727
24.53133
24.57695
24.61626
24.70961
24.75523
24.80295
24.80015
24.75382
24.75523
24.70048
24.70961
24.62047
24.57695
24.53133
24.48500
24.43728
24.30813
24.21899
24.12775
23.99299
23.94386
23.76558
23.71645
23.67363
23.63994
23.54659
23.40552
23.35989
23.31357
23.27005
23.18232
23.09318
23.00264
23.00264
22.95491
22.91069
22.91069
22.91771
22.86718
22.90789
22.90789
22.95631
22.95631
22.91350
22.86437
22.81734
22.86718
22.82577
22.86296
22.82155
22.81243
22.82155
22.82717
22.77663
22.77523
22.90648
23.13249
23.31357
23.31919
23.45324
23.53817
23.63152
23.76839
23.86033
24.03580
24.12073
24.20846
24.30041
24.39306
24.48500
24.57835
24.52782
24.57134
24.53273
24.48220
24.43868
24.34954
24.34954
24.30532
24.35375
24.30673
24.22040
24.16846
24.16986
24.11933
24.03299
23.90034
23.76839
23.76839
23.67153
23.58660
23.49185
23.40552
23.40552
23.31638
23.22724
23.09318
23.04615
22.95351
22.95351
22.86858
22.81875
22.73382
22.63977
22.54923
22.46149
22.41727
22.32884
22.19408
22.18635
22.05300
22.00948
21.97088
21.88174
21.82840
21.78628
21.74628
21.70206
21.70206
21.65152
21.60520
21.60660
21.60941
21.56239
21.51747
21.51887
21.51887
21.42552
21.37920
21.38341
21.33638
21.34200
21.33778
21.28585
21.33778
21.33778
21.34059
21.29286
21.33919
21.33919
21.47114
21.69995
21.78839
21.97228
22.10634
22.37235
22.59274
22.81875
22.95491
23.04615
23.18372
23.31638
23.49325
23.67504
23.71645
23.85612
23.85472
23.94666
23.94386
23.94666
23.90245
23.90034
23.85191
23.85753
23.81261
23.72066
23.58520
23.49887
23.36551
23.22724
23.09178
22.95351
22.77523
22.63696
22.55344
22.50781
22.41517
22.28041
22.23268
22.10634
22.05581
22.05019
21.96667
21.82840
21.83120
21.79120
21.74066
21.74207
21.69574
21.69715
21.69855
21.70346
21.69574
21.65293
21.60520
21.65012
21.65293
21.61222
21.61503
21.60660
21.56379
21.60941
21.60801
21.56098
21.57221
21.56379
21.60660
21.56239
21.52027
21.51747
21.51606
21.51747
21.51747
21.51466
21.47605
21.51887
21.52448
21.51606
21.46974
21.47605
21.46974
21.56098
21.52308
21.52027
21.51887
21.46974
21.51747
21.51747
21.51606
21.47886
21.47605
21.47605
21.48027
21.47114
21.60520
21.83120
21.96947
22.23408
22.46009
22.59415
22.73242
22.91069
22.91210
23.00545
23.04756
23.09318
23.09037
23.17951
23.27005
23.45324
23.53817
23.54519
23.63152
23.76979
23.85191
23.94386
23.89753
23.94386
23.94666
23.94386
23.99018
23.89894
23.94526
23.89473
23.85191
23.81120
23.76558
23.67504
23.63292
23.49746
23.40552
23.36130
23.26725
23.22443
23.13389
23.04615
22.99983
22.90789
22.82015
22.73242
22.63977
22.64608
22.50501
22.41727
22.28462
22.23268
22.19127
22.14775
22.10634
22.01229
22.01089
22.00948
21.96667
21.96807
21.92736
21.83120
21.82980
21.83120
21.77927
21.78628
21.83682
21.92596
22.10353
22.28321
22.32603
22.36954
22.41236
22.46149
22.37235
22.32743
22.23829
22.23829
22.15056
22.05159
22.00948
21.96667
21.92034
21.92034
21.87612
21.83401
21.83120
21.83542
21.82840
21.83120
21.82980
21.83120
21.87332
21.83120
21.87753
21.83401
21.88034
21.88034
21.87612
21.83401
21.78839
21.69293
21.74628
21.74207
21.96667
22.18986
22.41727
22.68750
22.82296
23.04615
23.22864
23.45044
23.57818
23.72206
23.89753
24.03299
24.16705
24.25760
24.30673
24.39446
24.53133
24.57555
24.57414
24.53273
24.57274
24.57414
24.57414
24.47799
24.52922
24.52501
24.48500
24.48360
24.39165
24.35235
24.34954
24.30673
24.26461
24.16986
24.12775
24.12494
24.02878
23.99299
23.89894
23.81261
23.76839
23.67363
23.53957
23.31357
23.17811
23.13529
22.99843
22.82717
22.77383
22.68469
22.68328
22.59134
22.55484
22.55484
22.51062
22.46149
22.41376
22.36954
22.36954
22.36814
22.32322
22.32884
22.32462
22.32884
22.27900
22.32182
22.23689
22.28602
22.32743
22.28321
22.23268
22.23408
22.23689
22.28321
22.24110
22.23549
22.23408
22.19127
22.23689
22.19408
22.18495
22.19267
22.14775
22.19267
22.19548
22.19127
22.14916
22.10213
22.18846
22.14494
22.14635
22.14916
22.14775
22.14494
22.14354
22.10213
22.10353
22.06142
22.10353
22.10002
22.06002
22.10213
22.05440
22.10213
22.19267
22.23689
22.32603
22.41517
22.63977
22.82015
23.00123
23.18092
23.31919
23.49325
23.67153
23.90034
23.98386
24.17126
24.26181
24.39727
24.48500
24.52501
24.61766
24.61906
24.66328
24.71522
24.71382
24.71101
24.66609
24.66468
24.61134
24.56993
24.52922
24.39587
24.30813
24.21759
24.16986
24.08213
23.98667
23.89753
23.85191
23.76979
23.72487
23.63012
23.49185
23.36270
23.36270
23.23005
23.09037
22.99702
22.86296
22.82155
22.77102
22.68750
22.59836
22.54782
22.50360
22.46289
22.50781
22.41517
22.36674
22.37235
22.32603
22.37376
22.36954
22.33235
22.33094
22.32041
22.36954
22.32603
22.28602
22.28602
22.28041
22.32884
22.28041
22.23689
22.18986
22.23689
22.28321
22.23689
22.23970
22.23549
22.19548
22.23970
22.23829
22.18495
22.18986
22.10634
22.14635
22.10002
22.09862
22.10213
22.06142
22.23408
22.32884
22.45588
22.59695
22.64608
22.82436
23.00545
23.22724
23.49185
23.58520
23.76558
23.94666
24.12213
24.30532
24.34814
24.47377
24.62047
24.79734
24.93561
24.97842
25.06897
25.10827
25.15389
25.11248
25.11248
25.02475
24.98544
24.98264
24.93421
24.93140
24.79874
24.66890
24.48641
24.25760
24.21408
24.03440
23.89473
23.76277
23.58520
23.54238
23.31919
23.18372
23.13670
23.09037
23.13810
23.08757
23.04265
23.04475
23.00264
23.00123
22.99422
22.95631
22.91350
22.91631
22.91490
23.00123
23.18232
23.36270
23.53957
23.71926
23.72206
23.90385
23.99299
24.16846
24.30953
24.25619
24.39306
24.48641
24.52642
24.57414
24.52782
24.52782
24.48220
24.48360
24.34814
24.21759
24.12354
23.94245
23.72206
23.45044
23.26444
23.00545
22.73803
22.50922
22.32884
22.32603
22.09300
21.91894
21.87753
21.73926
21.78488
21.69293
21.65152
21.60941
21.56660
21.61503
21.51887
21.42833
21.38200
21.33638
21.38060
21.42692
21.47114
21.69293
21.88034
21.96807
22.19548
22.41236
22.63415
22.91210
23.04615
23.22864
23.40552
23.53536
23.67153
23.76277
23.81611
23.80839
23.80980
23.72347
23.54519
23.49606
23.31638
23.13670
22.90929
22.68188
22.54923
22.32462
22.14494
22.00808
22.00808
21.96246
21.92034
21.83120
21.74207
21.70206
21.70346
21.65293
21.70346
21.79120
21.87753
21.92175
22.01089
22.09581
22.23408
22.46149
22.50781
22.77523
22.95631
23.18232
23.31497
23.40832
23.58379
23.72206
23.85331
23.89753
23.89753
23.90245
23.81401
23.72066
23.49606
23.49746
23.36130
23.27637
23.13670
23.04615
22.95491
22.82296
22.64117
22.50781
22.37095
22.33235
22.23970
22.14354
22.06002
22.05721
22.05861
22.01089
21.96105
21.92455
21.96807
22.01229
21.97088
21.97088
21.97228
22.10353
22.18846
22.23970
22.36674
22.59695
22.82015
23.09178
23.23005
23.40552
23.63012
23.80839
23.93965
23.98667
24.08213
24.12494
24.12634
24.04001
24.03721
23.90034
23.72206
23.49465
23.35779
23.26865
23.09318
22.95631
22.82015
22.59555
22.50781
22.36954
22.19267
22.19127
22.19548
22.10213
22.06002
22.00808
22.00808
21.96386
21.96105
21.87472
21.78839
21.74207
21.69574
21.69715
21.78488
22.01861
22.23549
22.46149
22.59274
22.77102
22.95491
23.22162
23.44763
23.62871
23.81261
23.95088
23.98667
24.12634
24.21619
24.34673
24.43868
24.39446
24.44008
24.39306
24.30392
24.12775
23.81120
23.45465
23.09318
22.91069
22.54642
22.41096
22.18846
22.06002
22.01229
21.87753
21.87753
21.78839
21.74066
21.65293
21.60660
21.52027
21.43113
21.29427
21.29286
21.38200
21.56098
21.74066
22.05159
22.14073
22.41517
22.73522
22.86998
23.04615
23.08897
23.31217
23.35638
23.53536
23.72206
23.72066
23.76979
23.63292
23.54379
23.40832
23.36411
23.27497
23.13950
23.03984
22.95631
22.86156
22.77523
22.69030
22.54782
22.46149
22.28041
22.19408
22.10353
22.00948
21.92034
21.91754
21.82699
21.79260
21.74207
21.65574
21.65854
21.56660
21.52027
21.46974
21.46693
21.42833
21.38200
21.42552
21.38341
21.38481
21.38481
21.38341
21.42552
21.42692
21.42692
21.42692
21.38621
21.38621
21.42973
21.60520
21.87472
21.91754
22.32322
22.59836
22.77804
23.00685
23.13529
23.27005
23.54379
23.71645
23.90385
24.03580
24.12213
24.21759
24.26181
24.26321
24.30532
24.26321
24.30392
24.34954
24.34673
24.30392
24.26040
24.25760
24.26040
24.25619
24.21408
24.16565
24.17126
24.17828
24.13126
24.08213
24.08072
23.99018
23.94386
23.90385
23.85331
23.76558
23.76418
23.71364
23.67644
23.58379
23.54098
23.50027
23.45044
23.40552
23.35989
23.26584
23.27005
23.27005
23.27356
23.18372
23.18513
23.18372
23.22443
23.36411
23.58379
23.67153
23.85472
23.98667
24.17126
24.30953
24.30673
24.44500
24.62047
24.70680
24.75242
24.66328
24.61766
24.52782
24.39727
24.30953
24.17126
24.03440
23.94386
23.90034
23.85191
23.80559
23.76558
23.67153
23.63152
23.54519
23.50027
23.40973
23.31919
23.27005
23.13529
23.08897
23.00404
22.95351
22.86998
22.86718
22.86998
22.86437
22.81875
22.82436
22.81734
22.86718
22.86718
22.86998
22.91490
22.86156
22.95491
22.95491
22.95351
22.91490
22.91771
23.00404
22.95631
22.95070
22.91069
22.91350
22.91350
22.91210
22.91350
22.86156
22.86296
22.91069
22.86718
22.91350
22.86718
22.91069
23.08616
23.13529
23.27777
23.49746
23.67925
23.76839
23.85472
23.99018
24.17548
24.30392
24.39867
24.44500
24.53133
24.57274
24.57414
24.52642
24.53273
24.53694
24.53273
24.48781
24.44149
24.43868
24.43868
24.39446
24.34814
24.26602
24.26040
24.21759
24.21408
24.16565
24.07932
24.04142
24.03440
23.98667
23.94526
23.90034
23.85472
23.81401
23.76839
23.67363
23.58520
23.49325
23.45324
23.40832
23.36551
23.27146
23.27497
23.22443
23.18092
23.09318
23.04265
22.95772
22.96263
22.95491
22.94930
22.99702
22.95491
22.94930
22.95982
22.95772
22.99702
23.00123
22.95351
22.95491
22.95491
22.95982
22.95772
22.95772
23.00685
23.09178
23.13529
23.31357
23.40271
23.57818
23.72066
23.80980
23.94526
23.99439
24.12634
24.21759
24.26040
24.30532
24.34673
24.34814
24.34673
24.25760
24.26040
24.25619
24.26040
24.30673
24.21408
24.21619
24.12775
24.08072
24.03440
23.90034
23.80699
23.71785
23.58379
23.40271
23.27005
23.13810
23.14231
23.00264
22.95772
22.91210
22.90929
22.86577
22.82015
22.77383
22.77523
22.68890
22.64468
22.64608
22.59695
22.64258
22.64258
22.68890
22.86437
22.99983
23.18232
23.35498
23.45184
23.58099
23.75996
23.85051
23.98667
24.07932
24.16846
24.25760
24.25900
24.26321
24.30673
24.21759
24.21619
24.16846
24.21268
24.17126
24.16846
24.07511
23.94526
23.80839
23.75996
23.58520
23.40411
23.17951
23.00264
22.95982
22.82436
22.73522
22.73242
22.68469
22.64117
22.59415
22.55484
22.59415
22.54782
22.50501
22.50501
22.46009
22.50781
22.46570
22.42148
22.42148
22.41517
22.46289
22.46009
22.45868
22.46149
22.45728
22.46430
22.46149
22.46149
22.42148
22.41868
22.46570
22.41727
22.41376
22.32884
22.33094
22.32743
22.28321
22.19267
22.18846
22.14214
22.18986
22.19688
22.23689
22.37656
22.50781
22.72610
22.95210
23.17951
23.31638
23.49606
23.67153
23.85472
24.03580
24.12775
24.35235
24.39867
24.57835
24.61626
24.66188
24.74961
24.70680
24.80155
24.84507
24.79874
24.88929
24.84156
24.75523
24.66328
24.57274
24.43868
24.30532
24.17548
24.08493
24.03580
23.90385
23.72206
23.62871
23.53957
23.49185
23.45044
23.40552
23.40411
23.35638
23.31778
23.36270
23.27146
23.27637
23.22584
23.27146
23.31919
23.23005
23.22724
23.27637
23.27497
23.26865
23.26865
23.22443
23.22303
23.22584
23.18092
23.13810
23.09178
23.09318
23.05037
23.04896
22.95982
22.95210
22.90929
22.90789
22.86577
22.86998
22.82717
22.73382
22.59415
22.59695
22.55063
22.46289
22.37516
22.32743
22.28321
22.32603
22.46149
22.55203
22.73101
22.81875
23.04615
23.13810
23.27356
23.40832
23.45605
23.54098
23.63152
23.76558
23.76418
23.76839
23.76418
23.72066
23.72487
23.63012
23.66732
23.58099
23.63292
23.58871
23.54659
23.54098
23.44903
23.35498
23.31357
23.27637
23.17811
23.09178
23.00264
22.82436
22.68609
22.54642
22.50781
22.41727
22.28181
22.15056
22.14775
22.19548
22.10002
22.14354
22.09862
22.05581
22.05861
22.10353
22.15056
22.27760
22.41096
22.59274
22.73382
22.86858
23.00123
23.13950
23.13529
23.27005
23.35989
23.40692
23.49185
23.45465
23.45465
23.45465
23.40552
23.40271
23.35638
23.35498
23.36270
23.36270
23.31919
23.18092
23.13810
23.09178
22.99702
22.95351
22.99983
22.91631
22.86718
22.86437
22.76962
22.81875
22.73382
22.69171
22.64608
22.59695
22.63836
22.64258
22.68750
22.64258
22.64608
22.63836
22.68469
22.64258
22.59415
22.60116
22.55203
22.50360
22.46149
22.41376
22.37797
22.41727
22.37095
22.32603
22.32603
22.28181
22.32603
22.32884
22.28602
22.23689
22.23408
22.28041
22.28321
22.28883
22.28743
22.32884
22.32603
22.36954
22.37235
22.37376
22.41868
22.46430
22.46570
22.50781
22.50220
22.50360
22.59976
22.64749
22.73382
22.81875
22.86296
22.91210
22.91350
22.86296
22.86858
22.86577
23.08897
23.13249
23.35779
23.49465
23.67644
23.72487
23.81401
23.94666
24.07511
24.21759
24.25760
24.30953
24.39306
24.48781
24.57274
24.57134
24.57274
24.66609
24.71241
24.70961
24.66047
24.70539
24.71101
24.70961
24.66609
24.62327
24.61906
24.57274
24.53133
24.49062
24.39587
24.38885
24.30041
24.30252
24.21127
24.12775
24.12775
24.03019
23.94666
23.90385
23.72487
23.71926
23.67153
23.58379
23.54098
23.36551
23.31638
23.27356
23.17670
23.18092
23.04756
22.99983
22.95772
22.91631
22.86437
22.82015
22.82155
22.77242
22.77383
22.63977
22.68890
22.54923
22.55344
22.46009
22.41517
22.41727
22.37235
22.28602
22.28743
22.23829
22.28602
22.28041
22.23268
22.23970
22.19267
22.18846
22.23970
22.19969
22.28321
22.37516
22.55063
22.68609
22.77523
22.91631
23.04756
23.13249
23.31357
23.36270
23.54238
23.63573
23.76558
23.90385
23.99158
24.07651
24.16846
24.12634
24.12634
24.16986
24.22040
24.20846
24.20846
24.21268
24.21408
24.17126
24.16986
24.12213
24.03019
24.08213
24.03019
24.03861
23.94947
23.90034
23.89613
23.85472
23.76277
23.63292
23.58660
23.50027
23.44763
23.40271
23.27005
23.18092
23.09458
23.09318
23.00123
22.95772
22.86437
22.81524
22.81875
22.77383
22.77663
22.69030
22.64258
22.64258
22.59415
22.63977
22.63977
22.59976
22.59695
22.55063
22.59695
22.55344
22.51062
22.50922
22.46289
22.45728
22.46149
22.41868
22.41868
22.46009
22.59695
22.73242
22.91210
23.00545
23.13249
23.31357
23.45465
23.58660
23.67012
23.80699
23.94105
24.12775
24.25900
24.30953
24.39306
24.39446
24.39165
24.34814
24.34954
24.34673
24.30673
24.30392
24.34814
24.35375
24.34533
24.30392
24.25760
24.26321
24.26321
24.30532
24.21268
24.16144
24.12494
24.12915
24.08213
23.94666
23.85191
23.80559
23.81120
23.72206
23.58871
23.53536
23.45044
23.44903
23.36832
23.27497
23.18653
23.13810
23.08616
23.04265
22.95210
22.86718
22.73522
22.72891
22.64117
22.64117
22.54642
22.46149
22.46570
22.37095
22.37095
22.28041
22.19267
22.15337
22.10353
22.05861
22.01089
21.96526
21.87472
21.83682
21.82840
21.83682
21.78839
21.73926
21.78207
21.74066
21.74207
21.69574
21.69855
21.69855
21.69715
21.70206
21.74207
21.69434
21.65293
21.65433
21.79120
21.83401
22.01861
22.19408
22.40815
22.55344
22.72891
22.86718
22.95982
23.13810
23.31076
23.49746
23.58239
23.67363
23.76558
23.94947
24.12213
24.25198
24.30532
24.53133
24.84507
25.38551
25.69364
25.78909
25.79190
25.69645
25.69925
25.73856
25.74698
25.83472
25.83191
25.65363
25.42482
24.93280
24.75803
24.34954
23.98878
23.71926
23.49185
23.41113
23.31919
23.22584
23.13810
23.09318
23.00825
22.91069
22.81875
22.77663
22.73242
22.77242
22.72610
22.64258
22.51343
22.55344
22.55063
22.41868
22.23970
22.19408
22.10494
22.09862
22.10494
22.05861
22.05861
22.05440
22.10213
22.10002
22.10494
22.06002
22.10002
22.10002
22.14775
22.14916
22.14214
22.14214
22.19408
22.19127
22.23408
22.23408
22.23268
22.28602
22.23689
22.19688
22.19127
22.14214
22.14635
22.14354
22.10353
22.06002
22.00948
22.06002
22.06002
22.00808
21.96105
21.91754
21.97088
21.87753
21.87332
21.87472
21.83261
21.87753
21.88034
21.88034
21.83261
21.83120
21.87893
21.78628
21.78348
21.78979
21.78979
21.83261
21.74487
21.74207
21.74207
21.73364
21.69574
21.69995
21.69995
21.73926
21.69855
21.73926
21.73926
21.69855
21.74487
21.70206
21.70206
21.74487
21.69574
21.73785
21.69715
21.73926
21.74066
21.74487
21.69715
21.60941
21.61081
21.56239
21.38200
21.51606
21.56660
21.73926
21.83120
21.96386
22.14214
22.36954
22.59415
22.73522
22.91631
23.13529
23.26725
23.36130
23.44482
23.53957
23.63292
23.72487
23.67363
23.67363
23.72206
23.72347
23.72206
23.67504
23.67644
23.62591
23.58099
23.49746
23.45465
23.40271
23.31497
23.26865
23.17811
23.08897
23.00404
22.95982
22.91490
22.77804
22.76962
22.69171
22.68750
22.64117
22.55344
22.54642
22.55344
22.55063
22.50781
22.50922
22.50781
22.50501
22.46009
22.46430
22.46430
22.46009
22.45868
22.46009
22.41868
22.37235
22.41096
22.36814
22.41517
22.33094
22.32884
22.37235
22.37235
22.32462
22.33375
22.32603
22.32743
22.32743
22.37235
22.37656
22.37235
22.41517
22.36814
22.37376
22.37235
22.37235
22.42148
22.40253
22.36954
22.37376
22.37516
22.42148
22.41727
22.37095
22.37516
22.42008
22.41517
22.46149
22.45868
22.55063
22.68609
22.77523
22.86156
23.03984
23.14231
23.36130
23.49465
23.67363
23.86033
23.94526
24.07932
24.21127
24.30252
24.44149
24.48500
24.53414
24.53554
24.52782
24.57274
24.53133
24.53133
24.43728
24.39587
24.34673
24.34954
24.30953
24.21268
24.16425
24.08213
24.07651
23.99299
23.90034
23.85472
23.80839
23.80839
23.72347
23.63152
23.54379
23.44903
23.40271
23.32059
23.22724
23.13389
23.04615
23.04615
22.95772
22.95772
22.91069
22.86437
22.82155
22.77523
22.78085
22.73803
22.73101
22.72750
22.72469
22.73382
22.73522
22.68469
22.68048
22.64468
22.68890
22.69171
22.64608
22.63836
22.59134
22.59555
22.60116
22.59415
22.54923
22.55203
22.60257
22.55203
22.54923
22.54923
22.55063
22.63977
22.60116
22.59134
22.59836
22.59695
22.64117
22.64258
22.68750
22.63696
22.64468
22.64468
22.68469
22.68328
22.68609
22.63977
22.68890
22.68750
22.68469
22.64117
22.73522
22.73522
22.82015
22.99983
23.08757
23.09178
23.09037
23.18232
23.35779
23.53536
23.63292
23.76418
23.99018
24.12213
24.30392
24.35235
24.48781
24.62047
24.75102
24.84788
24.93982
24.93421
24.97562
24.97983
24.97983
24.97842
24.88648
24.84296
24.80295
24.75102
24.70399
24.57134
24.44289
24.30673
24.16986
24.12775
23.99018
23.89753
23.76839
23.63152
23.63012
23.49325
23.44623
23.35638
23.35989
23.31919
23.22864
23.22724
23.17951
23.13249
23.09178
23.09458
23.05037
22.95772
22.99983
23.00123
22.95631
22.95772
22.95631
22.91490
22.91069
22.91069
22.90929
22.95631
22.95982
22.95772
22.95631
22.95070
22.95491
22.95631
22.91350
23.00404
22.99983
23.00264
22.95631
22.95772
22.96404
23.00685
23.00404
22.95070
23.00264
22.95772
22.96263
22.95491
22.95351
22.95351
22.95210
22.99983
22.99983
22.99843
22.99702
23.00123
23.00123
22.95631
22.99702
22.99702
23.00264
23.00545
22.95982
22.95982
22.95210
23.04756
22.95491
23.00545
23.00404
23.00123
22.95210
22.99843
22.99983
23.00123
23.09318
23.18232
23.22864
23.44903
23.67784
23.94526
24.16846
24.30041
24.52642
24.75803
24.93701
25.06756
25.15881
25.33568
25.51957
25.60731
25.65503
25.74558
25.78418
25.82910
25.78769
25.78558
25.74277
25.74558
25.69645
25.65082
25.51676
25.47044
25.38411
25.24795
25.16583
24.93280
24.88788
24.70539
24.52782
24.39446
24.26321
24.26040
24.16565
24.03019
23.94105
23.81752
23.80559
23.72206
23.62731
23.57958
23.44482
23.40411
23.35779
23.27356
23.22864
23.13950
23.09458
23.08757
23.04124
23.04615
22.95772
22.90929
22.91490
22.91210
22.86156
22.95351
22.91069
22.91210
22.90929
22.86718
22.90789
22.90929
22.91069
22.86858
22.82015
22.90789
22.90789
22.86437
22.90929
22.82296
22.86718
22.86858
22.86156
22.86156
22.86437
22.91631
22.86858
22.91350
22.86577
22.86156
22.91350
22.91350
22.91210
22.86437
22.91350
22.91069
22.91350
22.86437
22.86858
22.86998
22.90929
22.90789
22.86437
22.86437
22.86858
22.91631
22.91210
22.91210
22.86156
22.86156
22.95351
22.91069
22.91631
22.91490
22.91069
22.95772
22.95631
22.90508
22.91631
22.82857
22.82577
22.86437
22.99983
23.13529
23.31076
23.40271
23.58520
23.67644
23.90666
24.12494
24.30041
24.44008
24.52782
24.70820
24.84788
24.98264
25.11248
25.11248
25.25075
25.37849
25.33708
25.33849
25.38902
25.33989
25.33849
25.25075
25.24795
25.24935
25.20864
25.16021
25.06897
24.98123
24.97842
24.88648
24.75382
24.57414
24.44149
24.30813
24.16986
24.03299
23.84910
23.71926
23.58660
23.59151
23.49746
23.31497
23.26725
23.18232
23.22584
23.13389
23.04615
23.00404
22.95631
22.90789
22.90929
22.91490
22.91350
22.86998
22.81734
22.86437
22.82436
22.82015
22.82296
22.81875
22.77523
22.82015
22.82577
22.82296
22.81875
22.77383
22.81875
22.82155
22.82296
22.82155
22.81734
22.82155
22.86718
22.82155
22.77523
22.77663
22.96263
23.09178
23.22443
23.35989
23.49606
23.63012
23.81261
23.94666
24.07792
24.21759
24.34814
24.48220
24.62047
24.71101
24.79874
24.84156
24.97842
25.07388
25.06335
25.10968
25.11810
25.11389
25.15670
25.11108
25.07037
25.02615
24.93140
24.79313
24.75523
24.75523
24.66609
24.57414
24.48641
24.34954
24.30673
24.12634
23.94386
23.85331
23.72487
23.72206
23.58099
23.53677
23.45465
23.36411
23.31357
23.21882
23.17951
23.14091
23.08757
23.10231
22.99983
23.00264
22.95772
22.91490
22.91210
22.91350
22.90789
22.86437
22.82015
22.82015
22.86577
22.82155
22.82155
22.77804
22.82717
22.81875
22.77523
22.77663
22.78225
22.68469
22.73382
22.68328
22.68328
22.68890
22.59976
22.68750
22.63836
22.64258
22.59976
22.59836
22.63977
22.64117
22.59695
22.60116
22.55063
22.64258
22.63977
22.59976
22.59976
22.59415
22.63836
22.64117
22.77944
22.86718
22.90929
23.09178
23.26725
23.40552
23.58871
23.77119
23.81120
23.99158
24.16986
24.39025
24.52782
24.57695
24.71241
24.80155
24.93140
25.02615
25.02194
25.02475
25.11248
25.11248
25.06616
25.02334
24.98404
24.89209
24.84156
24.74821
24.66609
24.62327
24.53414
24.44149
24.35235
24.25760
24.21759
24.08213
23.98667
23.85191
23.81120
23.67644
23.62871
23.54519
23.49325
23.44763
23.44903
23.35779
23.31778
23.27637
23.22584
23.13249
23.09037
23.09037
23.04475
23.00123
22.95631
22.86718
22.86577
22.82155
22.77663
22.77383
22.72891
22.69030
22.68750
22.68890
22.68469
22.63836
22.59415
22.54642
22.59555
22.59695
22.55484
22.50501
22.51062
22.50781
22.50501
22.46289
22.41868
22.37797
22.41868
22.37516
22.36954
22.36954
22.28181
22.32603
22.28181
22.33094
22.28743
22.28041
22.32743
22.28321
22.28041
22.27760
22.23689
22.37095
22.46149
22.59976
22.77523
22.96123
23.13529
23.22162
23.45044
23.59011
23.81120
23.90034
23.99018
24.16846
24.20846
24.39165
24.43868
24.43868
24.52220
24.61766
24.62187
24.62047
24.61766
24.57555
24.57414
24.53273
24.48500
24.48781
24.44008
24.43868
24.39587
24.31094
24.30673
24.26040
24.17126
24.12354
24.08072
23.98246
23.89473
23.81120
23.80980
23.71645
23.62731
23.54238
23.45746
23.40973
23.31497
23.27637
23.18232
23.04615
22.96263
23.00404
22.95772
22.90508
22.91210
22.82015
22.86577
22.82296
22.82296
22.77804
22.72750
22.68188
22.63977
22.68469
22.59555
22.50501
22.55203
22.50781
22.50781
22.46149
22.40815
22.46009
22.45868
22.55484
22.59976
22.68469
22.77523
22.86718
22.95631
23.00264
23.00123
23.00123
22.99702
22.95491
22.95631
22.91490
22.91490
22.82155
22.77383
22.77523
22.68890
22.73663
22.64608
22.59695
22.59555
22.54923
22.55063
22.55203
22.59836
22.55344
22.50781
22.55344
22.50360
22.55063
22.54923
22.60257
22.59695
22.63977
22.64117
22.64468
22.64608
22.73101
22.68890
22.64117
22.64117
22.59695
22.64258
22.64889
22.73382
22.82155
22.94930
23.13249
23.22443
23.27356
23.40552
23.54098
23.63292
23.76839
23.94386
23.94245
24.12213
24.12494
24.25760
24.34954
24.34954
24.44149
24.39165
24.43587
24.43166
24.39446
24.39587
24.30673
24.26040
24.25619
24.30252
24.25760
24.21619
24.17267
24.16846
24.12213
24.12213
24.03440
23.99299
23.99299
23.94105
23.94386
23.86314
23.81120
23.80699
23.76839
23.76558
23.62871
23.62731
23.58520
23.58660
23.54379
23.40552
23.40552
23.36270
23.31357
23.31357
23.22303
23.17811
23.18232
23.13670
23.13810
23.05317
23.00264
22.90929
22.90789
22.91069
22.95631
22.91069
22.91350
22.86858
22.90929
22.86437
22.86577
22.82155
22.86718
22.82436
22.91210
22.95210
23.04615
23.04475
23.18092
23.17811
23.31919
23.36551
23.49746
23.49325
23.54379
23.67925
23.72487
23.76558
23.81401
23.76418
23.80980
23.80839
23.76558
23.80699
23.76418
23.71645
23.71926
23.67644
23.63012
23.54238
23.53817
23.45184
23.45465
23.40832
23.36972
23.27005
23.27005
23.22303
23.17811
23.09037
23.08616
23.05037
22.99983
22.95772
22.95772
22.90789
22.90929
22.82296
22.77804
22.77242
22.69030
22.59415
22.54782
22.55063
22.55203
22.50641
22.59134
22.59976
22.64468
22.77663
22.86437
22.90789
22.99983
23.04615
23.04896
23.09318
23.22724
23.36130
23.35989
23.45044
23.49746
23.53957
23.63292
23.67644
23.63292
23.67644
23.63433
23.63573
23.63714
23.58871
23.53817
23.54238
23.45465
23.44482
23.40271
23.36130
23.35989
23.31357
23.31919
23.27146
23.23145
23.22864
23.13529
23.13389
23.08616
23.04756
23.05177
22.99843
22.95631
23.00545
22.91631
22.90648
22.81734
22.82015
22.82155
22.76962
22.77804
22.77804
22.82155
22.91350
23.05177
23.18092
23.31357
23.44903
23.44903
23.62731
23.80839
23.94245
24.07792
24.12354
24.26181
24.39306
24.52782
24.70680
24.70961
24.79874
24.83875
24.88507
24.79874
24.74961
24.66047
24.52782
24.44149
24.35095
24.21759
24.17126
24.08213
23.94807
23.90245
23.85612
23.76698
23.72487
23.58660
23.50027
23.40832
23.27146
23.18232
23.09178
23.00404
22.91069
22.86718
22.77944
22.77523
22.77242
22.82155
22.91210
23.09037
23.26725
23.45324
23.45465
23.62731
23.71645
23.80980
23.94245
24.07792
24.11933
24.25338
24.34954
24.48781
24.48079
24.48360
24.52922
24.53133
24.48360
24.43868
24.34814
24.30532
24.21268
24.12494
24.03440
23.99018
23.90034
23.81120
23.58660
23.35989
23.22724
23.00545
22.82296
22.64258
22.55344
22.50781
22.46289
22.50220
22.59695
22.82296
22.86577
23.00545
23.18232
23.31778
23.40411
23.40832
23.59011
23.67925
23.76839
23.81120
23.81120
23.80980
23.76418
23.71364
23.54098
23.49465
23.35989
23.18092
23.05177
22.82155
22.68609
22.55484
22.36814
22.23689
22.18846
22.14635
22.10213
22.14354
22.18986
22.32743
22.41868
22.55203
22.68750
22.82155
23.04615
23.13529
23.26584
23.35989
23.49465
23.58871
23.58239
23.63012
23.63012
23.63152
23.49465
23.40692
23.36270
23.23005
23.05037
22.86718
22.77663
22.68328
22.55063
22.45868
22.32182
22.23689
22.19267
22.10213
22.01089
21.92596
21.83822
21.83542
21.74628
21.70206
21.69855
21.69855
21.70487
21.87472
22.05861
22.32603
22.50781
22.64117
22.77523
22.90648
23.13529
23.27005
23.31497
23.49185
23.67504
23.71926
23.80839
23.85472
23.90245
23.90034
23.81261
23.76839
23.72206
23.63292
23.54659
23.45465
23.40411
23.36551
23.31497
23.22724
23.05037
22.91631
22.87139
22.68328
22.59555
22.50501
22.40955
22.36954
22.23408
22.23689
22.19127
22.14916
22.10353
22.10213
22.10634
22.10002
22.06002
22.00948
22.00667
21.92034
21.92034
21.87893
21.82840
21.79120
21.83261
21.92596
22.01089
22.15056
22.23689
22.46430
22.64117
22.77804
22.95631
22.99983
23.17811
23.26584
23.40271
23.53536
23.62871
23.76418
23.80839
23.80839
23.85472
23.85472
23.80839
23.76558
23.72206
23.63152
23.58379
23.54519
23.40832
23.31919
23.13810
23.09037
22.95491
22.81875
22.68469
22.59695
22.50501
22.41868
22.32743
22.28602
22.19267
22.18846
22.14354
22.18986
22.18846
22.23408
22.23689
22.33235
22.55624
22.64258
22.86858
22.91631
23.04615
23.13389
23.26444
23.44903
23.49465
23.58379
23.62731
23.71926
23.71785
23.71785
23.67153
23.53677
23.35989
23.22724
23.13670
22.95491
22.91350
22.77944
22.59415
22.54782
22.41517
22.28181
22.14494
22.01089
21.92315
21.92455
21.88174
21.79120
21.78839
21.74066
21.74207
21.83401
21.96947
22.19408
22.33235
22.42148
22.59836
22.81524
22.95491
23.08757
23.13108
23.22443
23.36270
23.50027
23.59011
23.63152
23.63292
23.67644
23.62591
23.53957
23.53817
23.35638
23.26865
23.18092
23.04265
22.99983
22.86998
22.73382
22.64749
22.54923
22.46289
22.41517
22.27900
22.18846
22.09862
22.10002
22.05581
22.01369
22.01229
22.10494
22.10774
22.28321
22.41517
22.55203
22.68188
22.82155
22.95491
23.09318
23.22864
23.36832
23.41113
23.45184
23.58520
23.67644
23.62871
23.62871
23.49325
23.40411
23.26865
23.13950
23.00123
22.86156
22.73101
22.55063
22.41868
22.28743
22.28041
22.18986
22.14214
22.05159
22.00667
22.00948
22.00808
21.92034
21.83261
21.74207
21.74487
21.79260
21.92455
22.01369
22.19267
22.32322
22.45868
22.63696
22.81734
22.95491
23.04615
23.22724
23.36691
23.45605
23.54519
23.59011
23.58379
23.72347
23.76558
23.80839
23.72487
23.72066
23.63152
23.57818
23.44903
23.35638
23.27005
23.13810
23.09037
23.00123
22.95982
22.86718
22.73242
22.64258
22.55344
22.54782
22.41096
22.32603
22.28321
22.23829
22.23970
22.19408
22.19408
22.18846
22.32462
22.36954
22.50360
22.63977
22.78085
22.86998
23.00685
23.09178
23.22864
23.32059
23.45184
23.45044
23.54098
23.58379
23.67644
23.63292
23.58239
23.53817
23.44903
23.31357
23.17670
23.00264
22.95772
22.77523
22.59695
22.46149
22.41727
22.28602
22.23689
22.23689
22.23689
22.32462
22.32603
22.41376
22.59836
22.68750
22.91350
22.95631
23.09458
23.22724
23.36270
23.45044
23.49465
23.62871
23.67504
23.76277
23.72066
23.72066
23.62871
23.58099
23.45184
23.27005
23.18513
23.04615
22.86718
22.73382
22.64117
22.55484
22.41868
22.28602
22.18846
22.10002
22.05300
21.96667
21.91894
21.82840
21.83120
21.87753
21.96386
22.10494
22.32743
22.55063
22.68328
22.82155
23.04475
23.17811
23.27356
23.36551
23.49746
23.63292
23.77119
23.81120
23.85472
23.94386
24.03580
23.99439
23.85331
23.81120
23.72627
23.58871
23.49746
23.32059
23.18092
23.09458
23.00685
22.82296
22.77383
22.64258
22.54782
22.46289
22.37235
22.41868
22.32884
22.28321
22.28181
22.18635
22.14635
22.19408
22.23829
22.37235
22.50641
22.72610
22.86437
22.90648
23.04265
23.18372
23.32199
23.45324
23.49465
23.62731
23.67012
23.76277
23.76418
23.80980
23.67504
23.63152
23.45324
23.22864
23.13670
22.95772
22.73242
22.59976
22.45868
22.32322
22.23689
22.14494
22.14916
22.10213
22.06142
22.05721
22.14775
22.32603
22.46289
22.50641
22.68890
22.86858
23.09458
23.23005
23.27777
23.45324
23.58379
23.62871
23.76839
23.81261
23.85331
23.94666
23.85472
23.81401
23.67363
23.62310
23.48904
23.26865
23.13529
22.95491
22.91350
22.73382
22.64258
22.46289
22.37797
22.29023
22.19127
22.14494
22.05861
21.96947
21.96386
21.96246
22.10213
22.28181
22.51062
22.59976
22.78085
23.00404
23.18372
23.36270
23.45184
23.54379
23.67644
23.76277
23.89894
23.94245
24.07932
24.07511
24.12354
24.08353
24.08072
23.99018
23.86174
23.81261
23.71645
23.63012
23.53536
23.40131
23.22443
23.09037
23.04896
22.90508
22.86437
22.73382
22.68890
22.59695
22.59976
22.55203
22.50781
22.41727
22.37376
22.32743
22.28041
22.28181
22.36954
22.37235
22.54782
22.73101
22.86998
23.04896
23.13529
23.27356
23.40411
23.53817
23.67504
23.76558
23.80559
23.85051
23.85051
23.90034
23.85191
23.80699
23.72347
23.72206
23.63292
23.59151
23.54379
23.40692
23.31357
23.22584
23.18092
23.13529
23.00404
22.95210
22.82296
22.73101
22.68609
22.55063
22.50501
22.41376
22.28883
22.28041
22.28462
22.32603
22.41376
22.54782
22.64468
22.86858
23.04265
23.17530
23.36130
23.40411
23.49465
23.62450
23.76839
23.85191
23.85051
23.89753
23.89894
23.85472
23.85472
23.76277
23.62310
23.49465
23.40131
23.26865
23.17951
22.99983
22.86577
22.68328
22.54782
22.46289
22.41727
22.28321
22.14775
22.05581
21.97088
21.96807
21.88034
21.83401
21.83682
21.88174
22.01089
22.15337
22.28602
22.37376
22.50781
22.64117
22.73101
22.86577
23.04615
23.18513
23.22303
23.35358
23.45324
23.49465
23.53677
23.53817
23.54238
23.44763
23.35989
23.22443
23.13810
22.99843
22.81875
22.59836
22.41868
22.41868
22.23689
22.14916
22.05861
22.05300
22.14354
22.19408
22.33375
22.41517
22.59415
22.73242
22.90789
23.04896
23.13529
23.31497
23.27146
23.40552
23.49044
23.58099
23.58660
23.53817
23.49325
23.40131
23.31357
23.22724
23.09178
22.95631
22.86296
22.73101
22.63977
22.63836
22.54642
22.46009
22.36954
22.23268
22.23689
22.14214
22.05861
21.96947
21.91613
21.87753
21.87472
21.88034
21.97228
22.10634
22.32743
22.37235
22.55484
22.73101
22.90929
23.09037
23.12898
23.31497
23.45324
23.58239
23.72066
23.75996
23.94105
24.08072
24.21408
24.30392
24.30673
24.35375
24.30392
24.21619
24.04142
23.94807
23.76558
23.62731
23.40552
23.13810
23.08897
22.86577
22.63836
22.46009
22.37235
22.28181
22.14916
22.06282
21.96947
21.91754
21.87753
21.82840
21.78979
21.78979
21.83542
21.83261
21.96807
22.19127
22.36954
22.64117
22.77383
22.95982
23.09318
23.27497
23.40832
23.54098
23.62731
23.81120
23.90385
23.94386
23.98667
24.03159
24.03580
24.03580
23.90034
23.81120
23.63012
23.40832
23.23005
22.87139
22.72891
22.50501
22.32743
22.14214
22.05159
21.96386
21.87753
21.83261
21.74207
21.74347
21.65714
21.60941
21.65574
21.79120
22.10213
22.32603
22.41236
22.59695
22.77663
22.99843
23.22724
23.27497
23.45465
23.67644
23.72066
23.90245
23.90034
24.02878
24.07792
24.03440
23.94386
23.89753
23.81120
23.62871
23.27356
23.04896
22.90929
22.59695
22.37095
22.19408
22.05861
22.01369
21.88034
21.79120
21.74628
21.74347
21.78839
21.92315
22.09862
22.37235
22.59415
22.64468
22.81875
23.04756
23.18232
23.36411
23.45465
23.58660
23.72066
23.81120
23.90034
23.94245
24.03159
23.98527
23.89192
23.80980
23.71926
23.62731
23.45324
23.27356
23.09178
22.95772
22.77804
22.59836
22.46289
22.32322
22.18986
22.14494
22.00948
21.96526
21.87332
21.83542
21.78628
21.92034
22.18846
22.50641
22.73242
22.91631
23.09458
23.22724
23.45184
23.62731
23.71645
23.85472
23.90034
24.08072
24.21408
24.30813
24.39727
24.48781
24.57414
24.62047
24.66047
24.57134
24.48220
24.34954
24.25900
24.26040
24.11792
23.94666
23.76698
23.63292
23.58871
23.44903
23.27146
23.09458
22.95631
22.91490
22.82155
22.77804
22.64749
22.51062
22.46430
22.37516
22.28181
22.24110
22.32603
22.37235
22.59415
22.91350
23.13810
23.36411
23.40411
23.63152
23.75996
23.90034
24.07792
24.16986
24.30532
24.39727
24.44149
24.48922
24.48781
24.44921
24.39587
24.39587
24.30532
24.26040
24.25760
24.07792
23.99018
23.80839
23.63152
23.53817
23.27356
23.04896
22.81875
22.63977
22.50781
22.46289
22.37376
22.27760
22.23689
22.18986
22.23549
22.23970
22.36814
22.55063
22.73242
22.95631
23.13810
23.36130
23.44903
23.58660
23.72487
23.81261
23.99018
24.12494
24.17407
24.21268
24.30392
24.30673
24.26040
24.25760
24.12494
24.03299
23.89613
23.76277
23.63152
23.36130
23.13249
22.86437
22.64258
22.50220
22.37095
22.14494
22.01089
21.92175
21.82980
21.74066
21.65012
21.60941
21.56379
21.65293
21.87612
22.05019
22.32322
22.50641
22.64258
22.86016
23.04615
23.27005
23.45044
23.54238
23.67784
23.81120
23.94386
24.03580
24.08493
24.08213
24.03580
23.94666
23.80980
23.58660
23.36551
23.09599
22.77804
22.46430
22.23970
22.10002
21.96526
21.78839
21.69434
21.56519
21.60239
21.47746
21.47465
21.69855
21.92315
22.06002
22.28321
22.51062
22.69171
22.96123
23.05177
23.22443
23.40832
23.58660
23.71926
23.71926
23.80278
23.94386
23.98667
24.03159
23.99018
23.94245
23.76418
23.58379
23.31357
23.13249
22.81875
22.50781
22.23549
22.10002
22.06002
21.92034
21.78839
21.69715
21.61081
21.61222
21.56800
21.65714
21.87753
22.10634
22.23689
22.46570
22.59836
22.72891
22.91069
23.08195
23.27146
23.40552
23.49465
23.71785
23.67012
23.85331
23.80559
23.80699
23.67012
23.53957
23.40973
23.17811
22.95982
22.59695
22.32743
22.28462
22.10353
21.96947
21.82840
21.73926
21.65012
21.65012
21.60660
21.78628
22.05159
22.19408
22.46430
22.64258
22.86718
23.13810
23.27005
23.44903
23.67504
23.80839
23.85191
23.94666
23.99439
24.03580
23.94105
23.76698
23.72206
23.49465
23.22724
22.91771
22.68750
22.55203
22.32603
22.10002
21.96526
21.91754
21.87753
21.83120
21.82840
22.00808
22.32743
22.41517
22.68048
22.90929
23.08616
23.27005
23.31357
23.53817
23.67153
23.80559
23.85191
23.94526
23.89894
23.85191
23.76137
23.53817
23.49465
23.27005
22.95631
22.69030
22.46289
22.41376
22.23549
22.10213
22.10213
22.36954
22.46009
22.73242
22.99983
23.18513
23.31497
23.49465
23.58520
23.76277
23.89894
23.98878
24.03440
24.12073
24.08072
23.98527
23.85191
23.67363
23.53817
23.35989
23.04615
22.72891
22.50781
22.41727
22.23689
22.14354
22.24250
22.32884
22.50641
22.77804
23.04756
23.18232
23.40832
23.49606
23.67504
23.80699
23.94807
24.07651
24.12494
24.21408
24.30673
24.21408
24.16986
24.08493
23.99018
23.81401
23.58660
23.40832
23.23005
23.05037
22.77523
22.64468
22.51203
22.46149
22.32743
22.19408
22.09862
22.00948
21.97088
21.87612
21.78207
21.83120
21.83261
21.83120
22.05581
22.41868
22.77804
23.00685
23.04756
23.27146
23.40832
23.58660
23.71504
23.85331
24.03580
24.21127
24.30392
24.39867
24.48781
24.53133
24.53133
24.48360
24.34954
24.21127
24.21268
24.03299
23.89894
23.72066
23.58520
23.54238
23.36130
23.13670
22.95982
22.77944
22.64468
22.50360
22.46430
22.27900
22.23689
22.23689
22.19688
22.23689
22.28041
22.45868
22.59836
22.86858
23.18372
23.36270
23.54238
23.63012
23.85051
23.94245
24.12494
24.26321
24.30673
24.39446
24.34673
24.30252
24.21127
24.12775
23.99299
23.81261
23.58520
23.44903
23.35358
23.17951
23.00123
22.91490
22.73242
22.68609
22.50360
22.42148
22.28041
22.14214
22.05300
21.96947
21.92175
21.87893
21.78488
21.74768
21.69855
21.79120
22.01229
22.36954
22.45868
22.73522
22.91350
23.09318
23.31638
23.40692
23.62731
23.85331
24.03019
24.16705
24.30252
24.39727
24.43728
24.53414
24.53414
24.48641
24.43587
24.30392
24.17126
23.99299
23.81120
23.72066
23.49044
23.31076
23.17951
23.00685
22.91490
22.82717
22.64258
22.50781
22.41517
22.32603
22.33235
22.23829
22.19127
22.14775
22.14775
22.14214
22.05300
21.96667
21.92315
21.87121
21.78628
21.78628
21.74347
21.79260
21.87472
22.14494
22.46149
22.73803
22.86156
23.04475
23.18092
23.36130
23.58660
23.76558
23.85472
23.98386
24.12494
24.26040
24.35235
24.34954
24.26040
24.21759
24.16565
24.03299
24.03721
23.85191
23.72066
23.59151
23.45324
23.40552
23.18232
23.08897
22.99983
22.86998
22.77523
22.72891
22.63836
22.46009
22.36954
22.37376
22.28602
22.19267
22.14775
22.10002
22.09862
22.14775
22.14635
22.14775
22.14635
22.32743
22.46430
22.68469
22.91069
23.13389
23.31638
23.36270
23.54238
23.72206
23.85331
23.99299
23.98878
24.08072
24.12354
24.07932
24.07651
23.98527
23.89894
23.76839
23.63292
23.49325
23.31357
23.13670
22.90789
22.68609
22.55063
22.50781
22.37656
22.28321
22.19127
22.10002
22.10002
22.01229
21.92034
21.83401
21.74066
21.79401
21.65854
21.60660
21.56239
21.51747
21.51466
21.47465
21.42412
21.38621
21.38621
21.42973
21.51887
21.70206
21.92175
22.14214
22.32462
22.54782
22.82436
23.00545
23.22864
23.27005
23.40692
23.53817
23.67504
23.71645
23.67784
23.63292
23.54379
23.40552
23.22584
22.99983
22.86296
22.68609
22.46009
22.28321
22.14916
22.10213
21.96667
21.83120
21.69855
21.64731
21.65433
21.61081
21.51747
21.42973
21.42692
21.43254
21.33919
21.33778
21.25005
21.29286
21.20513
21.19951
21.15740
21.11038
21.15600
21.20373
21.25286
21.47325
21.74628
21.97228
22.10002
22.37235
22.64608
22.86296
23.17530
23.26865
23.49185
23.62871
23.80839
23.90245
23.89753
23.90385
23.85753
23.76839
23.58660
23.53677
23.31638
23.09318
22.82296
22.68188
22.55063
22.37095
22.23408
22.14775
22.05300
22.05721
21.97088
21.87753
21.83261
21.79260
21.78979
21.74207
21.70346
21.65574
21.65293
21.65854
21.60660
21.60380
21.56098
21.56800
21.51466
21.55958
21.56239
21.51887
21.51887
21.51887
21.52027
21.47114
21.47325
21.56940
21.69855
21.70206
21.92877
22.15056
22.46289
22.73663
22.86718
23.14091
23.31217
23.54519
23.72066
23.85753
24.03861
24.17548
24.26181
24.35235
24.35235
24.39727
24.34673
24.25900
24.17126
24.17126
24.03721
23.94947
23.76558
23.62731
23.53817
23.40271
23.21882
23.04265
22.86296
22.86437
22.73382
22.59836
22.55203
22.46430
22.37235
22.28462
22.23408
22.14494
22.05581
22.05861
22.01510
21.91894
21.91754
21.87472
21.92034
21.87612
21.92315
22.14494
22.33375
22.50501
22.64608
22.82436
23.04896
23.27146
23.44623
23.53957
23.71504
23.81401
23.94386
24.03861
24.12073
24.16986
24.12354
24.12213
24.03440
24.03580
23.94666
23.85753
23.72487
23.58520
23.59292
23.40973
23.31919
23.18372
23.09037
23.05037
22.95982
22.90789
22.72891
22.64468
22.59274
22.50360
22.46289
22.37095
22.28321
22.23408
22.23829
22.37095
22.46149
22.63977
22.72750
22.82436
22.99702
23.08757
23.27146
23.31638
23.44903
23.59151
23.72347
23.81752
23.90525
23.94947
23.94386
23.94807
23.85051
23.85051
23.76418
23.58379
23.49465
23.40271
23.31357
23.18232
23.05037
22.91210
22.77804
22.68750
22.59695
22.54782
22.46289
22.36954
22.32603
22.23549
22.23689
22.23829
22.18986
22.23829
22.23970
22.28181
22.37516
22.41517
22.54782
22.55063
22.64258
22.68609
22.77663
22.82436
22.86858
22.95210
23.00123
23.08757
23.18092
23.13249
23.12757
23.13670
23.14091
23.09318
23.05177
22.95351
22.86156
22.82015
22.73101
22.73382
22.72750
22.64749
22.59976
22.50641
22.46430
22.41517
22.37095
22.23127
22.19267
22.15056
22.14916
22.14775
22.15056
22.19127
22.23689
22.36954
22.41727
22.46570
22.51062
22.60257
22.73382
22.82155
22.95351
23.00123
23.04124
23.13670
23.22443
23.27146
23.35779
23.36270
23.31919
23.36691
23.31919
23.22724
23.17951
23.04265
22.99422
22.91210
22.81875
22.73101
22.68469
22.59134
22.46009
22.37095
22.23127
22.28321
22.19267
22.10002
22.05581
22.06002
22.05721
22.10494
22.19267
22.28462
22.42148
22.50781
22.59695
22.69171
22.77383
22.86296
22.90929
22.99983
23.08616
23.09178
23.13529
23.04265
23.04756
23.00264
23.00264
22.96263
22.95351
22.95491
22.86437
22.77383
22.73101
22.68048
22.64117
22.54782
22.50641
22.42008
22.46430
22.41868
22.46149
22.46430
22.51062
22.55063
22.60257
22.68609
22.72891
22.82155
22.90789
22.90929
22.90789
22.95351
23.00123
23.04615
23.08897
23.08897
23.13950
23.13810
23.09318
23.08616
23.04265
23.04615
22.99702
22.95491
22.95351
22.90929
22.86998
22.82296
22.86577
22.86858
22.82155
22.82296
22.77523
22.82015
22.81875
22.82155
22.77242
22.77523
22.77804
22.77804
22.77383
22.77804
22.77523
22.86718
22.86577
22.91210
22.95631
22.99983
23.04756
23.04896
23.09178
23.13810
23.13670
23.18372
23.17530
23.26865
23.31638
23.36130
23.32059
23.31778
23.31638
23.35989
23.31076
23.22443
23.22443
23.18092
23.13810
23.09037
22.96123
22.91350
22.77383
22.68328
22.59415
22.59274
22.50641
22.46009
22.37095
22.37376
22.33094
22.32743
22.28321
22.36954
22.37095
22.54782
22.59555
22.69030
22.77523
22.91210
23.04265
23.17951
23.17951
23.31919
23.45324
23.49746
23.58660
23.62871
23.67363
23.75646
23.76277
23.76558
23.72347
23.72066
23.67504
23.58520
23.53957
23.49465
23.40973
23.35989
23.22443
23.22724
23.13810
23.13249
23.09458
22.95351
22.91912
22.86858
22.82436
22.73382
22.72891
22.68188
22.64117
22.64468
22.64749
22.73382
22.82296
22.91069
23.00123
23.13529
23.13389
23.27356
23.27356
23.36130
23.45324
23.49044
23.58239
23.63152
23.67784
23.72487
23.72066
23.67012
23.62871
23.58871
23.59151
23.45324
23.40832
23.36270
23.35989
23.26725
23.17811
23.09458
22.95772
22.91210
22.82436
22.73242
22.64468
22.54782
22.50501
22.41376
22.37095
22.37235
22.28462
22.32884
22.28321
22.23829
22.23689
22.24110
22.23689
22.18635
22.23268
22.23549
22.24250
22.19408
22.19408
22.23549
22.23829
22.19267
22.23408
22.18846
22.23127
22.23268
22.19127
22.18846
22.23689
22.19127
22.23689
22.23408
22.24250
22.19408
22.24110
22.23829
22.23829
22.23408
22.28321
22.28321
22.23408
22.19127
22.19127
22.19127
22.23689
22.19267
22.19127
22.18986
22.23689
22.37656
22.46289
22.69030
22.82015
22.90789
23.08897
23.22443
23.31638
23.54098
23.53536
23.67363
23.76698
23.85472
23.94666
23.94245
23.94666
23.94386
23.85472
23.81401
23.81261
23.67784
23.49746
23.31778
23.13249
23.08616
22.86296
22.68609
22.50781
22.41376
22.37095
22.37095
22.28883
22.24110
22.19548
22.14494
22.14916
22.14635
22.09862
22.05440
22.00667
22.05300
22.01229
22.05721
22.15056
22.24110
22.41727
22.64468
22.86156
23.04756
23.13670
23.31778
23.49746
23.67363
23.90034
23.94386
24.03299
24.21268
24.34954
24.48360
24.53554
24.48641
24.48641
24.44149
24.30813
24.12915
23.94245
23.67784
23.40552
23.22022
23.00123
22.86156
22.68750
22.59695
22.46149
22.32884
22.37235
22.28743
22.23689
22.18986
22.14775
22.14775
22.10002
22.06282
22.10494
22.14916
22.28602
22.50781
22.68469
22.86016
23.09037
23.18372
23.36551
23.54238
23.72347
23.94666
23.98878
24.12213
24.34814
24.43587
24.48500
24.48220
24.44500
24.35235
24.21759
23.99018
23.81120
23.58660
23.32199
23.05037
22.86998
22.77663
22.64749
22.50781
22.42289
22.33094
22.33515
22.28462
22.23970
22.15056
22.10494
22.14916
22.10774
22.23689
22.37376
22.59415
22.82296
22.86718
23.04475
23.26865
23.49887
23.67012
23.76558
23.94526
24.12494
24.34673
24.44149
24.56993
24.66047
24.75523
24.79594
24.79874
24.74119
24.66047
24.43728
24.20706
23.85331
23.71645
23.44903
23.17951
22.99983
22.82296
22.73101
22.59976
22.51203
22.42148
22.41517
22.41868
22.37376
22.28041
22.23829
22.19127
22.23127
22.32603
22.55063
22.82155
23.05037
23.13950
23.31357
23.45465
23.67644
23.81261
23.94386
24.12354
24.30532
24.43868
24.52782
24.61906
24.70539
24.75242
24.75663
24.62187
24.57695
24.39446
24.22180
23.95088
23.63292
23.40692
23.17951
22.95982
22.73382
22.64608
22.55344
22.46570
22.37095
22.32884
22.23970
22.19127
22.14635
22.05581
22.10213
22.23689
22.42008
22.50641
22.64468
22.82436
23.09178
23.31778
23.45044
23.67363
23.90245
24.03440
24.29901
24.34954
24.53273
24.71382
24.80015
24.93561
24.97983
24.97983
24.97562
24.88788
24.66609
24.57695
24.30041
24.03299
23.67363
23.40552
23.31497
23.09178
22.91631
22.86998
22.72891
22.73101
22.59555
22.50781
22.50781
22.41868
22.37095
22.28321
22.23689
22.23689
22.28181
22.28321
22.50360
22.73242
23.00264
23.22724
23.36411
23.54659
23.76698
23.98527
24.17126
24.30813
24.43447
24.57274
24.70820
24.88507
25.06476
25.11669
25.29497
25.34551
