21.95278
21.90741
21.87112
21.82994
21.82296
21.82435
21.77759
21.78038
21.82714
21.82156
21.78457
21.82435
21.87391
21.91160
21.95558
21.99815
22.07982
22.12519
22.17126
22.20965
22.21104
22.30388
22.33948
22.30109
22.33668
22.38903
22.38764
22.43650
22.43231
22.43091
22.47489
22.47070
22.52305
22.42952
22.47628
22.42812
22.34366
22.43650
22.34227
22.18033
22.21523
22.13357
22.12798
22.04143
21.99536
21.91858
21.86553
21.90881
21.82156
21.82854
21.83133
21.77898
21.78875
21.78177
21.74408
21.74967
21.73571
21.65753
21.73431
21.69732
21.65334
21.65893
21.65613
21.73989
21.73850
21.82854
21.87112
21.95976
22.08540
22.04422
22.08261
22.17126
22.21663
22.21384
22.25641
22.25781
22.38205
22.34227
22.39322
22.34366
22.38205
22.38764
22.42952
22.43091
22.34366
22.42673
22.30248
22.29969
22.21244
22.34366
22.30248
22.17824
22.30109
22.12798
22.08261
22.08401
22.08540
22.04562
22.04422
22.00095
21.96256
21.95418
21.91160
21.96116
21.95837
21.91160
21.91719
21.91719
21.96256
21.96116
21.91439
21.86833
21.82435
21.87531
21.87531
21.82854
21.82714
21.87251
21.95837
22.00234
22.12938
22.12938
22.17963
22.25502
22.22082
22.29411
22.43091
22.33389
22.47908
22.51467
22.60472
22.60611
22.65427
22.64031
22.64729
22.68778
22.65009
22.55935
22.42673
22.43371
22.42812
22.47210
22.51747
22.42812
22.51886
22.47349
22.43231
22.47070
22.39462
22.30109
22.30527
22.17126
22.30388
22.17265
22.17405
22.12938
22.07982
21.87112
22.08401
22.08680
22.04003
21.90881
21.96395
21.95976
21.92347
21.86972
21.87391
21.78457
21.82296
21.87531
21.78457
21.78875
21.78177
21.82575
21.82575
21.78038
21.87670
21.95976
22.04143
22.04422
22.08959
22.13077
22.13357
22.13077
22.17545
22.21244
22.25921
22.34506
22.30527
22.34925
22.39043
22.47349
22.47628
22.48047
22.47349
22.51886
22.55935
22.56353
22.50769
22.56633
22.52026
22.56074
22.52026
22.42952
22.48047
22.64031
22.39043
22.39183
22.30527
22.30527
22.25781
22.26339
22.21244
22.12938
22.08680
22.04701
22.04422
21.99815
22.04841
21.99815
22.04981
21.99955
21.96116
21.95418
21.99676
21.96535
21.95837
21.91439
21.95418
21.83273
21.91719
21.82994
21.78596
21.82435
21.74967
21.73989
21.83133
21.83273
21.86833
21.87670
21.91439
21.95697
21.96256
22.00374
22.05120
22.07703
22.12240
22.17824
22.17824
22.21663
22.30527
22.30248
22.34925
22.34925
22.43231
22.47349
22.51607
22.56353
22.51886
22.60192
22.60192
22.64171
22.64729
22.73315
22.68778
22.77433
22.68917
22.82389
22.73454
22.69476
22.64729
22.64590
22.65427
22.60472
22.55795
22.55935
22.52026
22.47908
22.34366
22.30667
22.34087
22.21104
22.22361
22.16986
21.91439
21.91300
21.87810
21.86693
21.91858
21.91160
21.86693
21.86833
21.78736
21.87391
21.87112
21.83412
21.83273
21.78038
21.65613
21.70150
21.60867
21.66660
21.61565
21.65474
21.61844
21.78457
21.78317
21.78596
21.87251
21.87670
21.91160
21.96535
21.91579
22.04841
22.13496
22.17684
22.17963
22.21663
22.21942
22.25641
22.29411
22.34227
22.38624
22.43859
22.43231
22.47210
22.47768
22.51747
22.47489
22.48187
22.43510
22.48047
22.47349
22.39183
22.34227
22.38485
22.34366
22.30248
22.26200
22.25502
22.21384
22.17126
22.18033
22.08540
22.09518
22.04143
22.04143
22.08261
22.04422
21.95697
21.82575
21.74967
21.74827
21.73989
21.74548
21.70290
21.60867
21.61146
21.57586
21.52631
21.61286
21.57168
21.61425
21.69313
21.78736
21.87112
21.86833
21.91998
21.95837
22.04422
22.04422
22.08959
22.17265
22.17405
22.21523
22.31016
22.34227
22.38903
22.39322
22.43231
22.51747
22.47768
22.47489
22.42812
22.56214
22.52445
22.56074
22.55795
22.39183
22.25502
22.38903
22.21942
22.26200
22.17126
22.13357
22.04422
22.00095
21.91998
21.95837
21.86833
21.87531
21.82575
21.83273
21.78177
21.92137
21.82994
21.99536
22.00234
22.04283
22.04283
22.12798
22.12938
22.13636
22.16707
22.21384
22.22361
22.30388
22.30527
22.30109
22.34785
22.39043
22.38485
22.39183
22.38624
22.38624
22.43650
22.38624
22.43371
22.39322
22.39322
22.43510
22.34646
22.34785
22.30109
22.21942
22.20965
22.17545
22.12659
22.04283
22.04841
21.95976
21.96116
21.95976
21.95976
21.92137
21.91719
21.87670
21.78317
21.70848
21.74408
21.61705
21.60867
21.57726
21.61565
21.57586
21.57168
21.47884
21.61286
21.56888
21.70150
21.69313
21.69592
21.74269
21.78736
21.78317
21.82714
21.82994
21.91579
21.99955
22.00234
22.08401
22.08540
22.08680
22.12798
22.17545
22.21942
22.26060
22.26200
22.21384
22.21104
22.21523
22.16847
22.21384
22.12659
22.13357
22.08540
22.08959
22.08959
21.99815
21.99955
22.04841
22.00095
22.00932
21.91300
21.83273
21.78317
21.77898
21.74548
21.70430
21.70569
21.70150
21.66451
21.56888
21.61425
21.56749
21.56470
21.61425
21.56609
21.61565
21.57028
21.52212
21.56749
21.53189
21.56749
21.61286
21.57726
21.70150
21.74129
21.87112
21.91160
22.04562
21.95976
22.04562
22.13077
22.17265
22.22221
22.26200
22.25641
22.26479
22.34366
22.34785
22.39462
22.39322
22.34646
22.38903
22.38764
22.38485
22.39043
22.33948
22.34646
22.29690
22.34227
22.30388
22.21244
22.21663
22.17126
22.22082
22.16986
22.12379
22.08959
21.92347
21.95976
21.82296
21.83552
21.78736
21.78875
21.78177
21.73989
21.70569
21.69452
21.61705
21.61007
21.61565
21.61705
21.56609
21.56609
21.52631
21.48722
21.52770
21.48722
21.48303
21.43906
21.40625
21.44045
21.48443
21.53189
21.56888
21.61146
21.74827
21.83273
21.86833
22.00095
21.87391
21.95837
22.13357
22.21244
22.21663
22.30388
22.30109
22.34925
22.34506
22.39462
22.42533
22.38764
22.47768
22.52026
22.47489
22.52165
22.47070
22.47210
22.47489
22.51328
22.47210
22.42812
22.34366
22.25502
22.17405
22.16986
22.08820
22.04701
21.99676
21.95837
21.86553
21.82994
21.82714
21.73850
21.73989
21.60867
21.61286
21.60727
21.57586
21.52351
21.51933
21.52770
21.48722
21.43626
21.43766
21.39787
21.43906
21.39927
21.35599
21.39369
21.35181
21.35320
21.40485
21.35879
21.34622
21.39927
21.52072
21.56470
21.69732
21.73989
21.73850
21.82575
21.91160
21.95697
22.00095
22.03585
22.17824
22.17405
22.38624
22.20825
22.26060
22.21663
22.21663
22.30248
22.34785
22.21384
22.21802
22.25641
22.08540
22.04841
22.04422
22.00374
21.91160
21.86693
21.82435
21.77619
21.83133
21.78875
21.74548
21.69592
21.69732
21.69732
21.74687
21.70290
21.69732
21.69034
21.74269
21.74269
21.73431
21.78596
21.91719
21.91719
22.00234
22.12798
22.17126
22.26060
22.17265
22.13357
22.20965
22.25641
22.38624
22.34785
22.38903
22.39043
22.47349
22.51467
22.47070
22.47908
22.47070
22.52026
22.47628
22.43510
22.43371
22.43510
22.38764
22.38624
22.30248
22.25641
22.29969
22.25502
22.21663
22.16707
21.99815
21.95558
21.87112
21.86693
21.82296
21.78736
21.69592
21.65334
21.69452
21.74687
21.65753
21.65055
21.65474
21.65195
21.64497
21.60867
21.61425
21.65055
21.65055
21.73571
21.78317
21.82575
22.04841
22.03445
21.96116
21.94999
22.08680
22.04562
22.03864
22.21384
22.20686
22.25641
22.30248
22.30667
22.30388
22.25781
22.21384
22.16986
22.11821
22.08122
22.04701
22.04701
22.03864
22.04143
22.04143
22.00374
21.95697
21.95139
21.95558
21.90741
21.96116
21.95837
22.00513
21.82854
21.86972
21.78457
21.77898
21.86414
21.78457
21.82854
21.82296
21.83133
21.78596
21.77898
21.78177
21.78736
21.77898
21.78736
21.78177
21.82575
21.82575
21.78457
21.82994
21.95697
21.99676
21.96256
21.95418
21.95139
21.91439
22.00095
21.95697
21.95837
21.95418
21.95418
21.99676
21.99536
22.04283
21.95418
21.99536
22.03864
22.21384
22.21244
22.30667
22.30109
22.30527
22.34506
22.33948
22.29969
22.30388
22.21523
22.25502
22.21384
22.07982
22.04003
22.08122
22.08401
22.12100
22.17265
22.16428
22.13077
22.13077
22.17126
22.17405
22.21384
22.17265
22.16707
22.17126
22.12519
22.12938
22.04003
22.08401
22.03724
22.04562
22.04422
22.34227
22.16707
22.30388
22.16707
22.38205
22.25362
22.25641
22.26060
22.37926
22.25781
22.21104
22.17545
22.17405
22.17545
22.22082
22.12100
22.16707
22.16567
22.16707
22.17405
22.12519
22.17265
22.16149
22.21523
22.12798
22.00095
21.96395
21.95697
21.91300
21.87251
21.91160
21.95976
21.95278
21.91719
21.99536
21.90881
21.95697
21.95278
21.91439
21.99536
22.08401
22.00234
22.04003
22.08680
22.03445
22.08261
22.12798
21.95278
22.00234
21.99676
21.99397
22.12938
22.03724
22.03864
22.00234
21.99815
22.08122
22.09099
22.03864
21.99536
21.91439
22.03445
21.99815
22.00374
21.96116
21.99536
21.95139
22.00374
21.99676
21.99536
22.09099
22.12659
22.21244
22.39043
22.34925
22.43091
22.47070
22.47070
22.50630
22.51467
22.50909
22.55935
22.60472
22.63892
22.60332
22.60192
22.55795
22.56353
22.55516
22.56214
22.46791
22.46512
22.47070
22.38903
22.30109
22.21663
22.16847
22.16428
22.12798
22.12938
22.12798
22.08820
22.08122
22.08540
22.03305
22.08820
22.12798
22.08401
22.07703
22.08540
22.04003
22.08401
22.08122
22.03864
22.04283
22.12938
22.12798
22.12659
22.17824
22.16567
22.25781
22.30248
22.37787
22.38764
22.42812
22.34227
22.38066
22.46930
22.47628
22.42393
22.47349
22.51607
22.52305
22.51328
22.56353
22.47210
22.46791
22.47489
22.42533
22.43091
22.34087
22.30667
22.25502
22.21384
21.99397
22.04422
21.99117
21.99676
21.99397
22.00095
22.04003
22.00234
22.03445
21.99815
21.99536
21.99815
21.99676
22.04841
21.99815
22.08540
22.07842
22.12659
22.21244
22.25781
22.25223
22.26200
22.25641
22.26060
22.24943
22.26619
22.25223
22.26200
22.29829
22.30109
22.34646
22.29969
22.30109
22.34366
22.29829
22.34506
22.25223
22.26060
22.21244
22.21384
22.20686
22.17265
22.16567
22.08261
22.08261
22.12798
22.04003
22.04422
22.00095
21.87112
21.82854
21.82714
21.78736
21.74548
21.73989
21.65334
21.69452
21.69452
21.56330
21.56330
21.56749
21.60867
21.60867
21.61705
21.69871
21.83133
21.86553
21.96256
22.00513
22.04003
22.04283
22.07703
22.13357
22.16847
22.21802
22.25921
22.25921
22.30109
22.34366
22.34785
22.38764
22.34087
22.39183
22.43091
22.42812
22.47070
22.42393
22.38345
22.42812
22.38485
22.43231
22.33808
22.30388
22.29969
22.24943
22.25921
22.20825
22.17684
22.13077
22.09099
22.08540
21.99955
22.04422
21.99536
21.99955
22.00234
21.99676
21.99536
21.91998
21.82296
21.78596
21.78177
21.78736
21.74129
21.78596
21.77898
21.91719
21.90741
21.90462
21.95558
21.99815
22.03166
22.08820
22.12240
22.12659
22.13077
22.17545
22.17405
22.25781
22.30248
22.34227
22.38485
22.38903
22.42673
22.60332
22.68638
22.56702
22.68499
22.64729
22.77852
22.64729
22.73175
22.68499
22.60611
22.51328
22.64450
22.51188
22.42812
22.38345
22.43720
22.42673
22.30109
22.26200
22.25921
22.13217
22.12240
21.91719
21.86553
21.82435
21.86833
21.78736
21.87391
21.82994
21.82575
21.78038
21.73850
21.78596
21.78736
21.78596
21.75246
21.69732
21.70290
21.69732
21.65195
21.70290
21.82296
22.04422
22.08122
22.13217
22.07982
22.21523
22.25362
22.26060
22.38066
22.47489
22.50909
22.52305
22.60332
22.69057
22.69476
22.68917
22.73175
22.73175
22.82319
22.82389
22.77712
22.77852
22.82179
22.77014
22.81202
22.73594
22.77712
22.65148
22.64590
22.64311
22.60332
22.55935
22.46930
22.43510
22.42952
22.44138
22.26200
22.16707
22.17265
22.08122
21.91858
21.91998
21.91439
21.87531
21.87251
21.86833
21.87391
21.87251
21.82994
21.82435
21.82994
21.86553
21.82575
21.83273
21.82854
21.73989
21.78596
21.73571
21.73989
21.74129
21.73431
21.83273
21.87112
22.00234
22.13217
22.17265
22.21384
22.26200
22.26200
22.29829
22.40020
22.39043
22.42952
22.47628
22.56074
22.59774
22.56353
22.56353
22.64031
22.60332
22.69057
22.64311
22.50909
22.64590
22.56074
22.65288
22.47489
22.47349
22.42952
22.39183
22.39183
22.25223
22.25921
22.17684
22.08820
22.08401
22.08401
21.82714
21.78736
21.74687
21.70569
21.73850
21.74408
21.70430
21.65893
21.69592
21.69732
21.69452
21.69871
21.65334
21.65334
21.69173
21.70290
21.66311
21.65055
21.61425
21.66172
21.66032
21.61007
21.61425
21.60588
21.70011
21.69592
21.73571
21.78736
21.82994
21.86972
21.95418
22.00095
22.04562
22.08959
22.12659
22.17265
22.21802
22.25781
22.34366
22.34785
22.39043
22.43371
22.47489
22.47768
22.48187
22.43720
22.43231
22.38903
22.43091
22.30876
22.30388
22.25641
22.26339
22.22221
22.13217
22.08401
22.04283
22.00234
22.00095
21.95558
21.91998
21.91858
21.87391
21.82854
21.87531
21.87112
21.78596
21.83133
21.78038
21.83412
21.78736
21.73850
21.74967
21.73710
21.69732
21.61425
21.56470
21.65334
21.61705
21.65055
21.56888
21.53189
21.69173
21.61146
21.61705
21.61146
21.61146
21.64915
21.69871
21.69871
21.78736
21.82714
21.87112
21.87531
22.04422
22.04701
22.07982
22.12798
22.17545
22.20965
22.34646
22.43510
22.39322
22.51467
22.39462
22.38205
22.43371
22.56214
22.60192
22.43371
22.38764
22.39322
22.39043
22.34087
22.43859
22.43510
22.26898
22.22082
22.21663
22.08540
22.04841
22.05120
22.00234
21.96395
22.00932
22.00653
21.99397
21.95976
21.95697
21.96116
21.99676
21.96256
21.96116
21.95697
21.88089
21.91160
21.87251
21.78177
21.78596
21.83412
21.74408
21.82854
21.86414
21.86553
21.91998
21.92347
21.91439
21.91439
21.92137
22.00234
22.04701
22.08820
22.08680
22.12798
22.30248
22.25641
22.34366
22.39043
22.34227
22.26060
22.26339
22.26200
22.38205
22.26200
22.30109
22.16986
22.31016
22.13077
22.12798
22.01211
21.99815
21.96116
21.95837
21.91858
21.95558
21.92347
21.91439
21.91021
21.87531
21.91300
21.87391
21.69732
21.69592
21.65474
21.65474
21.57028
21.57586
21.52770
21.56888
21.65474
21.61425
21.74129
21.78457
21.78736
21.87670
21.91719
21.91858
21.92137
21.95418
22.00653
22.04981
22.08401
22.16986
22.22221
22.17265
22.21384
22.26200
22.34227
22.30248
22.30248
22.34506
22.38485
22.39183
22.43091
22.38624
22.34925
22.35204
22.39322
22.34366
22.25641
22.26200
22.21802
22.21384
22.17405
22.08261
22.04562
22.04422
22.00095
21.95418
21.99955
21.96395
21.95837
21.91160
21.87531
21.91300
21.86553
21.87251
21.87531
21.79155
21.82435
21.83273
21.78596
21.82575
21.78736
21.86833
21.83133
21.86833
21.91719
21.92277
22.08959
22.21523
22.25641
22.30109
22.43999
22.34646
22.39043
22.52305
22.60472
22.56493
22.60472
22.64869
22.69197
22.73873
22.73036
22.73873
22.73036
22.68917
22.69057
22.69336
22.60611
22.55795
22.56214
22.51747
22.47210
22.39043
22.38903
22.30388
22.34087
22.21802
22.17265
22.08820
22.08680
22.00234
21.96256
21.95976
21.91300
21.82296
21.86972
21.77759
21.91719
21.87949
21.86274
21.95976
21.95697
22.08680
22.08401
22.09797
22.21104
22.16986
22.17126
22.21663
22.21942
22.20965
22.21523
22.22082
22.25781
22.26758
22.30248
22.33948
22.35623
22.38764
22.39043
22.38903
22.38903
22.34087
22.34646
22.33948
22.30109
22.25781
22.25781
22.17545
22.17405
22.13077
22.12519
22.04283
22.00513
21.99955
21.86833
21.82994
21.82854
21.86553
21.74408
21.74408
21.70290
21.65474
21.70290
21.69732
21.69452
21.82854
21.87670
21.86972
21.99955
21.99815
22.04422
22.13077
22.21663
22.22221
22.25921
22.30667
22.26200
22.34227
22.39322
22.38624
22.43091
22.38764
22.43650
22.47908
22.43650
22.42393
22.38764
22.38764
22.34925
22.34925
22.34366
22.30807
22.25921
22.21802
22.17126
22.13636
22.08261
22.04283
21.99815
21.91858
21.95697
21.90741
21.87949
21.82714
21.82854
21.78457
21.78177
21.74827
21.70709
21.74408
21.70150
21.78317
21.86693
21.96674
21.91300
22.00374
22.12798
22.12798
22.12659
22.17265
22.17545
22.21104
22.22082
22.30109
22.30388
22.30527
22.34227
22.38764
22.38205
22.43720
22.47628
22.47628
22.47210
22.47489
22.47349
22.51607
22.43650
22.43091
22.43371
22.43091
22.42952
22.38624
22.34925
22.34785
22.34925
22.30667
22.21384
22.21663
22.17265
22.16986
22.16847
22.08401
22.05120
21.99815
21.95278
21.91579
21.95418
21.82994
21.78177
21.69452
21.70011
21.74687
21.65195
21.60867
21.64915
21.56749
21.61565
21.40206
21.40206
21.39508
21.40206
21.43626
21.39089
21.43487
21.35739
21.35879
21.61286
21.74408
21.74129
21.82714
21.86833
21.91719
21.99815
22.00513
22.08680
22.12519
22.07982
22.12379
22.16986
22.17545
22.25921
22.21244
22.21802
22.25502
22.34366
22.39322
22.39043
22.38764
22.38485
22.42812
22.47628
22.47489
22.47628
22.43091
22.42673
22.42812
22.34227
22.38066
22.34227
22.29829
22.26339
22.20965
22.17265
22.13636
22.08401
22.08680
22.04003
21.96116
21.91858
21.86553
21.86972
21.82575
21.74129
21.78736
21.61146
21.57168
21.52212
21.52212
21.52910
21.52631
21.48443
21.56749
21.57307
21.52770
21.52910
21.52072
21.57586
21.48443
21.47465
21.61286
21.73989
21.86833
21.91998
21.99955
22.03724
22.08820
22.17265
22.16567
22.25781
22.34227
22.43091
22.39043
22.43091
22.51328
22.51607
22.60472
22.55516
22.60890
22.64869
22.60192
22.69197
22.60192
22.60332
22.60751
22.60332
22.60332
22.51886
22.43231
22.42673
22.38764
22.33668
22.25781
22.22082
22.12659
22.08122
22.04283
22.04283
21.95976
21.91719
21.82296
21.86553
21.91439
21.69871
21.82296
21.61984
21.61007
21.65474
21.65753
21.64915
21.65334
21.61984
21.61146
21.65195
21.61146
21.60588
21.61565
21.65334
21.66032
21.65055
21.61286
21.61007
21.61425
21.61425
21.56888
21.57447
21.56888
21.61007
21.78596
21.91858
21.99955
22.00513
22.04143
22.07982
22.21802
22.25921
22.29411
22.30248
22.38764
22.42673
22.51747
22.52026
22.46930
22.60192
22.56214
22.59913
22.64031
22.60053
22.55516
22.55376
22.55655
22.56353
22.51886
22.47489
22.42673
22.42393
22.38624
22.30109
22.25921
22.25781
22.21244
22.21523
22.08959
22.04143
21.95697
21.95278
21.91719
21.86553
21.86972
21.82994
21.65334
21.61705
21.61286
21.65055
21.61146
21.66172
21.60727
21.65055
21.69592
21.69592
21.69034
21.65474
21.73710
21.69592
21.73710
21.73989
21.73571
21.73431
21.73989
21.65334
21.65334
21.60727
21.65613
21.73850
21.99815
22.03864
22.08401
22.08820
22.16986
22.21244
22.34227
22.33948
22.34646
22.42673
22.51049
22.51049
22.55237
22.55516
22.65009
22.68638
22.68219
22.72477
22.73175
22.77991
22.72896
22.77433
22.77712
22.72896
22.69476
22.68778
22.64450
22.59774
22.55516
22.52165
22.56074
22.42673
22.42673
22.34366
22.30527
22.29690
22.16986
22.08122
22.08401
22.00374
21.99815
21.91858
21.82994
21.91160
21.78038
21.82296
21.78457
21.60867
21.78177
21.60867
21.57028
21.56470
21.51793
21.57168
21.56749
21.52072
21.52351
21.56190
21.77898
21.78736
21.94860
22.00095
22.00095
22.07982
22.12379
22.17265
22.25502
22.26060
22.30109
22.34925
22.34506
22.46791
22.51747
22.51328
22.47070
22.51188
22.51747
22.55237
22.51188
22.55795
22.51188
22.54957
22.51886
22.51607
22.47768
22.51328
22.47210
22.47349
22.37926
22.38903
22.34087
22.30388
22.21104
22.16986
22.12938
22.08401
22.08680
21.95697
22.08680
21.99815
21.91858
21.81877
21.78177
21.73571
21.61705
21.77898
21.57586
21.56749
21.52351
21.53189
21.52491
21.48722
21.47884
21.48722
21.52212
21.52491
21.52072
21.52770
21.78038
21.82854
21.78457
21.82854
21.78317
21.91439
22.00234
22.12798
22.08820
22.12659
22.17265
22.21104
22.17684
22.25641
22.25223
22.26339
22.25362
22.34785
22.29969
22.42812
22.38764
22.38764
22.42673
22.47768
22.50909
22.51607
22.47210
22.47628
22.51886
22.51467
22.43231
22.47070
22.43859
22.38903
22.38764
22.34925
22.30667
22.31016
22.25641
22.25362
22.16986
22.16707
22.08820
22.04283
22.04562
22.04003
21.95837
21.87251
21.82575
21.82994
21.77759
21.70011
21.69313
21.73850
21.61425
21.69871
21.57028
21.65474
21.52631
21.65055
21.48163
21.48443
21.65334
21.65334
21.65474
21.87251
21.86693
21.95278
21.99955
22.04143
22.12938
22.17684
22.26339
22.30109
22.25502
22.29550
22.33808
22.34227
22.38205
22.38205
22.43510
22.39322
22.38345
22.42254
22.43091
22.33948
22.34785
22.39322
22.34646
22.29969
22.30527
22.26200
22.29271
22.26060
22.21663
22.21384
22.17126
22.17545
22.12798
22.08401
22.08820
22.04562
21.99815
21.86833
21.91579
21.82435
21.82296
21.65195
21.74129
21.52631
21.57168
21.48024
21.52631
21.48303
21.43487
21.48024
21.47745
21.48163
21.52631
21.48303
21.56190
21.56888
21.52770
21.60727
21.61007
21.69871
21.74548
21.91719
21.96116
21.95697
22.08401
22.08401
22.17126
22.21244
22.21104
22.26200
22.21802
22.30527
22.30109
22.25362
22.30527
22.30667
22.25502
22.30388
22.30527
22.26339
22.17265
22.20965
22.21244
22.17126
22.03864
21.99536
22.08540
21.92137
22.03724
22.03724
22.03864
22.00374
21.99815
21.83412
21.78596
21.95558
21.95558
21.82296
21.73571
21.73850
21.69732
21.70290
21.69313
21.64776
21.70150
21.74129
21.86553
21.91300
21.91160
22.04143
22.04283
22.04143
22.08680
22.17265
22.12100
22.13077
22.21942
22.17265
22.16707
22.21244
22.17405
22.25641
22.25781
22.26200
22.21104
22.30248
22.25641
22.34366
22.34227
22.34646
22.34087
22.39043
22.42673
22.42673
22.38903
22.39322
22.38764
22.35064
22.38903
22.29969
22.30388
22.30807
22.29969
22.26060
22.25641
22.21663
22.17545
22.16428
22.12798
22.08122
22.08122
22.08680
21.99955
22.00234
22.04003
21.96116
21.95976
21.87112
21.87112
21.87391
21.79155
21.61705
21.82156
21.64915
21.61565
21.57028
21.61425
21.56609
21.52072
21.60727
21.57447
21.56470
21.57168
21.48163
21.52910
21.52631
21.77619
21.74548
21.78038
21.86553
21.91858
21.91579
21.96116
22.04701
22.13217
22.12379
22.17824
22.21384
22.16986
22.22221
22.26060
22.29969
22.33948
22.38764
22.38764
22.38764
22.43859
22.43371
22.47210
22.43091
22.47628
22.42812
22.48187
22.43650
22.43371
22.38485
22.38485
22.38345
22.39322
22.34785
22.25781
22.26060
22.31156
22.25921
22.16567
22.12519
22.13775
22.12938
22.03724
22.08820
22.04422
21.99676
21.99815
21.96116
21.96116
21.91300
21.91579
21.79015
21.74408
21.69732
21.92347
21.66032
21.65334
21.65893
21.65613
21.61286
21.65613
21.82575
21.74548
21.91579
21.83133
21.96395
22.00095
22.04701
22.09238
22.09238
22.16847
22.17265
22.26060
22.21244
22.25641
22.30248
22.34646
22.34646
22.34087
22.34925
22.43371
22.43371
22.43859
22.42952
22.47349
22.52165
22.52165
22.51467
22.52165
22.47349
22.43091
22.43231
22.43510
22.34087
22.39183
22.33948
22.30248
22.26200
22.18033
22.16986
22.12379
22.09518
22.08401
22.00095
21.95558
21.91439
21.91300
21.86553
21.87112
21.87391
21.70011
21.70290
21.70290
21.56330
21.78457
21.65893
21.65474
21.78875
21.87670
21.87531
21.86553
21.91858
21.96395
21.95837
21.99815
22.04283
22.09099
22.08540
22.16847
22.21663
22.21523
22.25921
22.25781
22.22361
22.21802
22.21244
22.26060
22.17545
22.08959
22.09099
22.08680
22.17265
22.04143
22.13217
22.00513
21.95837
21.99815
21.82575
21.78736
21.69732
21.66172
21.65893
21.60588
21.65195
21.61565
21.61146
21.61146
21.61705
21.60867
21.66032
21.61425
21.61007
21.60867
21.70150
21.74967
21.79155
21.99815
21.92137
22.08680
22.12798
22.12798
22.22221
22.25921
22.24943
22.26339
22.26479
22.25921
22.35064
22.25641
22.21384
22.21523
22.21802
22.17265
22.00095
22.09238
22.04143
22.04841
21.83273
21.79434
21.74967
21.74408
21.70290
21.69732
21.74687
21.74408
21.69732
21.74129
21.70290
21.70011
21.65195
21.65334
21.61425
21.61286
21.65753
21.92137
22.04701
22.04283
22.12379
22.13217
22.17405
22.21663
22.26060
22.34925
22.30527
22.34227
22.35483
22.35064
22.38764
22.43231
22.39043
22.47489
22.51188
22.52445
22.51886
22.56074
22.51747
22.51467
22.56493
22.47489
22.48606
22.42952
22.43091
22.39183
22.30527
22.26479
22.21384
22.13217
22.09378
22.07982
22.00513
22.00653
21.91719
21.91998
21.91858
21.91300
21.96116
21.96535
21.99676
22.08959
22.17545
22.22082
22.21663
22.25362
22.26200
22.34925
22.38066
22.42952
22.47768
22.46651
22.47908
22.51467
22.51467
22.56353
22.55935
22.55935
22.55935
22.60890
22.64729
22.61030
22.64869
22.65148
22.68917
22.64311
22.60611
22.56214
22.56074
22.55935
22.47489
22.42673
22.39183
22.34366
22.26060
22.17684
22.08401
22.05120
21.91719
21.91858
21.82296
21.87531
21.87391
21.91858
21.96116
22.00374
22.04003
22.08401
22.13217
22.13357
22.17265
22.08820
22.08540
22.04841
22.04981
22.04003
22.04981
22.05120
22.08959
22.08959
22.13357
22.08959
22.17265
22.16707
22.21244
22.26619
22.25641
22.30109
22.35344
22.39183
22.38345
22.39183
22.38345
22.39043
22.42952
22.43231
22.34785
22.34087
22.39322
22.34227
22.33948
22.29969
22.26060
22.25502
22.30807
22.21384
22.21663
22.17265
22.17405
22.16567
22.12938
22.08820
22.08540
22.00374
22.00374
21.91719
21.95837
21.86972
21.78596
21.69592
21.65893
21.65753
21.61425
21.57586
21.47884
21.40067
21.44324
21.35460
21.40346
21.44604
21.43487
21.56888
21.65613
21.69452
21.78875
21.82854
21.96256
22.04701
22.12798
22.12659
22.17265
22.21942
22.25781
22.25502
22.30388
22.29969
22.30109
22.35064
22.30667
22.34925
22.26200
22.17684
22.17824
22.16986
22.12798
22.16847
22.08959
22.04841
22.04143
22.04562
21.99955
22.00234
21.99676
21.95837
21.91160
21.86553
21.92137
21.86833
21.82296
21.73989
21.66172
21.70290
21.60727
21.57447
21.52631
21.48722
21.52491
21.48163
21.44045
21.44185
21.39787
21.52212
21.53468
21.57726
21.61007
21.65334
21.74687
21.74548
21.73989
21.73989
21.83273
21.87391
21.91021
21.91858
22.00095
22.04981
22.17265
22.21244
22.21663
22.30248
22.34646
22.35344
22.39043
22.42812
22.43091
22.43091
22.38903
22.38903
22.35204
22.35064
22.30109
22.25502
22.17684
22.12659
22.13217
22.13357
22.00234
21.95837
21.92137
21.87112
21.82435
21.87112
21.87391
21.78736
21.69871
21.66032
21.66032
21.66172
21.61007
21.53049
21.39787
21.56749
21.47465
21.31621
21.27084
21.30644
21.26805
21.26665
21.27223
21.22198
21.22477
21.26665
21.22617
21.22756
21.22477
21.17521
21.22617
21.18638
21.14241
21.14101
21.13543
21.13961
21.13543
21.09634
21.18080
21.18080
21.26525
21.26665
21.30783
21.30923
21.34622
21.48303
21.48163
21.52631
21.52770
21.56888
21.61425
21.61286
21.60867
21.65893
21.69732
21.73710
21.74967
21.78875
21.78736
21.78457
21.86693
21.87391
21.87112
21.86972
21.82156
21.91439
21.91858
21.91858
21.91160
21.95139
22.12519
22.12519
22.04143
22.08540
21.91439
21.91021
21.90741
22.04562
21.82435
21.86414
21.86972
21.82994
21.82575
21.78317
21.78317
21.77479
21.74269
21.74408
21.73571
21.73710
21.74269
21.74129
21.69592
21.69313
21.69871
21.73291
21.65334
21.69871
21.65474
21.65195
21.70150
21.73989
21.78736
21.78038
21.78596
21.87112
21.91719
21.95837
21.96116
21.99955
22.04422
22.08401
22.12519
22.16149
22.38205
22.34925
22.47489
22.47349
22.56633
22.60751
22.64031
22.60332
22.72896
22.77293
22.72617
22.68219
22.72896
22.72477
22.73315
22.68499
22.68359
22.73594
22.68917
22.69197
22.64590
22.55237
22.55655
22.52165
22.47768
22.47070
22.33808
22.30109
22.25781
22.17684
22.20686
22.08680
21.91300
21.86833
21.86693
21.83273
21.87391
21.82575
21.78317
21.78038
21.79155
21.79015
21.78317
21.73710
21.73989
21.73710
21.77898
21.74687
21.74129
21.69732
21.65195
21.73850
21.70150
21.69732
21.69732
21.69732
21.74408
21.73989
21.73291
21.83273
21.79015
21.86553
21.87112
21.96116
22.00095
22.03724
22.13077
22.17405
22.25781
22.29969
22.33948
22.38485
22.43371
22.47489
22.51049
22.51607
22.51747
22.55795
22.73175
22.65427
22.72756
22.60053
22.68917
22.69197
22.64311
22.64590
22.59774
22.60472
22.55376
22.56353
22.46651
22.42952
22.47489
22.37926
22.38485
22.38764
22.29969
22.26200
22.26200
22.21523
22.16707
22.08540
22.08820
22.03724
22.12240
22.04422
22.04422
22.08680
21.99815
22.04143
22.00095
22.07842
22.08401
22.16707
22.21663
22.16567
22.21942
22.21384
22.30248
22.34227
22.38205
22.38485
22.42812
22.47349
22.51467
22.56353
22.56493
22.61030
22.64031
22.68778
22.69057
22.64311
22.65009
22.64311
22.68917
22.65288
22.60611
22.60332
22.60192
22.60192
22.60192
22.56353
22.47070
22.47489
22.47210
22.47489
22.38764
22.33808
22.34646
22.34366
22.29271
22.21384
22.17126
22.16986
22.17126
22.08540
22.07842
22.04283
21.99676
21.95278
21.90602
21.90881
21.87391
21.82575
21.73710
21.73571
21.73989
21.78457
21.74269
21.74129
21.73431
21.77759
21.87531
21.90602
21.95139
21.99536
22.04562
22.08401
22.12379
22.21384
22.20686
22.21384
22.25502
22.30109
22.38345
22.38485
22.42952
22.43231
22.47489
22.56214
22.60192
22.51607
22.51886
22.56214
22.55795
22.55516
22.55516
22.51328
22.51467
22.52165
22.46791
22.43091
22.39183
22.46651
22.42812
22.38764
22.34227
22.30527
22.29829
22.25502
22.20965
22.12519
22.13217
22.08680
22.03305
21.99955
21.96395
21.99955
21.90741
21.86833
21.78875
21.78317
21.74129
21.69592
21.60727
21.60239
21.65474
21.52770
21.56609
21.44185
21.43626
21.48303
21.48582
21.35181
21.52072
21.30923
21.34901
21.39369
21.52212
21.52351
21.57028
21.64915
21.69313
21.74548
21.78596
21.78596
21.95697
22.04283
22.04701
21.99536
22.04003
22.16986
22.25921
22.33668
22.29829
22.38903
22.29829
22.39043
22.38345
22.47210
22.42812
22.43091
22.42812
22.43091
22.47070
22.42952
22.34366
22.34087
22.33808
22.29829
22.30807
22.20965
22.16707
22.12379
22.08820
22.03724
22.00095
21.95837
21.91160
21.82994
21.82435
21.83273
21.74269
21.74129
21.69452
21.69173
21.70569
21.69034
21.69173
21.52212
21.65195
21.52212
21.47884
21.66172
21.48303
21.64776
21.69871
21.70290
21.73989
21.78038
21.79155
21.91858
21.91439
21.95697
21.91160
22.00095
21.99397
21.95278
21.91160
21.90741
21.96256
22.08401
22.12379
22.13217
22.13077
22.16847
22.12938
22.17126
22.21942
22.21523
22.21663
22.13077
22.17265
22.16428
22.17265
22.13357
22.03864
22.07982
21.90741
21.96116
21.87391
21.86833
21.95278
21.87112
21.82296
21.77759
21.82994
21.74269
21.70290
21.65334
21.65195
21.65893
21.65613
21.61286
21.52910
21.53189
21.52212
21.47605
21.43766
21.39927
21.35320
21.35739
21.35460
21.26665
21.21709
21.22198
21.22198
21.18498
21.22058
21.17800
21.13403
21.18219
21.22198
21.22058
21.26944
21.31202
21.40067
21.48582
21.48163
21.56888
21.65195
21.69592
21.78038
21.78177
21.82575
21.86693
21.99815
21.99815
22.04003
22.04422
22.08540
22.04283
22.08959
22.04283
22.07842
22.08540
22.08401
22.04422
22.04981
22.04562
21.99536
22.04003
22.04422
22.04003
22.00095
21.99676
21.99955
22.04422
21.99955
21.99397
21.99955
22.00234
21.99676
22.03864
21.99815
21.95278
22.05120
21.99676
21.99815
21.95697
21.99117
21.99536
22.00095
21.99676
21.95837
21.96256
21.95558
21.99955
21.99955
21.95558
21.95697
21.99955
22.00374
21.95558
21.95558
21.95697
21.95278
21.95837
22.00234
21.96116
21.96395
21.99815
22.03864
22.04003
22.04701
22.08680
22.08820
22.12798
22.12798
22.17405
22.17126
22.12798
22.17684
22.17265
22.21384
22.21663
22.25641
22.30527
22.29969
22.25781
22.25641
22.21523
22.26200
22.26200
22.21942
22.20406
22.16986
22.16847
22.12798
22.13077
22.17265
22.07982
22.04003
22.04422
22.08401
22.04422
22.08401
22.08401
22.04841
22.08401
22.04283
22.08959
22.04283
22.08820
22.08401
22.04701
22.08540
22.08680
22.08540
22.04283
22.04003
22.08820
22.09238
22.13077
22.03864
22.04981
22.00653
22.04422
21.95558
21.95558
21.99815
22.08820
22.11961
22.16847
22.21802
22.25921
22.25641
22.26479
22.30109
22.34366
22.43510
22.43091
22.47070
22.47070
22.56493
22.64729
22.60611
22.65148
22.69057
22.73036
22.73734
22.78410
22.72896
22.77712
22.82389
22.81900
22.78131
22.78410
22.77852
22.78410
22.73315
22.72338
22.73036
22.73734
22.69057
22.68778
22.64869
22.64590
22.60332
22.64590
22.51886
22.48047
22.43650
22.43371
22.47210
22.43231
22.38764
22.38764
22.34785
22.34506
22.34506
22.25502
22.25781
22.29969
22.25921
22.26060
22.22221
22.17545
22.13077
22.08401
22.12798
22.08959
22.04562
22.08959
22.08680
22.04841
22.04143
22.00374
22.00095
21.91858
21.90881
21.91021
21.86833
21.82575
21.78736
21.73431
21.73710
21.74269
21.74827
21.78736
21.74129
21.83133
21.91021
21.87531
21.95837
21.95697
22.04562
22.08680
22.08959
22.17545
22.17684
22.13077
22.12519
22.13217
22.17265
22.16847
22.17963
22.21244
22.25223
22.25921
22.26060
22.20965
22.22082
22.21523
22.21384
22.12938
22.04283
22.00095
22.04143
21.95976
21.91719
21.91858
21.90881
21.83412
21.82994
21.78038
21.79155
21.79015
21.69592
21.65753
21.65753
21.61286
21.61146
21.56749
21.52770
21.47884
21.52212
21.44464
21.39787
21.39787
21.35879
21.36297
21.30783
21.31621
21.26805
21.27223
21.26805
21.22477
21.22756
21.22756
21.17242
21.22198
21.22337
21.13961
21.09634
21.13403
21.17800
21.18359
21.22198
21.27084
21.27084
21.36018
21.39787
21.44045
21.39648
21.52212
21.61007
21.70709
21.69871
21.77759
21.83133
21.95697
21.99815
22.00095
22.04841
22.04143
22.12798
22.12798
22.13775
22.17265
22.12798
22.12798
22.08680
22.08401
22.08820
22.08680
22.08959
22.04562
22.04562
22.04841
22.05120
22.04981
22.04283
21.99815
22.00513
21.95558
21.96395
21.95558
21.91998
21.87251
21.82575
21.87391
21.86693
21.86833
21.83133
21.79015
21.78457
21.78457
21.78875
21.74548
21.69732
21.70150
21.70150
21.65334
21.61146
21.61425
21.61146
21.61425
21.65474
21.65334
21.69871
21.79643
21.82994
21.87391
21.91858
21.95278
22.08820
22.17545
22.21663
22.30527
22.30527
22.34785
22.39183
22.42812
22.43371
22.52305
22.51886
22.52724
22.55795
22.55935
22.60192
22.60053
22.55516
22.65009
22.64729
22.65288
22.55655
22.55655
22.56633
22.56493
22.60751
22.55935
22.51747
22.51747
22.51607
22.52026
22.48047
22.42952
22.43720
22.42952
22.38903
22.35064
22.34925
22.26200
22.25921
22.25641
22.17126
22.12938
22.09099
22.12938
22.08959
22.08680
22.05120
22.00234
22.00095
21.95278
22.04701
21.95697
22.00234
21.95558
21.95976
22.00095
22.04841
22.00095
22.00653
21.95976
22.04562
22.08401
22.13217
22.17405
22.22221
22.26060
22.30527
22.34785
22.39322
22.43231
22.43371
22.43371
22.52026
22.55935
22.60332
22.64171
22.65148
22.69197
22.72896
22.72896
22.69336
22.68778
22.73315
22.72756
22.78270
22.69057
22.72896
22.73175
22.73734
22.69546
22.68917
22.69546
22.64590
22.63892
22.64729
22.55935
22.60053
22.55935
22.55935
22.52026
22.51328
22.51747
22.47628
22.47489
22.38764
22.39043
22.38624
22.34227
22.38624
22.38903
22.30109
22.34366
22.25362
22.30388
22.38764
22.43510
22.38764
22.39183
22.34366
22.30109
22.21942
22.26200
22.47768
22.55655
22.60192
22.65009
22.64869
22.69197
22.77572
22.77293
22.77293
22.73594
22.73594
22.73594
22.77433
22.73454
22.73454
22.69057
22.69057
22.69476
22.60751
22.60472
22.55795
22.55655
22.52165
22.43231
22.43650
22.38624
22.39183
22.34227
22.30248
22.34366
22.26060
22.30876
22.26060
22.21663
22.17265
22.26200
22.22221
22.25641
22.21244
22.21384
22.17545
22.22221
22.16986
22.13357
22.17405
22.09099
22.16847
22.16847
22.07842
22.04841
22.00513
22.04841
22.07982
22.08680
22.12659
22.17126
22.21523
22.26339
22.25641
22.25362
22.29829
22.30248
22.30109
22.26200
22.25362
22.25921
22.26339
22.25781
22.17405
22.21244
22.22221
22.26060
22.25781
22.25641
22.09657
22.07982
22.07982
22.08820
22.04701
21.99815
21.95697
21.91439
21.87391
21.82714
21.82994
21.74129
21.78596
21.69871
21.73989
21.74129
21.69452
21.65753
21.66172
21.61286
21.61565
21.52072
21.52910
21.48722
21.48861
21.44045
21.44743
21.39927
21.35320
21.39787
21.31621
21.26944
21.26944
21.18638
21.18638
21.10053
21.09773
21.09215
21.14380
21.22477
21.17661
21.22617
21.27223
21.35320
21.43906
21.44464
21.48443
21.52770
21.57307
21.61286
21.65334
21.73850
21.74548
21.78875
21.87391
21.82854
21.82575
21.82994
21.82714
21.82296
21.82575
21.82156
21.78457
21.83133
21.82435
21.78457
21.78317
21.78038
21.69313
21.74129
21.74967
21.69592
21.65474
21.65613
21.70150
21.70290
21.65055
21.65195
21.60867
21.61425
21.60867
21.57586
21.56749
21.52212
21.52631
21.48303
21.47396
21.48582
21.39787
21.43626
21.40067
21.39787
21.35460
21.30225
21.30783
21.26805
21.26386
21.26665
21.22337
21.22896
21.22617
21.22058
21.17800
21.18219
21.18638
21.18359
21.13543
21.08936
21.09494
21.09355
21.13822
21.17800
21.22617
21.31062
21.35879
21.39508
21.43906
21.52072
21.51653
21.61844
21.65613
21.69452
21.74269
21.74129
21.78457
21.82156
21.82575
21.82994
21.82994
21.86274
21.86553
21.82994
21.82435
21.78177
21.82575
21.83412
21.82994
21.78596
21.78596
21.82994
21.78457
21.78317
21.74129
21.73989
21.74408
21.70290
21.74687
21.68894
21.70011
21.69732
21.69592
21.60867
21.61286
21.57028
21.56749
21.56051
21.48024
21.43766
21.43626
21.39369
21.40067
21.34762
21.35320
21.26525
21.34901
21.31062
21.35460
21.34901
21.43626
21.48582
21.52491
21.56888
21.64776
21.65753
21.78317
21.82156
21.87112
21.91858
21.95976
22.04981
22.08959
22.12798
22.13077
22.16986
22.16707
22.17545
22.16567
22.17126
22.16428
22.13217
22.12938
22.12659
22.08680
22.07563
22.04701
22.04003
22.04562
22.04841
21.99676
22.00653
22.00234
21.95976
21.95558
21.91160
21.96256
21.95837
21.91439
21.91719
21.91719
21.91021
21.86972
21.87112
21.82714
21.77619
21.77898
21.78596
21.74129
21.74269
21.69173
21.70150
21.66032
21.69313
21.65195
21.65613
21.64915
21.65195
21.65334
21.73291
21.78596
21.82016
21.91160
21.95558
21.99815
21.99536
22.09099
22.12659
22.16986
22.20965
22.30248
22.25502
22.34087
22.34366
22.39183
22.42673
22.39043
22.38205
22.42393
22.43231
22.42673
22.38624
22.38903
22.34366
22.30248
22.30388
22.26060
22.24943
22.21802
22.21802
22.16986
22.16847
22.12938
22.12798
22.12798
22.04003
22.08122
22.04981
22.07842
22.03724
22.04283
22.08820
22.04003
22.04283
22.04981
22.00653
22.04003
21.99676
22.00653
21.95558
21.96116
22.00653
22.00234
22.04562
22.04701
22.07842
22.12240
22.16986
22.20825
22.25502
22.25083
22.25502
22.30248
22.34506
22.38205
22.43231
22.42673
22.46651
22.51747
22.56633
22.56214
22.51747
22.51328
22.51467
22.55655
22.51188
22.46930
22.47349
22.42533
22.47489
22.42952
22.38485
22.38205
22.33948
22.30667
22.30109
22.21663
22.21663
22.16707
22.17265
22.12379
22.08540
22.04562
22.04003
22.04701
21.99815
22.00513
21.99676
21.95139
21.96116
21.91300
21.99536
21.91719
21.96116
21.95139
21.95976
21.99536
22.04701
22.04003
22.07982
22.12798
22.08540
22.16567
22.21802
22.25502
22.29829
22.26060
22.34087
22.38903
22.43371
22.42952
22.38205
22.43091
22.42673
22.46791
22.47489
22.47349
22.51467
22.47070
22.51328
22.51747
22.42533
22.42952
22.43231
22.42952
22.42673
22.34506
22.34227
22.34087
22.29690
22.30527
22.20965
22.16847
22.21244
22.12798
22.11821
22.08401
22.00234
22.04143
21.99536
21.95558
21.99676
22.00095
21.95418
21.90741
21.91579
21.91998
21.91160
21.86274
21.86693
21.86833
21.86833
21.86414
21.91160
21.86833
21.86693
21.99536
22.03864
22.04981
22.08959
22.12519
22.08401
22.17405
22.16567
22.25641
22.25502
22.25502
22.30667
22.34506
22.34366
22.38903
22.29550
22.30248
22.29969
22.33948
22.29969
22.30248
22.26060
22.25921
22.21523
22.21663
22.16707
22.16149
22.13077
22.12240
22.08401
22.08261
22.00234
22.04143
21.95837
21.91300
21.95697
21.91439
21.91858
21.87112
21.82296
21.82016
21.82296
21.78038
21.73291
21.74408
21.78596
21.78875
21.78875
21.82575
21.91160
21.95558
22.04003
22.09099
22.08401
22.16986
22.12659
22.21244
22.16707
22.25362
22.29829
22.26339
22.30527
22.33529
22.38903
22.35064
22.34506
22.34366
22.39043
22.34227
22.38066
22.29829
22.30527
22.29411
22.25641
22.25502
22.25502
22.21244
22.21523
22.13775
22.12519
22.04003
22.04143
21.99955
21.99536
21.95418
22.00095
21.95976
21.91439
21.91021
21.86693
21.86833
21.82714
21.78875
21.78596
21.74548
21.78736
21.73431
21.74269
21.69732
21.65334
21.69452
21.69592
21.65613
21.69732
21.73710
21.82714
21.83133
21.86833
21.95837
22.00234
22.04003
22.08122
22.16707
22.21104
22.25083
22.25641
22.26060
22.30248
22.33948
22.38764
22.34366
22.38764
22.42952
22.43510
22.42533
22.38345
22.39043
22.38624
22.39043
22.34366
22.30248
22.34925
22.30667
22.29969
22.25502
22.21942
22.16847
22.17265
22.13077
22.09238
22.08122
22.00095
22.00234
21.99536
21.91439
21.91439
21.90462
21.91160
21.86833
21.82714
21.81877
21.78317
21.78177
21.74129
21.69173
21.74408
21.78177
21.78038
21.83273
21.86553
21.99955
21.99955
22.04562
22.08540
22.12798
22.12240
22.17265
22.21663
22.25502
22.30248
22.25921
22.29411
22.33808
22.38485
22.47628
22.42952
22.47349
22.43650
22.46651
22.46651
22.47628
22.38485
22.39183
22.43231
22.38345
22.33948
22.35064
22.29969
22.29690
22.26060
22.21663
22.17405
22.12938
22.13357
22.13077
21.99676
22.00234
21.91858
21.95558
21.91579
21.91579
21.86274
21.78317
21.74269
21.73710
21.69452
21.70430
21.69732
21.65893
21.65195
21.70011
21.78596
21.78875
21.83133
21.87251
22.00095
21.99955
22.04143
22.12519
22.12938
22.13496
22.17265
22.26479
22.29690
22.29969
22.25641
22.34087
22.34646
22.39183
22.42533
22.38345
22.47489
22.47768
22.47768
22.47070
22.42812
22.47489
22.43091
22.42673
22.47349
22.39183
22.34506
22.33668
22.34925
22.34646
22.25921
22.25781
22.26479
22.21384
22.17545
22.13496
22.08680
22.04422
21.99815
21.95837
22.00513
21.95976
21.91439
21.87112
21.87391
21.83273
21.78177
21.74967
21.69452
21.66032
21.65474
21.65334
21.61565
21.56190
21.57447
21.61565
21.57168
21.57586
21.56470
21.61565
21.69732
21.69871
21.78736
21.82854
21.87531
21.91439
21.95976
22.04003
22.08680
22.13357
22.08680
22.12240
22.17963
22.22082
22.21384
22.21802
22.21104
22.21523
22.26060
22.22221
22.17265
22.21802
22.17265
22.12519
22.13077
22.04701
22.04701
22.00653
21.99815
21.91021
21.95697
21.86972
21.87810
21.82296
21.78596
21.78736
21.74129
21.69871
21.69592
21.66032
21.66032
21.61565
21.60867
21.56330
21.57307
21.56749
21.56888
21.57307
21.52351
21.52212
21.57168
21.56749
21.60867
21.61425
21.65753
21.74269
21.75106
21.74129
21.78177
21.79504
21.87391
21.87112
21.95837
21.96116
22.00095
22.04283
22.09797
22.17545
22.16986
22.26060
22.25641
22.30667
22.30388
22.35204
22.30109
22.26060
22.21942
22.21663
22.21244
22.21523
22.12798
22.12240
22.17684
22.12519
22.12659
22.08820
22.04981
21.99397
21.99815
21.96116
22.00653
21.96256
21.91021
21.87810
21.82156
21.86972
21.87391
21.82994
21.82714
21.78457
21.78457
21.74129
21.73989
21.64776
21.61705
21.66032
21.65613
21.61146
21.57307
21.56749
21.56888
21.52770
21.48722
21.48163
21.44324
21.49280
21.47884
21.44324
21.43906
21.53189
21.56749
21.61705
21.73710
21.74269
21.82994
21.86553
21.95558
21.99815
22.08820
22.17265
22.21384
22.30667
22.38903
22.42393
22.52026
22.52026
22.60332
22.64729
22.64729
22.68778
22.64590
22.64450
22.64729
22.60332
22.64450
22.51886
22.52305
22.51747
22.51328
22.48187
22.43231
22.38903
22.34925
22.30109
22.29969
22.21942
22.17126
22.17126
22.13357
22.12938
22.05330
22.00793
21.96256
21.92626
21.82994
21.87112
21.83552
21.78596
21.73989
21.74548
21.78177
21.73291
21.78457
21.78596
21.73291
21.74548
21.74687
21.73571
21.70150
21.70150
21.73850
21.78038
21.78596
21.82994
21.82435
21.96256
21.91719
21.95976
21.96256
22.00234
22.04841
22.13357
22.17265
22.21802
22.25921
22.26758
22.34227
22.35064
22.43720
22.43650
22.42812
22.48187
22.47489
22.51049
22.56214
22.51747
22.55935
22.55795
22.56214
22.56493
22.55655
22.56633
22.52026
22.56074
22.56074
22.51747
22.51607
22.51188
22.51886
22.47628
22.43650
22.43859
22.38345
22.34785
22.25781
22.13496
22.09378
22.08820
21.99676
21.95697
21.96256
21.87391
21.79015
21.74408
21.69592
21.70430
21.60727
21.56470
21.53049
21.48303
21.53189
21.48303
21.48163
21.47745
21.47605
21.49141
21.44045
21.39369
21.35739
21.39369
21.39787
21.44324
21.43906
21.44324
21.48163
21.61286
21.70011
21.69732
21.69871
21.78177
21.87391
21.91160
22.00234
21.99955
22.08820
22.12659
22.21663
22.25502
22.34366
22.34366
22.34506
22.39043
22.38764
22.42673
22.47768
22.38205
22.43720
22.42533
22.43510
22.39741
22.34227
22.38903
22.38624
22.33948
22.34785
22.29969
22.25502
22.26339
22.21384
22.21523
22.17405
22.16847
22.13217
22.09099
22.04841
22.09099
22.05120
22.00095
21.95976
21.96116
21.95418
21.91858
21.87251
21.82575
21.82854
21.83412
21.79015
21.79015
21.74408
21.74269
21.73989
21.70290
21.69313
21.66032
21.65753
21.73571
21.74408
21.78596
21.74548
21.79015
21.87251
21.95558
21.95139
21.96256
22.04981
22.13357
22.17545
22.25921
22.30248
22.30109
22.34925
22.34785
22.39183
22.43091
22.47908
22.42673
22.47349
22.47349
22.47210
22.51886
22.47628
22.47908
22.47768
22.39043
22.42533
22.34785
22.35064
22.30248
22.26339
22.21663
22.17126
22.13217
22.08401
22.04562
22.04422
22.04841
21.96116
21.95558
21.87251
21.87531
21.86553
21.78317
21.79155
21.69732
21.69592
21.73989
21.70430
21.65055
21.69592
21.69592
21.69034
21.69732
21.70430
21.65334
21.65055
21.74269
21.74687
21.78596
21.83133
21.82994
21.91300
21.95697
21.95558
22.04283
22.09099
22.13077
22.21663
22.21663
22.25781
22.29829
22.30527
22.35483
22.39183
22.42533
22.43231
22.43371
22.47349
22.43650
22.43999
22.47628
22.42952
22.43371
22.42952
22.42812
22.38485
22.34646
22.34646
22.30527
22.26200
22.21384
22.17824
22.13217
22.04562
22.00374
22.04981
22.04841
21.99676
21.95837
21.91719
21.87112
21.91021
21.87251
21.86833
21.82156
21.78457
21.79294
21.78875
21.78875
21.74548
21.73989
21.70569
21.74129
21.69452
21.69592
21.70709
21.74408
21.70011
21.70150
21.69173
21.65893
21.74548
21.70569
21.70569
21.73710
21.78736
21.91858
21.91300
21.96395
22.00095
21.99676
22.12519
22.17545
22.21384
22.29550
22.34646
22.34366
22.38903
22.43091
22.43231
22.42952
22.47210
22.43231
22.42812
22.42952
22.39322
22.43091
22.39183
22.38205
22.34366
22.33529
22.25641
22.21942
22.17405
22.16986
22.13077
22.04981
21.99676
21.95976
21.91719
21.90881
21.91858
21.91160
21.91719
21.91439
21.91719
21.91719
21.86972
21.83412
21.86972
21.82714
21.82575
21.82994
21.87391
21.82854
21.82296
21.82994
21.82016
21.78457
21.77759
21.78177
21.82994
21.78596
21.78875
21.82714
21.82575
21.95278
21.95697
22.04143
22.08401
22.12798
22.12938
22.13496
22.13077
22.26060
22.29969
22.26060
22.29969
22.34785
22.34785
22.37926
22.34506
22.30248
22.35204
22.34506
22.33668
22.30527
22.30109
22.26200
22.25641
22.21663
22.13775
22.13357
22.08261
22.03864
22.03445
21.99676
21.95976
21.95558
21.90881
21.91719
21.94720
21.96256
21.91439
21.87391
21.86972
21.92137
21.91160
21.87391
21.86972
21.82575
21.86274
21.87251
21.91160
21.86972
21.86972
21.87391
21.87251
21.86833
21.87391
21.91021
21.99955
22.04562
22.07703
22.12519
22.12659
22.13077
22.20965
22.21244
22.30388
22.38624
22.34366
22.39043
22.46930
22.51328
22.55237
22.51049
22.56214
22.56214
22.59913
22.64031
22.51328
22.55935
22.55935
22.51467
22.55795
22.47489
22.43231
22.42393
22.34366
22.34227
22.25502
22.21663
22.16567
22.16847
22.08959
22.04003
22.00095
21.96256
21.95418
21.91160
21.95278
21.91439
21.87112
21.82575
21.86553
21.86693
21.82854
21.77619
21.78317
21.78317
21.82714
21.78736
21.78317
21.78457
21.78177
21.78457
21.82714
21.78457
21.78596
21.73291
21.77759
21.78317
21.86693
21.91579
21.95976
22.08401
22.08261
22.17265
22.17405
22.21802
22.21802
22.30248
22.34087
22.43231
22.46651
22.47628
22.47628
22.56074
22.56353
22.55935
22.51467
22.52165
22.51188
22.47628
22.47628
22.42812
22.38345
22.38205
22.33668
22.33948
22.25223
22.17545
22.12798
22.13357
22.04003
22.07703
21.99536
21.95697
22.00095
21.90602
21.96256
21.91579
21.96116
21.91021
21.86833
21.86414
21.86693
21.86553
21.82575
21.86833
21.86972
21.86972
21.87112
21.87251
21.81877
21.87251
21.91439
21.91300
21.91300
21.91439
22.00095
22.04283
22.13496
22.17126
22.26200
22.21384
22.25781
22.33808
22.38903
22.43231
22.37926
22.42812
22.47070
22.47349
22.55655
22.47210
22.47210
22.55097
22.52026
22.51328
22.51467
22.47070
22.42812
22.43231
22.42952
22.38764
22.29550
22.29829
22.25502
22.26479
22.17405
22.17545
22.12798
22.08261
22.08122
22.07563
22.04143
21.99676
21.95697
21.95139
21.99257
21.99536
21.96116
21.94999
21.95558
22.00095
22.00234
21.96256
21.99257
21.95976
22.04003
22.04422
22.04422
22.12519
22.16986
22.16149
22.17405
22.25781
22.25781
22.30109
22.34366
22.34087
22.34366
22.38066
22.42673
22.38345
22.38764
22.46791
22.46651
22.51467
22.43371
22.43231
22.47349
22.47070
22.42812
22.38764
22.34925
22.33668
22.34087
22.30109
22.25362
22.25641
22.25223
22.21523
22.17126
22.12798
22.07982
22.00095
22.04143
21.95697
22.00513
21.99676
21.91021
21.96116
21.91719
21.95558
21.91579
21.91300
21.91719
21.91858
21.95976
21.99815
22.00095
22.00095
22.04701
22.17545
22.12240
22.21384
22.25641
22.30109
22.30527
22.30527
22.30527
22.34227
22.30527
22.29829
22.25362
22.25921
22.25921
22.25641
22.20825
22.17265
22.12379
22.13217
22.08959
22.04003
22.04701
21.99815
21.96116
21.91300
21.91719
21.87531
21.91579
21.86693
21.82296
21.82854
21.82296
21.78038
21.74129
21.73850
21.74548
21.74129
21.69732
21.64915
21.66172
21.65753
21.61565
21.65055
21.65753
21.61425
21.61425
21.60588
21.60867
21.60867
21.61007
21.65474
21.60588
21.65474
21.66032
21.68754
21.74129
21.78736
21.82994
21.82854
21.86553
21.96256
21.95558
21.99676
21.99815
22.03445
22.12659
22.08959
22.16986
22.17684
22.25921
22.16847
22.21663
22.25223
22.25781
22.25641
22.16986
22.21802
22.16567
22.17265
22.13077
22.08540
22.04283
22.04562
22.04003
22.00095
21.99676
21.95418
21.91719
21.86972
21.86274
21.86972
21.82994
21.82435
21.86833
21.82156
21.91579
21.95837
21.96116
22.00234
22.04422
22.04422
22.13357
22.21523
22.16428
22.26060
22.26200
22.26060
22.29550
22.33808
22.34366
22.30248
22.29969
22.34785
22.30109
22.30248
22.25083
22.21244
22.21384
22.16847
22.12240
22.04003
22.04701
21.99536
21.96116
21.95418
22.00234
21.95418
21.92137
21.91719
21.91439
21.91858
21.91021
21.82994
21.82156
21.82854
21.82575
21.82714
21.83133
21.91021
22.00653
22.08959
22.12659
22.12798
22.16707
22.21663
22.26200
22.25781
22.30248
22.35204
22.38764
22.34227
22.42952
22.47489
22.51467
22.51607
22.46651
22.47768
22.46930
22.51886
22.47070
22.38764
22.38205
22.34506
22.34366
22.26200
22.21802
22.12379
22.12938
22.08820
21.99815
21.99815
21.95697
21.95139
21.95976
21.91579
21.95278
21.91858
21.91719
21.91579
21.90741
21.96256
21.99955
21.99536
22.09238
22.08540
22.12798
22.22082
22.25781
22.30388
22.34087
22.34087
22.34646
22.39322
22.38205
22.47070
22.43231
22.43371
22.43091
22.46930
22.47070
22.42393
22.47489
22.43510
22.43231
22.47489
22.38485
22.34925
22.34646
22.34646
22.29829
22.17265
22.12659
22.13077
22.08401
22.08401
22.00513
21.99676
21.91579
21.95697
21.87391
21.91160
21.86833
21.87949
21.82994
21.83133
21.78457
21.82854
21.82435
21.82575
21.82575
21.95837
22.00653
22.04283
22.08959
22.08122
22.12379
22.21244
22.25921
22.25781
22.34366
22.34646
22.34087
22.38764
22.42952
22.43091
22.43091
22.42952
22.43371
22.43510
22.42533
22.43720
22.39322
22.38205
22.39183
22.38903
22.30109
22.26060
22.21663
22.21104
22.17126
22.04283
22.04143
21.96116
21.91858
21.95976
21.95976
21.87531
21.86274
21.87251
21.86972
21.87251
21.87251
21.82575
21.78457
21.79015
21.82714
21.82435
21.83273
21.86972
21.91719
22.04003
22.08540
22.17265
22.21384
22.21942
22.25781
22.29829
22.31156
22.34087
22.42533
22.39322
22.46791
22.47070
22.52026
22.52584
22.51747
22.51328
22.52165
22.52165
22.51747
22.43510
22.47628
22.42952
22.39322
22.35204
22.30527
22.25641
22.21663
22.17405
22.08540
22.08959
22.04143
22.00653
21.91858
21.91579
21.91858
21.86972
21.83133
21.78736
21.78038
21.78457
21.79015
21.73710
21.74408
21.69732
21.77759
21.82435
21.87391
21.95418
22.00234
22.13636
22.17126
22.21942
22.25781
22.34506
22.34227
22.38205
22.47768
22.51188
22.55795
22.56493
22.60890
22.60611
22.65148
22.69197
22.64450
22.64590
22.68917
22.69197
22.69825
22.60332
22.64869
22.60890
22.60472
22.60192
22.51607
22.51467
22.43091
22.38624
22.35204
22.26339
22.21942
22.17545
22.12938
22.04981
22.09238
22.04841
21.99536
21.96256
21.90881
21.91858
21.86833
21.87251
21.78875
21.78596
21.82714
21.78736
21.74408
21.74687
21.74548
21.78317
21.78177
21.87949
21.91439
21.99955
22.14194
22.13077
22.17684
22.17405
22.21523
22.26060
22.34646
22.30109
22.38205
22.43091
22.47070
22.51886
22.51328
22.60192
22.69336
22.64590
22.69476
22.73594
22.77572
22.77154
22.73594
22.77712
22.78270
22.73454
22.73454
22.65288
22.68638
22.65009
22.60751
22.55655
22.56353
22.48047
22.43091
22.39322
22.35064
22.25921
22.21802
22.17265
22.12659
22.08401
22.04283
22.00095
21.96395
21.91439
21.91439
21.91300
21.87810
21.83273
21.83133
21.78736
21.82435
21.83273
21.82994
21.78875
21.82854
21.87810
21.87251
21.95418
21.96535
22.04283
22.12798
22.22361
22.21802
22.30248
22.34646
22.34227
22.43371
22.47489
22.52445
22.56493
22.56074
22.60472
22.60192
22.60751
22.64869
22.68917
22.65288
22.69476
22.64450
22.60192
22.60472
22.56214
22.56493
22.52026
22.47628
22.39322
22.38903
22.30876
22.21384
22.17684
22.12938
22.00513
21.95976
21.96256
21.91998
21.87391
21.87112
21.78596
21.78457
21.74269
21.78736
21.78596
21.74408
21.82296
21.82435
21.96116
22.04701
22.08680
22.13357
22.21663
22.17126
22.22361
22.30109
22.30388
22.38903
22.34366
22.38903
22.43650
22.42952
22.47070
22.43720
22.43371
22.47489
22.47768
22.38903
22.39043
22.34227
22.30248
22.30109
22.30667
22.22082
22.21384
22.17545
22.12519
22.08820
22.08820
22.00234
21.95139
21.91300
21.86833
21.95697
21.86972
21.82994
21.82575
21.78317
21.78596
21.74129
21.74408
21.69592
21.70430
21.69452
21.69313
21.70430
21.73850
21.78457
21.83552
21.91719
22.00513
22.08680
22.08401
22.17126
22.26200
22.29829
22.29969
22.38624
22.39322
22.38764
22.43650
22.46372
22.51328
22.51467
22.56353
22.56633
22.60751
22.60192
22.60751
22.56842
22.55935
22.51328
22.51886
22.47768
22.47349
22.39183
22.38903
22.38345
22.30527
22.26060
22.21663
22.17265
22.08680
22.04422
22.04701
22.00793
21.86693
21.86833
21.87531
21.87949
21.79155
21.74687
21.73989
21.74687
21.74269
21.74408
21.70290
21.65334
21.73710
21.65753
21.65613
21.65613
21.70569
21.73989
21.82854
21.87251
21.95837
21.94999
22.08540
22.09099
22.17265
22.21104
22.21523
22.26339
22.30527
22.38624
22.34925
22.47489
22.42393
22.52165
22.55935
22.55516
22.64729
22.61030
22.65288
22.68917
22.69057
22.72896
22.65009
22.68778
22.69476
22.68499
22.65009
22.64729
22.60332
22.55935
22.55516
22.55655
22.47070
22.38903
22.42114
22.34227
22.35064
22.26060
22.25781
22.16707
22.08959
22.08820
22.04701
21.99815
21.99955
21.92137
21.87391
21.91439
21.91998
21.82994
21.87531
21.78038
21.82994
21.82994
21.78596
21.78457
21.73850
21.79155
21.74548
21.73850
21.74129
21.74269
21.78596
21.78596
21.86553
21.86833
21.92137
21.99815
22.04422
22.09099
22.12798
22.12938
22.17963
22.16567
22.30248
22.30248
22.34646
22.34646
22.39601
22.43231
22.43091
22.51747
22.51886
22.56214
22.56074
22.61170
22.64729
22.60472
22.60192
22.56702
22.56074
22.55376
22.52305
22.51886
22.51049
22.52165
22.47070
22.43510
22.38764
22.34646
22.34366
22.30248
22.21244
22.17405
22.17684
22.12798
22.08540
22.12798
22.08540
22.08680
22.09099
22.04981
22.08401
22.08959
22.09378
22.08820
22.04701
22.09518
22.04562
22.04283
22.04701
22.05120
22.07982
22.08820
22.04701
22.08540
22.09378
22.08680
22.09099
22.08261
22.07982
22.08540
22.08122
22.12938
22.08401
22.09378
22.17963
22.08959
22.13077
22.09099
22.13357
22.20825
22.08820
22.12798
22.16707
22.17265
22.21663
22.29411
22.25921
22.39183
22.43091
22.46930
22.34366
22.52026
22.51607
22.51467
22.56353
22.46791
22.47768
22.47628
22.47349
22.46651
22.43231
22.38764
22.38624
22.34506
22.20965
22.20965
22.08122
21.99955
22.04701
22.00374
21.95558
21.91300
21.95278
21.86693
21.87251
21.86414
21.87251
21.82016
21.78875
21.74408
21.73571
21.73571
21.70011
21.69732
21.65474
21.65474
21.65753
21.66172
21.61146
21.56330
21.65613
21.65753
21.70290
21.78038
21.78038
21.86553
21.91719
21.95976
22.00513
22.08122
22.12798
22.17545
22.17405
22.21104
22.21104
22.21942
22.21523
22.25781
22.29829
22.30248
22.25781
22.29829
22.26060
22.25921
22.25781
22.17824
22.17126
22.16288
22.17265
22.12519
22.08820
22.03864
22.00095
22.00095
21.95837
21.95697
21.91858
21.87251
21.82296
21.83133
21.83133
21.78736
21.69313
21.69592
21.66451
21.61425
21.56888
21.56609
21.52910
21.53189
21.56888
21.52072
21.56609
21.48443
21.47605
21.52351
21.56888
21.61286
21.65613
21.69313
21.82714
21.82994
21.86833
21.95558
21.91160
22.08959
22.08680
22.12240
22.21523
22.25362
22.21244
22.25781
22.25781
22.34506
22.30248
22.34785
22.29829
22.34366
22.39043
22.34646
22.30109
22.34925
22.30109
22.30248
22.29550
22.25362
22.20965
22.17126
22.13217
22.12798
22.04283
21.95837
21.95278
21.87251
21.86553
21.87391
21.82575
21.73989
21.77619
21.70150
21.74129
21.65055
21.57168
21.61565
21.52072
21.52351
21.52770
21.48024
21.43906
21.44324
21.43906
21.43906
21.39229
21.35041
21.35320
21.35041
21.34762
21.35460
21.35041
21.35181
21.44045
21.40346
21.48303
21.52770
21.60867
21.69313
21.70150
21.74129
21.78317
21.82016
21.91439
21.95976
21.99955
22.03166
22.12798
22.08959
22.12659
22.17545
22.21104
22.21663
22.20825
22.20965
22.25921
22.26060
22.29969
22.29550
22.26060
22.29690
22.25502
22.30807
22.25362
22.21523
22.21104
22.12379
22.08820
22.08540
22.08261
22.05120
22.08401
22.04283
22.04143
21.95697
21.96256
21.90741
21.91021
21.91719
21.87251
21.90881
21.87251
21.82854
21.87391
21.87112
21.82016
21.82575
21.82575
21.82435
21.82016
21.86414
21.82994
21.82714
21.90462
21.95418
22.00513
21.99536
22.03305
22.08401
22.12519
22.16567
22.17265
22.21384
22.17126
22.16986
22.21663
22.26060
22.30109
22.26339
22.25641
22.25502
22.30388
22.29969
22.29969
22.29550
22.34925
22.34087
22.34506
22.30109
22.34646
22.38345
22.38903
22.33808
22.42533
22.34925
22.34366
22.34785
22.35064
22.29969
22.34227
22.34646
22.34506
22.34366
22.34506
22.34506
22.29690
22.29969
22.34646
22.29271
22.30248
22.21104
22.26060
22.29550
22.29829
22.25641
22.25921
22.26060
22.21523
22.17265
22.17265
22.16847
22.16986
22.12379
22.08261
22.08540
22.04701
22.04422
21.99815
22.08261
22.04701
22.00095
21.95697
21.95976
21.99955
21.96256
21.95139
21.91579
21.91160
21.87251
21.82714
21.78038
21.69871
21.73571
21.73989
21.70430
21.70290
21.69592
21.73989
21.77759
21.78177
21.78038
21.73571
21.74408
21.82714
21.82994
21.82296
21.86693
21.86553
21.96116
21.95418
21.94999
21.99397
22.03864
22.08401
22.08680
22.08680
22.13077
22.16986
22.12240
22.12798
22.16707
22.16847
22.21523
22.21663
22.26898
22.30248
22.29550
22.34366
22.29969
22.30527
22.25362
22.30388
22.34925
22.29411
22.38345
22.47768
22.60332
22.64171
22.56493
22.60192
22.60472
22.56493
22.51328
22.47768
22.43650
22.34227
22.29829
22.30388
22.25223
22.26060
22.26060
22.29969
22.30248
22.30109
22.29969
22.34785
22.38624
22.38624
22.39322
22.42673
22.47489
22.47489
22.51467
22.52165
22.51188
22.51607
22.50630
22.51607
22.51328
22.47349
22.51467
22.43091
22.47489
22.42952
22.38903
22.39043
22.34227
22.34646
22.26200
22.25083
22.21802
22.17684
22.12659
22.08540
21.99676
21.99815
21.95837
21.91160
21.90602
21.91579
21.82435
21.78736
21.74408
21.73431
21.74269
21.69732
21.74408
21.77759
21.83273
21.86553
21.91719
21.95558
21.95558
22.00095
22.08820
22.08540
22.13077
22.16986
22.17405
22.21384
22.26200
22.20965
22.25223
22.25781
22.25641
22.25362
22.26200
22.30248
22.21244
22.25921
22.21244
22.22082
22.20825
22.16986
22.17545
22.16847
22.12938
22.12240
22.04562
22.04143
21.99536
21.96116
21.99536
21.95697
21.99536
21.91300
21.86972
21.78875
21.78736
21.82435
21.78596
21.73431
21.73710
21.78736
21.77759
21.78736
21.82575
21.82854
21.95278
21.91719
21.95697
21.96256
21.99536
22.08261
22.13077
22.16847
22.16986
22.21663
22.16847
22.21244
22.17265
22.16986
22.21663
22.09099
22.07982
22.09099
22.13357
22.08122
22.04562
22.04562
22.00234
22.04143
21.95278
21.96256
21.95139
21.91719
21.92347
21.86274
21.87112
21.87251
21.83552
21.83133
21.78038
21.79643
21.74548
21.69732
21.69452
21.65334
21.69871
21.70011
21.74827
21.78038
21.77898
21.87251
21.86833
21.91439
21.96256
21.95976
21.99955
22.04143
22.07982
22.08820
22.12798
22.04143
22.08680
22.12659
22.12798
22.16986
22.08959
22.13636
22.13357
22.13077
22.13077
22.09099
22.08959
22.04003
22.04981
22.04701
22.08680
22.04841
22.04283
22.00513
22.00234
21.99676
21.96256
21.95837
21.92137
21.91300
21.91439
21.87251
21.87391
21.82575
21.79015
21.83412
21.78596
21.74827
21.79015
21.73710
21.79434
21.83133
21.83552
21.82296
21.91858
21.96395
21.91300
21.96256
22.04701
21.99955
22.13077
22.13077
22.12798
22.17545
22.21802
22.21942
22.22221
22.21663
22.26060
22.25781
22.17545
22.21942
22.21663
22.21523
22.21663
22.13217
22.16986
22.13217
22.12798
22.08820
22.09099
22.09378
22.04003
22.04143
22.00095
22.04422
22.04701
22.04003
21.99815
22.00095
22.04562
22.00513
21.99676
21.95837
21.95139
21.95697
21.91160
21.91858
21.95558
21.91719
21.95837
22.00653
21.95558
21.95697
22.00234
22.08680
22.08540
22.13496
22.12938
22.12798
22.17684
22.17824
22.21663
22.21663
22.25781
22.26060
22.26200
22.25781
22.30667
22.30388
22.30109
22.30667
22.34227
22.35483
22.34087
22.30876
22.26339
22.30807
22.29690
22.26060
22.20825
22.21663
22.17265
22.22221
22.17265
22.12798
22.12938
22.08959
22.08820
22.12798
22.04562
22.05120
21.99536
22.00653
22.04143
22.00095
22.00234
21.96256
21.99676
21.95976
21.96116
21.96535
21.95558
22.00234
22.04562
22.08401
22.13217
22.17963
22.12798
22.22640
22.16986
22.26619
22.21663
22.26479
22.34506
22.30527
22.29969
22.39183
22.43720
22.43091
22.39322
22.39462
22.38764
22.39043
22.34366
22.30807
22.38345
22.38764
22.34506
22.30248
22.30109
22.29969
22.29690
22.26758
22.21663
22.22082
22.16847
22.18173
22.17126
22.17405
22.04283
22.04562
22.04841
22.04562
21.99815
22.00095
21.96395
21.91998
21.78038
21.82435
21.78038
21.74408
21.69732
21.66172
21.61425
21.65893
21.61565
21.62123
21.65613
21.70011
21.78038
21.82994
21.83273
21.82435
21.87251
21.95697
22.04701
22.05190
22.08540
22.13496
22.08820
22.17545
22.09238
22.09099
22.17265
22.09238
22.08959
22.08820
22.09099
22.12519
22.09099
22.08820
22.12798
22.13217
22.13077
22.13357
22.08401
22.08680
22.12519
22.21384
22.13077
22.13217
22.18033
22.13496
22.17545
22.07424
22.08401
22.12798
22.04562
22.13357
22.04562
21.96256
21.96256
22.00793
21.95278
22.00234
21.95278
21.96674
21.91719
21.86833
21.91021
21.82435
21.82854
21.74129
21.74687
21.73710
21.70290
21.61286
21.62263
21.52770
21.57168
21.48582
21.48722
21.44324
21.40206
21.48303
21.52910
21.53608
21.61146
21.65334
21.74687
21.74269
21.79015
21.82575
21.91579
21.99536
22.00793
22.00095
22.05120
22.12519
22.12938
22.16986
22.17126
22.21942
22.26200
22.21384
22.26339
22.30807
22.30527
22.34925
22.30248
22.34925
22.35064
22.34506
22.38485
22.34925
22.34506
22.34506
22.34506
22.30667
22.25362
22.25781
22.25781
22.26479
22.25781
22.25921
22.25921
22.26339
22.16707
22.17684
22.08680
22.08261
22.09238
21.99815
22.04981
22.04701
21.99536
22.00653
21.95837
21.91579
21.91439
21.86972
21.87112
21.82714
21.78736
21.74269
21.69592
21.65893
21.60867
21.61146
21.56888
21.60588
21.52631
21.48582
21.43906
21.48024
21.44324
21.53189
21.57028
21.66172
21.74548
21.73710
21.78177
21.87810
21.91998
21.95418
22.05120
22.04283
22.12798
22.13217
22.13217
22.16986
22.21523
22.26200
22.25502
22.25781
22.25641
22.30527
22.30527
22.26060
22.21942
22.25502
22.26339
22.21802
22.21244
22.17126
22.17265
22.17265
22.17545
22.17265
22.17126
22.12938
22.17545
22.13357
22.08680
22.08680
22.08680
22.08820
22.08680
22.08820
22.12938
22.08959
22.08401
22.04701
22.08540
22.00374
22.04841
21.99397
22.00095
22.00513
22.00513
22.00513
22.00513
22.00095
22.00513
22.00513
22.00095
21.95418
21.95837
21.86833
21.95418
21.91858
21.86972
21.82296
21.82575
21.86972
21.82575
21.78457
21.74687
21.78177
21.73989
21.74548
21.78596
21.82994
21.87112
21.95278
22.04283
22.08540
22.12519
22.17824
22.16986
22.25921
22.26339
22.25921
22.30109
22.29690
22.34227
22.34925
22.43371
22.43371
22.43231
22.52026
22.51607
22.56353
22.60053
22.52026
22.55935
22.51886
22.56493
22.51467
22.43650
22.52584
22.47070
22.47210
22.43231
22.43091
22.34366
22.33948
22.34785
22.34227
22.25781
22.25921
22.30109
22.26200
22.25502
22.21384
22.22361
22.16986
22.21523
22.13357
22.08261
22.08261
22.09518
22.04422
22.04143
22.04841
22.04422
22.04562
21.99955
22.00234
22.05120
22.04841
22.00513
21.91160
21.91719
21.91719
21.95837
21.95837
21.86553
21.86972
21.91300
21.82994
21.87391
21.87670
21.82994
21.82296
21.82994
21.88089
21.86553
21.87251
22.00095
22.04841
22.08680
22.12938
22.12798
22.12100
22.13357
22.16847
22.25223
22.30667
22.34087
22.34506
22.43859
22.51607
22.47349
22.47489
22.59913
22.52026
22.51467
22.51328
22.59634
22.60332
22.64450
22.59913
22.61030
22.51188
22.51328
22.47210
22.43231
22.47628
22.38903
22.34646
22.34646
22.34366
22.29969
22.08680
22.12240
22.04003
21.99955
21.94860
21.90602
21.87670
21.82854
21.78457
21.74269
21.73571
21.70011
21.69592
21.69732
21.65893
21.69173
21.60727
21.65613
21.61146
21.57168
21.61286
21.56749
21.61565
21.57168
21.52351
21.57307
21.61425
21.57168
21.56609
21.61146
21.70011
21.69732
21.74269
21.78317
21.78457
21.91300
21.91858
21.99676
22.08680
22.11961
22.04003
22.08122
22.17405
22.25641
22.21384
22.26200
22.25781
22.30527
22.34925
22.34227
22.29411
22.38345
22.47210
22.42673
22.47768
22.46930
22.43371
22.47628
22.42254
22.47628
22.37787
22.56074
22.39183
22.47768
22.47628
22.42114
22.38903
22.34227
22.38764
22.34646
22.30527
22.26060
22.26200
22.21384
22.21244
22.16707
22.12379
21.95976
21.95837
21.91021
21.96256
21.95418
21.96256
21.91160
21.82156
21.82714
21.82994
21.82575
21.74548
21.73989
21.78596
21.69452
21.69732
21.74408
21.65334
21.74129
21.65893
21.70150
21.64776
21.61286
21.65334
21.70011
21.70290
21.69592
21.69732
21.78736
21.86693
21.87531
21.87391
21.82714
21.91300
21.99536
22.00513
22.04422
22.08122
22.13636
22.12519
22.21663
22.26200
22.29829
22.30109
22.30527
22.34785
22.29411
22.38903
22.34366
22.33529
22.38764
22.38345
22.38764
22.34227
22.33668
22.38764
22.34227
22.33668
22.30388
22.30248
22.30388
22.25502
22.25362
22.21104
22.34227
22.38345
22.34785
22.30248
22.30527
22.26060
22.21663
22.21523
22.21244
22.00095
22.13077
21.91160
22.08680
21.95697
22.07842
22.04422
21.96116
21.82296
21.78317
21.78177
21.69871
21.65613
21.56749
21.56749
21.56888
21.48303
21.48163
21.48024
21.51933
21.57447
21.65474
21.69592
21.70011
21.74129
21.87112
21.82854
21.86553
22.00234
22.09099
22.12798
22.17684
22.16847
22.21384
22.20825
22.21384
22.25362
22.16986
22.26200
22.24804
22.25921
22.30109
22.34227
22.33948
22.42673
22.38624
22.38624
22.38066
22.43091
22.42673
22.42673
22.38066
22.38624
22.38345
22.42393
22.38205
22.30527
22.29690
22.30248
22.25641
22.20686
22.17265
22.17684
22.12519
22.16707
22.08540
22.08122
22.08261
22.08540
22.00095
22.07842
22.08401
21.99536
21.99397
21.99815
22.08540
22.00095
21.99257
22.04562
21.99955
22.03585
22.03585
21.99676
22.00374
22.00095
21.99676
21.99815
21.99955
21.99397
21.95837
22.03724
22.04422
21.95558
21.95837
21.94999
21.99676
21.95837
21.95697
21.86553
21.78317
21.77619
21.73291
21.73710
21.65474
21.60448
21.60867
21.57168
21.51933
21.47605
21.39927
21.44324
21.39508
21.39229
21.34901
21.34901
21.39508
21.35041
21.34901
21.39648
21.34762
21.38810
21.39927
21.40346
21.39508
21.43208
21.52212
21.56749
21.56609
21.60867
21.60588
21.70150
21.69313
21.73571
21.70290
21.69452
21.69592
21.73989
21.69173
21.65753
21.69452
21.70290
21.65613
21.60867
21.61007
21.56470
21.61286
21.56609
21.57447
21.52072
21.47605
21.47884
21.44045
21.38950
21.34901
21.26525
21.25967
21.26944
21.22756
21.17661
21.08866
21.12705
21.13822
21.18359
21.22617
21.30504
21.39229
21.39927
21.43626
21.39508
21.39369
21.47884
21.47884
21.48303
21.57028
21.60867
21.64776
21.69313
21.78596
21.82016
21.86414
21.95418
21.99815
22.04143
22.07842
22.03305
22.07982
22.12798
22.08680
22.04003
22.08261
22.04003
22.04283
21.99676
22.04283
21.99815
21.99397
22.00095
21.95558
21.91719
21.91998
21.91858
21.86553
21.86553
21.86693
21.82714
21.82296
21.82714
21.82156
21.78457
21.82435
21.82296
21.82994
21.82854
21.82714
21.82575
21.82575
21.82714
21.82575
21.79155
21.77898
21.78177
21.82575
21.82714
21.82156
21.77898
21.82435
21.83412
21.82575
21.91579
21.91300
21.95837
21.95418
21.99536
22.04422
22.08540
22.08540
22.16847
22.17265
22.22221
22.21663
22.21104
22.21663
22.25781
22.21663
22.26060
22.21663
22.21244
22.16847
22.17684
22.17265
22.12938
22.08540
22.12938
22.08401
22.08820
22.03724
21.99397
21.99815
22.00793
21.95558
22.04422
21.99536
22.00374
21.99815
21.95278
22.00095
21.99955
21.95418
21.95558
21.91858
21.91439
21.95278
21.86972
21.91300
21.86553
21.87251
21.86833
21.86833
21.86833
21.82575
21.82575
21.86972
21.86972
21.90741
21.91439
21.95697
21.99676
22.04143
22.08680
22.13217
22.03445
22.08401
22.12798
22.21244
22.21663
22.25362
22.25641
22.33808
22.34087
22.39183
22.38903
22.38903
22.43091
22.43091
22.42673
22.42533
22.42673
22.42673
22.47768
22.42812
22.38624
22.42812
22.43231
22.38205
22.43371
22.39043
22.34227
22.34646
22.34366
22.34227
22.30109
22.30248
22.25781
22.25223
22.25502
22.26339
22.21104
22.21802
22.21384
22.17126
22.12659
22.17126
22.13217
22.17545
22.12240
22.13357
22.08680
22.04841
22.04143
22.08401
22.08680
22.04003
22.08540
22.08540
22.09238
22.12938
22.12938
22.16847
22.21104
22.21802
22.21104
22.26479
22.26339
22.26339
22.34785
22.30248
22.34366
22.43091
22.47908
22.47070
22.47070
22.47070
22.51747
22.55935
22.56074
22.52026
22.56214
22.55935
22.51607
22.55655
22.47489
22.51886
22.55935
22.47768
22.47908
22.43231
22.43231
22.38066
22.38624
22.39322
22.25362
22.34506
22.25781
22.26200
22.21663
22.12519
22.13217
22.12659
22.08680
22.04143
22.04562
22.04003
22.00793
22.00095
21.96116
21.96116
21.99815
21.95558
21.95697
21.95837
21.96395
21.95278
21.95558
21.91300
21.91021
22.00374
21.99815
22.00095
22.08820
22.04143
22.13077
22.13357
22.17265
22.21244
22.25921
22.21104
22.25781
22.34087
22.34506
22.38764
22.33808
22.43510
22.43231
22.43720
22.47489
22.47349
22.47210
22.47628
22.47070
22.47489
22.42533
22.43091
22.47768
22.43091
22.43091
22.34227
22.39462
22.38205
22.33389
22.34646
22.30248
22.33948
22.30527
22.30527
22.26339
22.17684
22.22082
22.17684
22.17545
22.13496
22.04701
22.04981
22.04562
21.99676
21.99815
22.05120
22.04562
22.04562
22.04143
22.04562
22.03724
22.08680
22.04841
22.08401
22.04562
22.04422
22.08820
22.04841
22.04841
22.04143
22.08540
22.17126
22.17405
22.17265
22.22361
22.17545
22.30876
22.25223
22.34785
22.34366
22.34925
22.39322
22.43510
22.52165
22.52165
22.51747
22.64311
22.60332
22.60611
22.77014
22.77154
22.77572
22.77572
22.77154
22.77572
22.69197
22.68638
22.82179
22.90416
22.99699
22.95022
22.99559
23.07447
23.12682
23.12542
23.11984
23.12263
23.12263
23.16521
23.20848
23.21337
23.20709
23.20848
23.20011
23.25246
23.21058
23.24967
23.25246
23.33412
23.29783
23.25246
23.29783
23.24967
23.20709
23.24967
23.16660
23.12682
23.08215
22.99839
22.99420
22.91114
22.91114
22.85879
22.86577
22.82040
22.77154
22.77712
22.73315
22.74013
22.73594
22.69197
22.65148
22.64311
22.65427
22.60192
22.61030
22.60332
22.64171
22.60611
22.60332
22.55935
22.60192
22.56353
22.59634
22.55795
22.51607
22.55237
22.56214
22.55795
22.56214
22.47628
22.52026
22.47908
22.51188
22.47489
22.42812
22.39043
22.34925
22.34366
22.26479
22.17405
22.08959
22.04143
22.04701
22.00374
21.99815
21.95697
21.92137
21.82714
21.87112
21.87531
21.78457
21.70011
21.61286
21.57447
21.52072
21.44185
21.39369
21.39927
21.39927
21.48024
21.44324
21.47884
21.48722
21.53468
21.52770
21.61705
21.66451
21.66451
21.69452
21.70011
21.74827
21.69732
21.74408
21.82435
21.82714
21.91021
21.78736
21.83133
21.86553
22.00374
21.95976
22.12379
21.99955
22.04283
22.13357
22.13636
22.17684
22.17265
22.22361
22.18033
22.17545
22.17963
22.13077
22.17963
22.12798
22.12798
22.13636
22.12659
22.08959
22.09657
22.08401
22.08401
22.08820
22.09099
22.08261
22.08959
22.08261
22.04562
22.08680
22.08401
22.00793
21.99676
22.04143
22.00793
22.04701
22.00095
21.95976
21.96395
21.95697
21.96256
21.96256
21.92137
21.73710
21.74827
21.70150
21.61286
21.57028
21.48163
21.43906
21.48861
21.52770
21.57028
21.61565
21.74827
21.78177
21.82994
21.86972
21.87251
21.90881
22.13496
22.04562
22.17684
22.12798
22.34087
22.25641
22.34646
22.39043
22.43510
22.43091
22.39043
22.38764
22.38903
22.38764
22.38903
22.35204
22.30248
22.30527
22.30667
22.26339
22.25362
22.21802
22.21663
22.21523
22.17265
22.13357
22.13775
22.08959
22.13636
22.12798
21.99955
22.04283
21.96256
21.86693
21.79155
21.87112
21.78736
21.74269
21.74408
21.74687
21.74129
21.70290
21.65334
21.65613
21.52351
21.56609
21.52770
21.49001
21.43906
21.43766
21.48582
21.48163
21.48303
21.53468
21.61146
21.69592
21.69592
21.73850
21.74408
21.83273
21.96116
21.92137
21.95976
22.00234
22.04562
22.17545
22.16707
22.20686
22.22221
22.26339
22.17963
22.16986
22.16847
22.17126
22.21384
22.13077
22.17126
22.09238
22.08680
22.12659
22.04841
22.04283
21.95697
21.91998
21.91998
21.86972
21.91998
21.87391
21.82994
21.78317
21.78736
21.74408
21.74269
21.70011
21.65334
21.70011
21.61705
21.61425
21.61565
21.56749
21.57307
21.61565
21.65613
21.65195
21.70290
21.82435
21.82994
21.86693
21.91439
22.00653
22.08401
22.04981
22.13217
22.17405
22.25781
22.26619
22.21663
22.25921
22.30388
22.34925
22.30248
22.34646
22.29969
22.30527
22.30388
22.25362
22.26200
22.25223
22.25921
22.26200
22.21942
22.12938
22.12798
22.13496
22.08680
22.04562
21.95976
22.00513
21.91160
21.87531
21.90881
21.91021
21.83412
21.73850
21.70430
21.69732
21.65474
21.61286
21.61565
21.61425
21.65474
21.70011
21.73850
21.78736
21.87112
21.95418
21.99815
22.00095
22.05120
22.04003
22.13217
22.17545
22.21244
22.26479
22.25921
22.21663
22.25502
22.26060
22.30248
22.25921
22.21384
22.21802
22.21384
22.17684
22.18033
22.17824
22.12519
22.08261
22.08820
22.04422
22.12798
22.04562
22.00095
21.99955
22.00095
21.94580
21.96256
21.91439
21.86833
21.87251
21.87670
21.82994
21.82994
21.78457
21.74548
21.74408
21.79155
21.78596
21.77759
21.86693
21.99676
22.03864
22.12379
22.12519
22.16986
22.17265
22.26060
22.24804
22.26060
22.34925
22.30109
22.30807
22.34087
22.38485
22.39322
22.38066
22.39462
22.38205
22.42812
22.39322
22.37926
22.34366
22.42673
22.42952
22.38345
22.39601
22.33948
22.29969
22.25641
22.21104
22.22082
22.16847
22.16847
22.12379
22.13775
22.08401
22.07982
22.04562
22.03724
21.99815
22.04422
22.04422
21.99536
22.00095
21.96256
21.99815
21.95697
21.95558
21.95278
21.95837
21.95278
21.95837
21.96256
21.99676
21.99815
22.12938
22.16847
22.17824
22.21523
22.20825
22.26200
22.29829
22.34646
22.38345
22.34646
22.29550
22.43371
22.30388
22.34227
22.34227
22.29969
22.30388
22.29550
22.38764
22.42812
22.25502
22.38345
22.34785
22.34087
22.33948
22.26200
22.25641
22.25641
22.25502
22.21663
22.00234
22.12379
22.08261
21.99536
21.91579
22.00513
21.91439
21.83273
21.82994
21.73850
21.78038
21.69871
21.61007
21.57168
21.52631
21.48443
21.43906
21.39229
21.35041
21.26665
21.30923
21.22477
21.16963
21.09634
21.09075
21.13961
21.13403
21.18359
21.26665
21.35460
21.47745
21.52351
21.61146
21.56470
21.69173
21.74269
21.82854
21.82016
21.91858
21.95278
21.99257
21.99257
22.08540
22.12798
22.13496
22.08401
22.12659
22.09099
22.08261
22.08680
22.08540
22.08401
22.13357
22.08122
22.04283
22.04283
22.08261
22.04283
21.99676
22.00234
21.99536
21.95139
21.91439
21.86972
21.82016
21.82575
21.78177
21.74687
21.64776
21.64776
21.65055
21.57028
21.56190
21.52212
21.47884
21.48163
21.47884
21.48024
21.43766
21.43347
21.48582
21.52351
21.52910
21.61565
21.65195
21.70430
21.78317
21.82156
21.83273
21.86553
22.00513
21.99815
21.99536
22.08680
22.12798
22.08680
22.12798
22.08540
22.12240
22.16986
22.17265
22.21384
22.16986
22.21244
22.25362
22.22082
22.25502
22.25362
22.21802
22.21104
22.17545
22.21663
22.16707
22.21244
22.16707
22.12938
22.12938
22.07982
22.08261
22.04143
22.03724
22.04562
21.99955
21.90462
21.91858
21.95837
21.91300
21.86833
21.82296
21.77759
21.78457
21.73431
21.69592
21.65474
21.60448
21.56888
21.57028
21.51933
21.48163
21.44045
21.43626
21.39229
21.35739
21.29946
21.30783
21.34901
21.39508
21.44045
21.44045
21.52770
21.61146
21.61286
21.60867
21.65055
21.65474
21.73989
21.83273
21.82575
21.86972
21.87251
21.91719
21.96116
21.95278
22.00234
22.04143
22.08401
22.12798
22.12379
22.12379
22.13077
22.08401
22.03585
22.08122
22.04841
22.04003
22.04143
22.08540
22.03445
22.04283
22.04841
22.04003
22.04283
22.00234
21.95418
21.95976
22.00095
21.95139
21.90741
21.91160
21.86553
21.91160
21.86833
21.86972
21.82714
21.78177
21.82016
21.82296
21.78457
21.82435
21.78177
21.83133
21.86553
21.95976
21.95418
21.99536
22.13357
22.16847
22.21244
22.26060
22.29690
22.29550
22.43231
22.43231
22.47628
22.55795
22.55935
22.64311
22.64869
22.68638
22.73036
22.68080
22.72896
22.72756
22.77433
22.81062
22.77433
22.77572
22.77433
22.73036
22.72617
22.64869
22.64590
22.60611
22.65288
22.61030
22.50769
22.47349
22.42812
22.33668
22.29829
22.21244
22.17126
22.13357
22.08401
22.04143
22.04701
22.00374
21.95418
21.90881
21.91160
21.91160
21.91719
21.86833
21.82714
21.82435
21.86693
21.82994
21.77898
21.78736
21.74129
21.78317
21.78177
21.78177
21.78038
21.86972
21.95837
21.99676
22.00234
22.04143
22.12519
22.13217
22.17684
22.25502
22.30388
22.34506
22.34366
22.29969
22.37787
22.43231
22.46093
22.43371
22.42533
22.42812
22.48047
22.51467
22.47628
22.42533
22.42673
22.43091
22.43231
22.34506
22.34227
22.30248
22.29411
22.26339
22.25502
22.21523
22.25083
22.21244
22.17126
22.08540
22.13077
22.04422
22.00095
21.99955
22.00095
21.95139
21.95837
21.87251
21.87531
21.91579
21.87112
21.78317
21.82296
21.77898
21.78875
21.73850
21.73989
21.73850
21.73850
21.73571
21.73989
21.73291
21.78177
21.78038
21.83273
21.78038
21.83273
21.82575
21.86972
21.99536
21.99955
22.04143
22.03864
22.04562
22.08401
22.12519
22.07842
22.08540
22.07842
22.08680
22.04283
22.08820
22.04003
22.04003
22.08401
22.08540
22.07982
22.08401
22.04701
22.08820
22.08122
22.04562
22.04143
21.99257
21.95139
22.00234
21.91300
21.91300
21.86693
21.94720
21.91579
21.86414
21.82156
21.82994
21.87112
21.91160
21.91021
21.91858
21.95837
22.00374
22.04981
22.08820
22.12659
22.13217
22.13357
22.25362
22.34087
22.33808
22.42812
22.47768
22.51049
22.55935
22.55655
22.55935
22.51467
22.51747
22.51747
22.48187
22.47628
22.38066
22.38205
22.34785
22.25362
22.21663
22.17265
22.13217
22.07563
22.04701
22.00095
21.94999
22.00653
21.99257
21.91160
21.91579
21.91719
21.86553
21.87112
21.82296
21.79015
21.82435
21.78177
21.74408
21.74129
21.70290
21.70150
21.69732
21.65613
21.60588
21.65613
21.65055
21.65613
21.61565
21.61425
21.57307
21.65474
21.61146
21.66172
21.65893
21.69871
21.78317
21.86972
21.91300
21.91300
21.91858
22.04143
22.12519
22.08680
22.21384
22.21384
22.25921
22.26060
22.30388
22.30527
22.34506
22.34087
22.43231
22.38624
22.43650
22.43091
22.42952
22.43650
22.43231
22.42812
22.42673
22.34366
22.33948
22.34087
22.29411
22.30388
22.21384
22.18033
22.16847
22.13217
22.08959
22.08820
22.04562
21.99676
21.99676
21.91021
21.96256
21.91998
21.91300
21.86972
21.82854
21.87112
21.86972
21.86833
21.79015
21.82575
21.82994
21.82575
21.82994
21.82994
21.86833
21.95139
21.99955
22.04422
22.12240
22.13357
22.18033
22.21663
22.25781
22.30248
22.39183
22.39322
22.43510
22.51328
22.51188
22.60611
22.64311
22.68638
22.68499
22.73036
22.77572
22.73454
22.77712
22.77433
22.78131
22.77293
22.73454
22.73594
22.69197
22.68638
22.68778
22.60332
22.61030
22.60053
22.55655
22.51886
22.47349
22.42812
22.42673
22.38764
22.34925
22.29829
22.25641
22.26060
22.18173
22.21384
22.08122
22.08401
22.04701
21.99955
21.99676
22.00095
21.95278
21.95558
21.91858
21.91998
21.96256
21.95418
21.91021
21.90881
21.91300
21.95837
21.96256
21.99955
21.99815
22.04422
22.12798
22.17405
22.17545
22.22082
22.21104
22.20825
22.26619
22.30667
22.34366
22.39043
22.43371
22.47349
22.47210
22.51886
22.51188
22.51886
22.52165
22.52026
22.56353
22.60472
22.52026
22.52165
22.51747
22.47489
22.47210
22.43371
22.38485
22.38066
22.34925
22.30876
22.25641
22.21523
22.21802
22.17126
22.13357
22.04422
22.04422
21.95558
21.91998
21.86693
21.82854
21.82714
21.78875
21.74408
21.73710
21.74827
21.70150
21.65334
21.65474
21.61844
21.65055
21.60727
21.61705
21.61425
21.57447
21.65753
21.65893
21.70569
21.74129
21.78177
21.87112
21.95837
22.00095
22.04701
22.09378
22.13496
22.17684
22.21384
22.26479
22.30248
22.34227
22.34227
22.38903
22.42533
22.47070
22.48466
22.42673
22.47349
22.46651
22.47908
22.47070
22.47489
22.47908
22.47210
22.47210
22.38624
22.43231
22.43231
22.38624
22.39741
22.34506
22.34506
22.25502
22.26479
22.26200
22.21663
22.21523
22.17824
22.16986
22.08680
22.08540
22.12798
22.04701
22.08122
22.04841
22.04562
22.04143
22.04283
22.09518
22.08680
22.04562
22.04701
22.00374
22.05120
21.99955
22.04422
22.00374
22.00234
21.95837
22.00653
22.08820
22.16847
22.21244
22.30667
22.38624
22.34506
22.39043
22.43859
22.51886
22.52584
22.56214
22.60611
22.69197
22.78131
22.82389
22.90834
22.99559
23.16242
23.20011
23.20290
23.12542
23.12542
23.12263
23.12682
23.13101
23.03398
23.08494
23.16521
23.12263
23.11984
23.16660
23.07726
23.12123
23.03678
23.16381
23.03957
22.95232
22.86437
22.86577
22.91114
22.82389
22.81760
22.78410
22.78270
22.86158
22.95371
23.04236
23.03259
23.03538
23.03957
22.99420
22.95232
22.95232
22.90695
22.82389
22.73454
22.60611
22.65009
22.47349
22.38764
22.30876
22.25781
22.29829
22.30876
22.30109
22.08261
22.08540
22.04143
22.00234
21.96674
22.08959
22.04003
22.09238
22.12659
22.17545
22.13775
22.17126
22.25641
22.30248
22.39043
22.39183
22.38205
22.47349
22.46930
22.47768
22.52305
22.55655
22.60472
22.56493
22.60890
22.56074
22.60751
22.60611
22.60192
22.60332
22.68778
22.60472
22.60611
22.73594
22.73454
22.69685
22.69685
22.64590
22.69825
22.64450
22.60192
22.47908
22.47210
22.39043
22.30527
22.30527
22.21802
22.17545
22.08122
22.05190
22.04422
21.99955
21.96256
21.95558
21.87670
21.83552
21.82296
21.73850
21.69313
21.69592
21.66172
21.65613
21.61146
21.57726
21.57168
21.60588
21.65474
21.74129
21.78596
21.82296
21.87391
21.95697
22.00095
22.00653
22.08680
22.13217
22.16986
22.26479
22.26060
22.30876
22.25781
22.30807
22.34785
22.34366
22.39601
22.34366
22.38624
22.38764
22.47070
22.47210
22.47768
22.47628
22.47768
22.43091
22.47628
22.38624
22.43091
22.43510
22.39043
22.43371
22.34785
22.39043
22.39183
22.38764
22.30667
22.26060
22.21384
22.17405
22.13217
22.07842
22.04562
22.05190
21.95697
21.95697
21.87251
21.91439
21.86833
21.82854
21.78177
21.74827
21.74687
21.69732
21.65474
21.69592
21.66032
21.70011
21.70150
21.79015
21.82435
21.86553
22.00513
22.04422
22.04283
22.12938
22.16986
22.17265
22.21802
22.25781
22.30667
22.34506
22.30248
22.34227
22.43720
22.43091
22.47210
22.47070
22.47768
22.51747
22.56702
22.51188
22.51328
22.47628
22.51747
22.52026
22.55935
22.47489
22.43231
22.42812
22.43650
22.34506
22.39322
22.38485
22.39183
22.34646
22.29550
22.26060
22.22082
22.17545
22.17126
22.08401
22.08680
22.00513
21.95976
21.96116
21.87391
21.86972
21.87531
21.78875
21.73989
21.69452
21.70430
21.70290
21.60867
21.57586
21.57028
21.60588
21.61705
21.57168
21.56749
21.56749
21.61705
21.69732
21.74269
21.83552
21.78736
21.91439
21.95976
22.00513
22.04143
22.04701
22.17265
22.25223
22.29829
22.35344
22.42673
22.38345
22.43859
22.47349
22.47349
22.51607
22.51886
22.52026
22.51886
22.47070
22.56633
22.43510
22.43510
22.43091
22.42952
22.47349
22.34366
22.39043
22.35344
22.30527
22.30527
22.26339
22.16986
22.17126
22.17684
22.13217
22.08680
22.04981
22.00095
21.96256
21.95697
21.99815
21.91579
21.86833
21.82016
21.73989
21.82435
21.73850
21.73571
21.65893
21.65613
21.70011
21.65195
21.56749
21.57028
21.56888
21.56749
21.52910
21.56470
21.57028
21.61146
21.65613
21.69732
21.78875
21.78457
21.86972
21.95558
22.00513
22.00653
22.03724
22.08401
22.08820
22.17126
22.21663
22.21244
22.25502
22.26060
22.26200
22.21942
22.25641
22.25362
22.21802
22.21384
22.21244
22.17265
22.16707
22.16847
22.09378
22.08680
22.04562
22.08540
22.04283
22.04841
21.96535
21.91579
21.86972
21.91858
21.82714
21.82575
21.82575
21.78038
21.86833
21.87949
21.86833
21.87251
21.91579
21.91579
21.95418
21.95139
21.99676
21.99397
22.12798
22.12519
22.16428
22.16986
22.25362
22.21244
22.25362
22.30248
22.30527
22.29829
22.30527
22.39043
22.38903
22.34646
22.42673
22.47489
22.38764
22.59774
22.56214
22.55795
22.52026
22.51049
22.52165
22.51886
22.51747
22.43231
22.43720
22.42673
22.38066
22.43091
22.34506
22.29829
22.30527
22.29969
22.25921
22.21384
22.16847
22.16707
22.13077
22.12798
22.08680
22.04283
22.03864
22.00095
21.99536
21.91300
21.87391
21.91579
21.78875
21.78038
21.82156
21.73989
21.73850
21.65893
21.65474
21.73710
21.69034
21.65195
21.73710
21.74548
21.86693
21.86693
21.91021
21.87391
21.95278
22.04283
22.17126
22.13077
22.30109
22.29550
22.25781
22.30527
22.34366
22.42393
22.42673
22.42952
22.43091
22.47768
22.52026
22.38345
22.51328
22.42952
22.51188
22.51188
22.34925
22.43510
22.42673
22.33808
22.38345
22.38624
22.25502
22.29969
22.26060
22.25362
22.21523
22.17265
22.13217
22.12240
22.08959
21.91719
22.04562
21.99955
21.86833
21.86972
21.82435
21.83412
21.78596
21.78736
21.73431
21.70011
21.78596
21.78596
21.69452
21.69732
21.69313
21.78736
21.78596
21.82435
21.82156
21.87112
21.95139
22.08959
22.00374
22.16707
22.17684
22.21663
22.20546
22.16707
22.25781
22.33948
22.33948
22.39043
22.38066
22.38903
22.38066
22.38624
22.34366
22.34366
22.38624
22.29829
22.25223
22.25781
22.21244
22.25641
22.21384
22.12798
22.12519
22.08261
22.04003
22.07982
22.04283
22.04283
22.00095
21.99815
22.00095
21.95837
21.95418
21.95139
21.91300
21.78596
21.82296
21.73850
21.73152
21.69732
21.73989
21.70150
21.73431
21.73152
21.78038
21.95558
21.91300
22.08959
22.08122
22.07842
22.12938
22.12100
22.17405
22.21244
22.20965
22.29829
22.29411
22.34925
22.34366
22.34506
22.38903
22.33808
22.38624
22.39322
22.34785
22.33808
22.29829
22.30248
22.25362
22.25781
22.21523
22.17684
22.17265
22.13077
22.12379
22.08122
22.08820
22.04562
22.04283
22.00234
21.99955
22.00095
21.99955
21.95837
21.95278
21.95837
21.99117
21.82714
21.82714
21.69313
21.69452
21.78875
21.70011
21.65613
21.60309
21.56888
21.61425
21.60727
21.64915
21.78177
21.82714
21.91858
21.96395
21.99955
22.04003
22.03724
22.12100
22.12379
22.20965
22.20965
22.30248
22.30109
22.30109
22.30388
22.38903
22.38205
22.38066
22.42673
22.38624
22.38485
22.43650
22.34785
22.34506
22.34087
22.34366
22.33808
22.29969
22.29969
22.25223
22.25362
22.25362
22.21523
22.21384
22.16986
22.21384
22.17265
22.04562
21.86274
21.86972
21.83273
21.78317
21.82435
21.74548
21.74408
21.69871
21.69313
21.65195
21.65613
21.61007
21.57168
21.56749
21.60867
21.61146
21.62123
21.61007
21.61146
21.60588
21.61146
21.57307
21.57307
21.56749
21.65893
21.70430
21.69732
21.73710
21.87531
21.91719
21.95558
22.12798
22.17405
22.16567
22.13357
22.17405
22.21802
22.21104
22.26339
22.25502
22.30248
22.26619
22.34785
22.38764
22.34646
22.34227
22.34506
22.34227
22.33808
22.34646
22.29829
22.34087
22.29969
22.30388
22.21802
22.21384
22.17545
22.16707
22.12100
22.08959
22.08540
22.03724
21.99536
21.99397
22.00653
22.04562
22.00234
21.99955
21.99117
21.99815
22.00234
21.96116
21.95418
22.00095
22.00653
21.99676
22.00234
22.00234
21.95558
21.86135
21.82156
21.78596
21.91858
21.78736
21.78875
21.74408
21.78596
21.91160
21.91160
21.95697
21.95139
21.95697
22.00234
22.04701
22.08122
22.12519
22.17405
22.21244
22.24943
22.25502
22.26060
22.25641
22.34087
22.38624
22.39043
22.38624
22.38903
22.43510
22.47070
22.42812
22.43510
22.43510
22.42533
22.42254
22.33948
22.38764
22.34646
22.34087
22.29969
22.30388
22.21384
22.21244
22.21942
22.12100
22.12519
22.08820
22.08122
22.09378
22.03724
22.08122
22.08401
22.09238
22.04143
21.87112
21.91579
21.91021
21.86833
21.86833
21.82435
21.82016
21.83552
21.82296
21.78038
21.83412
21.77479
21.78317
21.86553
21.73571
21.77759
21.82016
21.82994
21.82435
21.78038
21.82854
21.86972
21.86833
21.82714
21.79015
21.78317
21.82435
21.73989
21.78875
21.87391
21.86833
22.08680
22.13077
22.13775
22.13357
22.12659
22.12798
22.13636
22.21663
22.26060
22.30667
22.26200
22.30248
22.34366
22.43371
22.42673
22.43231
22.47070
22.51747
22.56214
22.55935
22.56214
22.55795
22.60332
22.55516
22.55516
22.51188
22.51747
22.51467
22.46930
22.51467
22.47210
22.55935
22.46930
22.55935
22.46930
22.43371
22.21802
22.17545
22.16567
22.13357
22.04422
22.03864
22.00513
22.00513
22.00095
21.99815
22.00095
21.99955
22.00513
22.04981
22.04003
22.04003
22.04283
21.86693
21.91160
22.00234
21.87391
21.95558
21.82575
21.82854
21.82016
21.82854
21.82435
21.73571
21.82575
21.74129
21.86833
21.91579
21.92137
21.90741
21.95558
22.00653
22.00095
22.03585
22.04562
22.09099
22.17545
22.21384
22.21802
22.25362
22.25781
22.30248
22.34646
22.39322
22.38764
22.38485
22.42952
22.43231
22.42673
22.56214
22.51886
22.64729
22.60332
22.60053
22.60192
22.55516
22.51328
22.51747
22.47210
22.46651
22.42952
22.34925
22.34925
22.29969
22.26339
22.16847
22.12938
22.13077
22.04841
21.87391
21.86972
21.82854
21.83273
21.83552
21.82994
21.83133
21.87391
21.82156
21.82994
21.78596
21.82994
21.78177
21.82575
21.87391
22.08959
22.00095
22.00234
22.21663
22.17126
22.26479
22.30248
22.38903
22.39322
22.48047
22.52026
22.52305
22.52305
22.55655
22.55935
22.64869
22.59634
22.56493
22.60890
22.69057
22.64590
22.60751
22.56074
22.55935
22.60192
22.60053
22.51747
22.51607
22.47070
22.52165
22.47210
22.33948
22.38624
22.30807
22.30248
22.25921
22.17265
22.16847
22.04562
22.04841
22.04701
21.99676
21.95976
21.95837
21.83412
21.87251
21.69452
21.65334
21.65893
21.60867
21.61705
21.61705
21.65893
21.62123
21.57168
21.56749
21.61286
21.61565
21.65195
21.73571
21.86972
21.96256
22.00374
22.03864
22.08680
22.09238
22.17126
22.17265
22.30667
22.30807
22.30388
22.29690
22.30388
22.34506
22.39043
22.43231
22.38764
22.39462
22.38485
22.47628
22.47768
22.38345
22.43371
22.38903
22.43371
22.39043
22.30667
22.34366
22.30248
22.29969
22.22500
22.13077
22.08680
22.08959
22.04003
22.00653
22.04841
22.04283
21.96395
21.87251
21.91579
21.78875
21.91439
21.82854
21.74967
21.78596
21.74129
21.87670
21.79155
21.70150
21.78317
21.79155
21.86972
21.86833
22.00234
22.04701
22.04841
22.12938
22.21802
22.22221
22.26060
22.30667
22.35344
22.34227
22.34366
22.34227
22.39183
22.43231
22.43510
22.47628
22.51607
22.47210
22.51607
22.47628
22.48047
22.47489
22.43091
22.38205
22.35204
22.39322
22.38903
22.34506
22.30109
22.26619
22.21663
22.17405
22.13217
22.12938
22.13077
22.04283
22.04981
22.00374
22.00513
22.00374
21.96256
21.91439
21.95558
21.88229
21.91719
21.86693
21.92137
21.91160
21.87391
21.86972
21.87391
21.82575
21.87391
21.92137
22.00095
22.04701
22.13217
22.08820
22.08401
22.13357
22.17545
22.17684
22.12519
22.21523
22.26200
22.26060
22.30109
22.30109
22.30248
22.34646
22.33808
22.34227
22.34366
22.34925
22.34506
22.34227
22.34785
22.30109
22.25362
22.21942
22.21802
22.12798
22.08401
22.04701
22.00653
21.96116
21.86693
21.86693
21.86693
21.83552
21.78596
21.74129
21.82714
21.78457
21.78596
21.79434
21.78457
21.91858
21.91300
21.95558
22.00095
22.08680
22.04422
22.08680
22.08820
22.08122
22.12798
22.08401
22.08401
22.08820
22.12938
22.17545
22.08680
22.13077
22.17405
22.21104
22.21942
22.22082
22.21244
22.21104
22.26200
22.21523
22.21244
22.21802
22.21942
22.17265
22.22082
22.12798
22.09099
22.04841
22.00095
21.99815
22.00095
21.95558
21.91439
21.91579
21.86972
21.91719
21.82435
21.86833
21.78457
21.75246
21.78457
21.73989
21.70011
21.69732
21.70150
21.65613
21.69732
21.70150
21.65195
21.65893
21.69732
21.74827
21.74408
21.79155
21.82714
21.91858
21.91998
21.91719
21.96256
22.00095
22.09099
22.12938
22.17963
22.17405
22.26339
22.21384
22.21942
22.26200
22.30248
22.34366
22.29690
22.35064
22.34925
22.38903
22.39183
22.38764
22.34925
22.38624
22.34087
22.38764
22.34227
22.30109
22.25641
22.25781
22.26060
22.21663
22.13077
22.08401
22.08122
22.04562
22.04981
22.04701
21.96256
21.95139
21.91160
21.91300
21.86693
21.82854
21.82714
21.78317
21.78317
21.74687
21.74548
21.74548
21.65753
21.70150
21.69732
21.65474
21.65893
21.66172
21.78596
21.74129
21.82575
21.86833
21.87391
21.91579
21.95418
21.99676
22.00234
22.08401
22.08261
22.17126
22.17545
22.26339
22.25641
22.21802
22.26619
22.31016
22.30388
22.30388
22.21104
22.26060
22.22082
22.16986
22.21244
22.12519
22.13217
