0.89200
0.86800
1.01800
1.20600
0.97000
1.46400
1.21600
1.13400
1.06000
0.99000
1.09200
1.14800
0.96400
1.15000
0.91200
1.07600
1.17000
1.20800
1.02800
1.12600
1.10000
1.01800
0.87800
0.57000
0.91800
1.14200
1.05600
1.05600
0.88600
0.87200
0.85600
0.98800
0.84200
1.25600
0.99200
1.04000
0.97000
1.15400
1.30200
1.15600
1.02200
1.01800
1.04600
1.01200
1.08800
1.14800
1.48200
0.75600
0.64400
0.72400
0.75400
0.74000
0.71400
0.79800
0.83200
0.98000
0.97200
0.93600
1.04600
1.12000
1.03800
1.04800
1.12400
1.11400
1.02400
0.98400
0.99800
1.04000
1.01400
1.00200
1.08200
0.85800
0.82600
0.99000
1.07800
1.00400
1.29600
1.38200
1.40800
1.28600
1.38800
1.23400
1.23800
1.16600
1.17000
1.20400
1.09600
1.13200
1.19600
1.17200
1.02600
0.95600
1.21800
1.05400
1.09800
1.27400
1.07800
1.42800
1.22000
1.06800
1.29600
1.16000
0.96400
1.03000
0.97600
0.93800
1.17200
1.34000
1.23200
1.23800
1.00400
0.85600
0.89400
0.99400
1.13600
1.15600
1.05400
1.23600
1.41000
1.47000
1.21400
1.23000
0.90200
1.09200
1.25200
1.31800
1.30200
1.13200
1.08400
1.19200
1.38400
1.16800
1.30600
1.32800
1.36600
1.31400
1.20400
1.24800
1.11600
1.15600
1.07000
0.97800
0.97000
1.31400
1.43200
1.18200
1.15000
1.08000
1.00600
1.00600
0.99400
1.19200
1.12600
1.56400
1.07800
1.10600
1.21200
1.10800
1.02400
1.02800
1.27400
1.32600
1.35800
