1.58000
1.78000
1.70000
1.48000
1.50000
1.30000
1.36000
1.42000
1.32000
1.40000
2.00000
1.48000
1.62000
1.56000
1.70000
1.80000
1.34000
1.28000
1.58000
1.52000
1.38000
1.54000
1.24000
2.60000
1.96000
2.04000
2.12000
1.92000
1.26000
1.20000
1.30000
1.46000
1.72000
1.68000
1.60000
0.98000
0.98000
0.94000
0.92000
1.00000
0.96000
1.08000
1.26000
1.08000
0.98000
1.00000
1.20000
1.02000
1.10000
1.98000
1.68000
1.50000
1.38000
1.36000
1.38000
1.06000
0.98000
1.04000
0.86000
1.28000
1.44000
1.60000
1.64000
1.50000
1.34000
1.38000
1.40000
1.54000
1.50000
1.22000
1.20000
1.20000
1.52000
1.60000
1.54000
1.36000
1.52000
1.42000
1.32000
1.20000
1.30000
1.50000
1.56000
1.30000
1.10000
1.36000
1.60000
1.62000
1.32000
1.22000
1.26000
1.50000
1.62000
1.78000
1.52000
1.28000
0.98000
1.04000
0.98000
