-0.03809
-0.04139
-0.04506
-0.04937
-0.05478
-0.06189
-0.07122
-0.08300
-0.09691
-0.11197
-0.12676
-0.13982
-0.15021
-0.15809
-0.16488
-0.17304
-0.18542
-0.20424
-0.23020
-0.26184
-0.29559
-0.32643
-0.34910
-0.35932
-0.35491
-0.33609
-0.30527
-0.26616
-0.22270
-0.17808
-0.13408
-0.09101
-0.04799
-0.00360
0.04341
0.09350
0.14602
0.19922
0.25057
0.29726
0.33676
0.36726
0.38789
0.39878
0.40098
0.39624
0.38667
0.37443
0.36128
0.34825
0.33552
0.32241
0.30774
0.29029
0.26930
0.24487
0.21807
0.19072
0.16501
0.14283
0.12531
0.11247
0.10323
0.09577
0.08805
0.07833
0.06566
0.04997
0.03208
0.01333
-0.00474
-0.02088
-0.03434
-0.04508
-0.05371
-0.06130
-0.06907
-0.07812
-0.08917
-0.10247
-0.11793
-0.13530
-0.15438
-0.17515
-0.19770
-0.22203
-0.24778
-0.27400
-0.29914
-0.32125
-0.33853
-0.34985
-0.35529
-0.35629
-0.35538
-0.35547
-0.35906
-0.36731
-0.37955
-0.39322
-0.40436
-0.40852
-0.40188
-0.38229
-0.34980
-0.30662
-0.25648
-0.20343
-0.15079
-0.10030
-0.05193
-0.00425
0.04470
0.09651
0.15162
0.20905
0.26650
0.32087
0.36905
0.40856
0.43808
0.45755
0.46800
0.47108
0.46856
0.46184
0.45174
0.43843
0.42170
0.40129
0.37725
0.35014
0.32104
0.29139
0.26267
0.23604
0.21219
0.19121
0.17268
0.15587
0.13986
0.12372
0.10657
0.08767
0.06655
0.04310
0.01769
-0.00882
-0.03522
-0.06020
-0.08263
-0.10176
-0.11730
-0.12935
-0.13821
-0.14430
-0.14803
-0.14985
-0.15029
-0.14992
-0.14937
-0.14919
-0.14975
-0.15116
-0.15329
-0.15587
-0.15864
-0.16145
-0.16436
-0.16755
-0.17125
-0.17555
-0.18036
-0.18539
-0.19027
-0.19469
-0.19849
-0.20175
-0.20466
-0.20743
-0.21013
-0.21267
-0.21484
-0.21639
-0.21723
-0.21746
-0.21737
-0.21730
-0.21743
-0.21752
-0.21678
-0.21386
-0.20707
-0.19473
-0.17560
-0.14912
-0.11567
-0.07640
-0.03304
0.01248
0.05842
0.10352
0.14713
0.18917
0.22982
0.26921
0.30702
0.34239
0.37392
0.40004
0.41941
0.43130
0.43572
0.43338
0.42539
0.41292
0.39692
0.37804
0.35666
0.33310
0.30773
0.28112
0.25398
0.22707
0.20100
0.17611
0.15239
0.12950
0.10696
0.08428
0.06114
0.03748
0.01354
-0.01022
-0.03317
-0.05461
-0.07389
-0.09048
-0.10409
-0.11475
-0.12287
-0.12927
-0.13501
-0.14126
-0.14891
-0.15833
-0.16919
-0.18051
-0.19096
-0.19921
-0.20443
-0.20647
-0.20593
-0.20396
-0.20182
-0.20062
-0.20095
-0.20283
-0.20578
-0.20902
-0.21172
-0.21320
-0.21319
-0.21184
-0.20973
-0.20775
-0.20690
-0.20802
-0.21165
-0.21789
-0.22645
-0.23659
-0.24724
-0.25692
-0.26376
-0.26566
-0.26048
-0.24646
-0.22272
-0.18952
-0.14835
-0.10165
-0.05223
-0.00258
0.04565
0.09200
0.13704
0.18196
0.22793
0.27549
0.32416
0.37233
0.41761
0.45730
0.48910
0.51166
0.52482
0.52958
0.52760
0.52057
0.50962
0.49503
0.47623
0.45237
0.42288
0.38807
0.34931
0.30871
0.26855
0.23043
0.19476
0.16064
0.12631
0.08995
0.05056
0.00849
-0.03452
-0.07588
-0.11295
-0.14393
-0.16837
-0.18724
-0.20252
-0.21644
-0.23072
-0.24607
-0.26203
-0.27733
-0.29047
-0.30032
-0.30649
-0.30943
-0.31015
-0.30987
-0.30967
-0.31025
-0.31191
-0.31465
-0.31836
-0.32291
-0.32816
-0.33398
-0.34021
-0.34667
-0.35312
-0.35924
-0.36451
-0.36803
-0.36842
-0.36384
-0.35223
-0.33171
-0.30106
-0.26012
-0.20988
-0.15232
-0.08991
-0.02514
0.03999
0.10408
0.16635
0.22644
0.28415
0.33933
0.39164
0.44047
0.48483
0.52334
0.55436
0.57634
0.58813
0.58938
0.58069
0.56352
0.53983
0.51154
0.48013
0.44638
0.41054
0.37260
0.33279
0.29181
0.25091
0.21158
0.17509
0.14196
0.11173
0.08296
0.05369
0.02200
-0.01324
-0.05191
-0.09252
-0.13246
-0.16866
-0.19837
-0.21996
-0.23328
-0.23978
-0.24201
-0.24292
-0.24505
-0.24981
-0.25723
-0.26610
-0.27452
-0.28061
-0.28321
-0.28229
-0.27898
-0.27516
-0.27292
-0.27388
-0.27879
-0.28739
-0.29860
-0.31099
-0.32327
-0.33464
-0.34494
-0.35435
-0.36304
-0.37055
-0.37547
-0.37533
-0.36698
-0.34724
-0.31381
-0.26599
-0.20517
-0.13463
-0.05888
0.01737
0.09018
0.15716
0.21762
0.27227
0.32263
0.37031
0.41639
0.46109
0.50371
0.54276
0.57630
0.60235
0.61924
0.62595
0.62221
0.60856
0.58616
0.55663
0.52175
0.48331
0.44282
0.40143
0.35978
0.31797
0.27567
0.23222
0.18693
0.13932
0.08930
0.03729
-0.01577
-0.06859
-0.11970
-0.16768
-0.21141
-0.25018
-0.28377
-0.31238
-0.33660
-0.35724
-0.37525
-0.39152
-0.40673
-0.42114
-0.43459
-0.44650
-0.45617
-0.46307
-0.46712
-0.46890
-0.46955
-0.47045
-0.47280
-0.47705
-0.48253
-0.48732
-0.48847
-0.48244
-0.46585
-0.43618
-0.39241
-0.33521
-0.26697
-0.19125
-0.11215
-0.03345
0.04205
0.11303
0.17969
0.24351
0.30648
0.37021
0.43510
0.49980
0.56127
0.61535
0.65784
0.68553
0.69714
0.69360
0.67771
0.65333
0.62418
0.59295
0.56066
0.52683
0.49009
0.44916
0.40378
0.35510
0.30559
0.25828
0.21580
0.17952
0.14904
0.12232
0.09624
0.06748
0.03340
-0.00733
-0.05441
-0.10601
-0.15923
-0.21074
-0.25745
-0.29718
-0.32896
-0.35316
-0.37133
-0.38578
-0.39915
-0.41380
-0.43140
-0.45268
-0.47741
-0.50466
-0.53320
-0.56179
-0.58938
-0.61496
-0.63724
-0.65439
-0.66387
-0.66264
-0.64775
-0.61700
-0.56963
-0.50664
-0.43067
-0.34545
-0.25510
-0.16341
-0.07331
0.01325
0.09529
0.17246
0.24475
0.31209
0.37422
0.43054
0.48024
0.52245
0.55647
0.58198
0.59915
0.60857
0.61117
0.60796
0.59995
0.58798
0.57269
0.55451
0.53356
0.50964
0.48224
0.45077
0.41493
0.37508
0.33255
0.28949
0.24849
0.21184
0.18088
0.15551
0.13419
0.11444
0.09360
0.06968
0.04185
0.01062
-0.02257
-0.05597
-0.08816
-0.11849
-0.14718
-0.17501
-0.20293
-0.23167
-0.26156
-0.29252
-0.32429
-0.35650
-0.38881
-0.42084
-0.45212
-0.48205
-0.50998
-0.53533
-0.55769
-0.57676
-0.59221
-0.60336
-0.60901
-0.60741
-0.59651
-0.57447
-0.54013
-0.49345
-0.43562
-0.36892
-0.29628
-0.22083
-0.14532
-0.07176
-0.00119
0.06634
0.13156
0.19557
0.25937
0.32334
0.38687
0.44826
0.50499
0.55423
0.59347
0.62115
0.63699
0.64191
0.63766
0.62623
0.60934
0.58808
0.56289
0.53374
0.50053
0.46341
0.42299
0.38033
0.33673
0.29345
0.25144
0.21116
0.17260
0.13532
0.09864
0.06168
0.02351
-0.01674
-0.05972
-0.10566
-0.15414
-0.20405
-0.25360
-0.30063
-0.34295
-0.37869
-0.40660
-0.42623
-0.43795
-0.44294
-0.44303
-0.44053
-0.43795
-0.43760
-0.44112
-0.44913
-0.46087
-0.47428
-0.48631
-0.49352
-0.49282
-0.48211
-0.46054
-0.42848
-0.38713
-0.33807
-0.28293
-0.22313
-0.15989
-0.09429
-0.02729
0.04019
0.10729
0.17323
0.23727
0.29866
0.35656
0.40998
0.45777
0.49863
0.53130
0.55466
0.56794
0.57090
0.56394
0.54812
0.52514
0.49706
0.46598
0.43365
0.40111
0.36859
0.33566
0.30161
0.26599
0.22903
0.19167
0.15543
0.12180
0.09177
0.06547
0.04219
0.02067
-0.00035
-0.02168
-0.04349
-0.06533
-0.08642
-0.10604
-0.12379
-0.13976
-0.15444
-0.16856
-0.18290
-0.19810
-0.21460
-0.23248
-0.25148
-0.27097
-0.28996
-0.30733
-0.32202
-0.33341
-0.34159
-0.34747
-0.35272
-0.35944
-0.36964
-0.38458
-0.40423
-0.42692
-0.44937
-0.46708
-0.47511
-0.46903
-0.44588
-0.40480
-0.34724
-0.27664
-0.19769
-0.11540
-0.03425
0.04246
0.11286
0.17635
0.23316
0.28379
0.32853
0.36721
0.39925
0.42389
0.44058
0.44927
0.45056
0.44564
0.43599
0.42305
0.40787
0.39093
0.37215
0.35109
0.32726
0.30043
0.27083
0.23909
0.20610
0.17270
0.13944
0.10647
0.07378
0.04141
0.00989
-0.01960
-0.04521
-0.06479
-0.07642
-0.07896
-0.07256
-0.05881
-0.04061
-0.02167
-0.00586
0.00362
0.00485
-0.00242
-0.01681
-0.03569
-0.05583
-0.07419
-0.08852
-0.09779
-0.10217
-0.10277
-0.10113
-0.09870
-0.09644
-0.09467
-0.09317
-0.09143
-0.08907
-0.08605
-0.08274
-0.07980
-0.07784
-0.07716
-0.07754
-0.07837
-0.07880
-0.07815
-0.07615
-0.07300
-0.06933
-0.06595
-0.06352
-0.06234
-0.06229
-0.06294
-0.06380
-0.06461
-0.06568
-0.06807
-0.07361
-0.08464
-0.10358
-0.13215
-0.17064
-0.21725
-0.26784
-0.31640
-0.35609
-0.38066
-0.38591
-0.37062
-0.33675
-0.28873
-0.23223
-0.17274
-0.11441
-0.05951
-0.00847
0.03955
0.08587
0.13161
0.17730
0.22283
0.26760
0.31078
0.35142
0.38855
0.42111
0.44796
0.46797
0.48023
0.48425
0.48020
0.46898
0.45208
0.43134
0.40858
0.38532
0.36259
0.34087
0.32013
0.29993
0.27945
0.25763
0.23320
0.20497
0.17204
0.13418
0.09210
0.04743
0.00251
-0.04009
-0.07822
-0.11058
-0.13693
-0.15799
-0.17514
-0.18998
-0.20397
-0.21823
-0.23342
-0.24974
-0.26700
-0.28468
-0.30202
-0.31819
-0.33234
-0.34375
-0.35193
-0.35671
-0.35823
-0.35699
-0.35381
-0.34978
-0.34617
-0.34429
-0.34526
-0.34980
-0.35797
-0.36895
-0.38091
-0.39106
-0.39594
-0.39192
-0.37591
-0.34603
-0.30210
-0.24579
-0.18033
-0.10982
-0.03839
0.03061
0.09511
0.15434
0.20855
0.25840
0.30443
0.34670
0.38475
0.41781
0.44514
0.46631
0.48142
0.49098
0.49573
0.49630
0.49301
0.48577
0.47412
0.45754
0.43573
0.40885
0.37771
0.34371
0.30863
0.27432
0.24227
0.21334
0.18751
0.16400
0.14143
0.11825
0.09319
0.06567
0.03591
0.00495
-0.02571
-0.05441
-0.07968
-0.10050
-0.11643
-0.12764
-0.13489
-0.13948
-0.14301
-0.14719
-0.15348
-0.16280
-0.17528
-0.19023
-0.20625
-0.22155
-0.23440
-0.24355
-0.24859
-0.24999
-0.24899
-0.24717
-0.24613
-0.24702
-0.25039
-0.25614
-0.26360
-0.27178
-0.27959
-0.28616
-0.29109
-0.29465
-0.29778
-0.30191
-0.30846
-0.31817
-0.33037
-0.34271
-0.35125
-0.35120
-0.33820
-0.30950
-0.26495
-0.20719
-0.14101
-0.07210
-0.00560
0.05519
0.10929
0.15792
0.20360
0.24902
0.29602
0.34489
0.39429
0.44170
0.48408
0.51877
0.54409
0.55962
0.56611
0.56508
0.55831
0.54730
0.53296
0.51549
0.49453
0.46946
0.43985
0.40579
0.36804
0.32799
0.28738
0.24786
0.21052
0.17569
0.14282
0.11074
0.07806
0.04364
0.00697
-0.03167
-0.07126
-0.11025
-0.14693
-0.17974
-0.20757
-0.22985
-0.24660
-0.25836
-0.26611
-0.27109
-0.27464
-0.27797
-0.28193
-0.28688
-0.29271
-0.29905
-0.30545
-0.31166
-0.31767
-0.32368
-0.32992
-0.33651
-0.34332
-0.35001
-0.35615
-0.36143
-0.36573
-0.36926
-0.37238
-0.37533
-0.37797
-0.37946
-0.37824
-0.37219
-0.35909
-0.33718
-0.30567
-0.26502
-0.21684
-0.16353
-0.10766
-0.05146
0.00358
0.05676
0.10800
0.15747
0.20529
0.25129
0.29491
0.33534
0.37171
0.40322
0.42932
0.44965
0.46408
0.47273
0.47600
0.47463
0.46964
0.46220
0.45341
0.44408
0.43453
0.42461
0.41379
0.40138
0.38678
0.36968
0.35012
0.32844
0.30517
0.28082
0.25578
0.23017
0.20399
0.17716
0.14961
0.12137
0.09248
0.06290
0.03244
0.00079
-0.03235
-0.06700
-0.10266
-0.13813
-0.17160
-0.20097
-0.22438
-0.24079
-0.25032
-0.25431
-0.25502
-0.25504
-0.25661
-0.26115
-0.26893
-0.27922
-0.29059
-0.30148
-0.31062
-0.31741
-0.32195
-0.32489
-0.32716
-0.32969
-0.33314
-0.33778
-0.34347
-0.34970
-0.35567
-0.36048
-0.36328
-0.36349
-0.36094
-0.35586
-0.34877
-0.34018
-0.33022
-0.31837
-0.30336
-0.28336
-0.25637
-0.22082
-0.17601
-0.12242
-0.06169
0.00359
0.07036
0.13561
0.19694
0.25282
0.30275
0.34698
0.38616
0.42084
0.45115
0.47670
0.49676
0.51059
0.51776
0.51839
0.51310
0.50286
0.48867
0.47132
0.45135
0.42901
0.40454
0.37835
0.35113
0.32389
0.29769
0.27338
0.25127
0.23096
0.21145
0.19145
0.16981
0.14595
0.12011
0.09328
0.06686
0.04217
0.01991
-0.00011
-0.01893
-0.03808
-0.05899
-0.08240
-0.10807
-0.13476
-0.16064
-0.18388
-0.20315
-0.21799
-0.22873
-0.23624
-0.24145
-0.24507
-0.24737
-0.24828
-0.24761
-0.24530
-0.24170
-0.23755
-0.23391
-0.23186
-0.23215
-0.23494
-0.23975
-0.24556
-0.25127
-0.25609
-0.25996
-0.26365
-0.26863
-0.27658
-0.28880
-0.30558
-0.32592
-0.34747
-0.36690
-0.38050
-0.38492
-0.37769
-0.35769
-0.32513
-0.28157
-0.22957
-0.17241
-0.11366
-0.05670
-0.00414
0.04254
0.08323
0.11905
0.15196
0.18417
0.21762
0.25360
0.29251
0.33400
0.37705
0.42026
0.46201
0.50067
0.53467
0.56261
0.58328
0.59579
0.59959
0.59455
0.58092
0.55940
0.53099
0.49689
0.45836
0.41649
0.37216
0.32598
0.27830
0.22937
0.17942
0.12882
0.07817
0.02835
-0.01952
-0.06420
-0.10462
-0.14005
-0.17035
-0.19596
-0.21786
-0.23725
-0.25531
-0.27281
-0.29003
-0.30663
-0.32188
-0.33491
-0.34499
-0.35178
-0.35537
-0.35627
-0.35518
-0.35288
-0.35000
-0.34699
-0.34412
-0.34160
-0.33968
-0.33864
-0.33872
-0.33988
-0.34159
-0.34261
-0.34103
-0.33443
-0.32034
-0.29670
-0.26233
-0.21725
-0.16277
-0.10128
-0.03585
0.03025
0.09417
0.15388
0.20839
0.25759
0.30192
0.34190
0.37767
0.40893
0.43491
0.45474
0.46773
0.47361
0.47261
0.46542
0.45295
0.43615
0.41581
0.39243
0.36630
0.33756
0.30639
0.27308
0.23820
0.20248
0.16675
0.13175
0.09796
0.06554
0.03437
0.00416
-0.02539
-0.05447
-0.08304
-0.11086
-0.13758
-0.16288
-0.18661
-0.20893
-0.23020
-0.25097
-0.27168
-0.29259
-0.31362
-0.33443
-0.35457
-0.37369
-0.39164
-0.40847
-0.42432
-0.43910
-0.45221
-0.46227
-0.46716
-0.46427
-0.45102
-0.42551
-0.38708
-0.33668
-0.27680
-0.21102
-0.14322
-0.07678
-0.01386
0.04482
0.09980
0.15238
0.20385
0.25496
0.30545
0.35401
0.39857
0.43670
0.46631
0.48609
0.49586
0.49662
0.49023
0.47889
0.46459
0.44865
0.43156
0.41311
0.39280
0.37028
0.34564
0.31948
0.29265
0.26592
0.23959
0.21341
0.18670
0.15865
0.12870
0.09685
0.06363
0.03003
-0.00280
-0.03384
-0.06237
-0.08811
-0.11120
-0.13209
-0.15147
-0.17002
-0.18825
-0.20636
-0.22409
-0.24084
-0.25583
-0.26837
-0.27818
-0.28551
-0.29114
-0.29614
-0.30155
-0.30802
-0.31553
-0.32343
-0.33062
-0.33597
-0.33876
-0.33899
-0.33746
-0.33558
-0.33496
-0.33682
-0.34158
-0.34856
-0.35601
-0.36142
-0.36198
-0.35513
-0.33912
-0.31327
-0.27805
-0.23484
-0.18554
-0.13211
-0.07617
-0.01890
0.03893
0.09678
0.15407
0.21016
0.26426
0.31555
0.36324
0.40661
0.44502
0.47786
0.50461
0.52491
0.53874
0.54645
0.54874
0.54645
0.54026
0.53049
0.51708
0.49978
0.47841
0.45323
0.42504
0.39509
0.36475
0.33512
0.30663
0.27889
0.25077
0.22073
0.18732
0.14970
0.10793
0.06306
0.01695
-0.02825
-0.07055
-0.10860
-0.14187
-0.17060
-0.19553
-0.21759
-0.23756
-0.25595
-0.27305
-0.28906
-0.30424
-0.31894
-0.33353
-0.34817
-0.36268
-0.37644
-0.38857
-0.39820
-0.40487
-0.40882
-0.41108
-0.41332
-0.41745
-0.42510
-0.43698
-0.45245
-0.46928
-0.48384
-0.49167
-0.48838
-0.47070
-0.43732
-0.38926
-0.32967
-0.26302
-0.19391
-0.12598
-0.06129
-0.00021
0.05796
0.11425
0.16925
0.22273
0.27370
0.32083
0.36292
0.39931
0.43005
0.45575
0.47724
0.49522
0.50993
0.52107
0.52778
0.52897
0.52367
0.51137
0.49237
0.46784
0.43968
0.41017
0.38140
0.35488
0.33117
0.30989
0.29000
0.27014
0.24905
0.22579
0.19978
0.17069
0.13824
0.10221
0.06247
0.01924
-0.02675
-0.07407
-0.12069
-0.16431
-0.20284
-0.23491
-0.26028
-0.27987
-0.29546
-0.30913
-0.32256
-0.33662
-0.35116
-0.36528
-0.37780
-0.38785
-0.39534
-0.40107
-0.40660
-0.41364
-0.42346
-0.43632
-0.45111
-0.46543
-0.47597
-0.47913
-0.47166
-0.45128
-0.41710
-0.36969
-0.31106
-0.24431
-0.17316
-0.10142
-0.03242
0.03151
0.08935
0.14133
0.18867
0.23291
0.27538
0.31663
0.35629
0.39315
0.42553
0.45167
0.47018
0.48031
0.48209
0.47632
0.46448
0.44848
0.43036
0.41192
0.39442
0.37828
0.36304
0.34747
0.32986
0.30859
0.28260
0.25185
0.21749
0.18164
0.14689
0.11557
0.08908
0.06754
0.04978
0.03381
0.01735
-0.00152
-0.02392
-0.04997
-0.07891
-0.10929
-0.13946
-0.16793
-0.19364
-0.21614
-0.23551
-0.25221
-0.26692
-0.28032
-0.29304
-0.30550
-0.31794
-0.33037
-0.34257
-0.35415
-0.36462
-0.37360
-0.38099
-0.38712
-0.39273
-0.39873
-0.40576
-0.41371
-0.42128
-0.42594
-0.42424
-0.41264
-0.38849
-0.35097
-0.30156
-0.24395
-0.18312
-0.12416
-0.07089
-0.02487
0.01480
0.05107
0.08780
0.12852
0.17542
0.22881
0.28722
0.34790
0.40760
0.46318
0.51209
0.55262
0.58389
0.60573
0.61853
0.62301
0.62008
0.61066
0.59553
0.57527
0.55021
0.52049
0.48616
0.44736
0.40448
0.35831
0.30993
0.26063
0.21154
0.16347
0.11674
0.07122
0.02660
-0.01736
-0.06057
-0.10258
-0.14263
-0.17988
-0.21363
-0.24341
-0.26905
-0.29067
-0.30862
-0.32344
-0.33579
-0.34645
-0.35631
-0.36632
-0.37745
-0.39054
-0.40617
-0.42455
-0.44532
-0.46747
-0.48938
-0.50880
-0.52315
-0.52981
-0.52654
-0.51177
-0.48481
-0.44575
-0.39537
-0.33483
-0.26566
-0.18978
-0.10963
-0.02826
0.05084
0.12410
0.18848
0.24201
0.28405
0.31525
0.33700
0.35089
0.35817
0.35943
0.35475
0.34405
0.32753
0.30606
0.28134
0.25566
0.23150
0.21086
0.19481
0.18326
0.17505
0.16842
0.16160
0.15330
0.14306
0.13122
0.11876
0.10684
0.09654
0.08848
0.08273
0.07882
0.07585
0.07270
0.06827
0.06173
0.05264
0.04099
0.02707
0.01137
-0.00566
-0.02358
-0.04198
-0.06035
-0.07794
-0.09378
-0.10679
-0.11609
-0.12124
-0.12250
-0.12082
-0.11759
-0.11421
-0.11161
-0.10997
-0.10866
-0.10651
-0.10221
-0.09484
-0.08420
-0.07091
-0.05624
-0.04180
-0.02914
-0.01943
-0.01329
-0.01069
-0.01098
-0.01297
-0.01507
-0.01550
-0.01255
-0.00495
0.00790
0.02570
0.04721
0.07052
0.09338
0.11377
0.13026
0.14227
0.15006
0.15442
0.15633
0.15651
0.15518
0.15201
0.14623
0.13700
0.12374
0.10646
0.08582
0.06312
0.03995
0.01790
-0.00186
-0.01876
-0.03301
-0.04548
-0.05752
-0.07059
-0.08594
-0.10421
-0.12530
-0.14832
-0.17187
-0.19441
-0.21480
-0.23270
-0.24880
-0.26462
-0.28211
-0.30286
-0.32741
-0.35479
-0.38244
-0.40654
-0.42275
-0.42712
-0.41692
-0.39119
-0.35094
-0.29886
-0.23877
-0.17488
-0.11098
-0.04987
0.00693
0.05923
0.10774
0.15353
0.19747
0.23980
0.27992
0.31663
0.34835
0.37357
0.39122
0.40091
0.40307
0.39888
0.38999
0.37821
0.36509
0.35156
0.33792
0.32385
0.30880
0.29232
0.27434
0.25532
0.23611
0.21765
0.20069
0.18545
0.17152
0.15795
0.14355
0.12722
0.10831
0.08682
0.06333
0.03884
0.01443
-0.00900
-0.03084
-0.05084
-0.06901
-0.08555
-0.10078
-0.11505
-0.12868
-0.14175
-0.15396
-0.16448
-0.17210
-0.17551
-0.17377
-0.16670
-0.15509
-0.14053
-0.12506
-0.11061
-0.09862
-0.08983
-0.08430
-0.08161
-0.08108
-0.08200
-0.08373
-0.08566
-0.08726
-0.08812
-0.08806
-0.08731
-0.08663
-0.08725
-0.09057
-0.09770
-0.10895
-0.12344
-0.13905
-0.15282
-0.16180
-0.16402
-0.15943
-0.15029
-0.14091
-0.13656
-0.14194
-0.15962
-0.18901
-0.22627
-0.26515
-0.29874
-0.32118
-0.32912
-0.32218
-0.30249
-0.27351
-0.23869
-0.20043
-0.15967
-0.11614
-0.06910
-0.01810
0.03641
0.09303
0.14966
0.20410
0.25451
0.29977
0.33933
0.37294
0.40027
0.42068
0.43330
0.43734
0.43254
0.41956
0.40003
0.37635
0.35121
0.32707
0.30566
0.28774
0.27311
0.26081
0.24945
0.23760
0.22409
0.20826
0.19002
0.16984
0.14847
0.12667
0.10491
0.08321
0.06125
0.03860
0.01504
-0.00920
-0.03338
-0.05648
-0.07745
-0.09560
-0.11081
-0.12356
-0.13472
-0.14522
-0.15566
-0.16597
-0.17535
-0.18237
-0.18540
-0.18312
-0.17502
-0.16171
-0.14482
-0.12667
-0.10962
-0.09541
-0.08483
-0.07760
-0.07269
-0.06884
-0.06501
-0.06067
-0.05585
-0.05087
-0.04613
-0.04179
-0.03775
-0.03373
-0.02949
-0.02501
-0.02067
-0.01721
-0.01556
-0.01665
-0.02112
-0.02911
-0.04022
-0.05350
-0.06775
-0.08184
-0.09512
-0.10778
-0.12096
-0.13653
-0.15659
-0.18282
-0.21567
-0.25389
-0.29436
-0.33241
-0.36271
-0.38037
-0.38205
-0.36675
-0.33597
-0.29318
-0.24284
-0.18923
-0.13556
-0.08353
-0.03345
0.01522
0.06324
0.11093
0.15795
0.20330
0.24554
0.28321
0.31514
0.34065
0.35965
0.37250
0.37985
0.38242
0.38088
0.37566
0.36697
0.35483
0.33926
0.32041
0.29881
0.27536
0.25132
0.22804
0.20657
0.18736
0.17010
0.15378
0.13703
0.11865
0.09796
0.07507
0.05081
0.02645
0.00335
-0.01740
-0.03515
-0.04969
-0.06113
-0.06981
-0.07611
-0.08044
-0.08319
-0.08477
-0.08559
-0.08605
-0.08648
-0.08705
-0.08774
-0.08829
-0.08825
-0.08710
-0.08437
-0.07987
-0.07380
-0.06676
-0.05961
-0.05327
-0.04835
-0.04499
-0.04279
-0.04100
-0.03883
-0.03572
-0.03155
-0.02655
-0.02118
-0.01588
-0.01095
-0.00659
-0.00294
-0.00025
0.00104
0.00037
-0.00286
-0.00902
-0.01819
-0.03003
-0.04381
-0.05850
-0.07290
-0.08586
-0.09654
-0.10469
-0.11087
-0.11655
-0.12390
-0.13535
-0.15284
-0.17721
-0.20766
-0.24168
-0.27546
-0.30464
-0.32523
-0.33451
-0.33146
-0.31689
-0.29297
-0.26255
-0.22839
-0.19257
-0.15625
-0.11981
-0.08326
-0.04668
-0.01054
0.02425
0.05665
0.08585
0.11164
0.13464
0.15602
0.17708
0.19860
0.22032
0.24089
0.25815
0.26990
0.27471
0.27261
0.26530
0.25579
0.24757
0.24367
0.24573
0.25356
0.26525
0.27772
0.28763
0.29215
0.28960
0.27962
0.26304
0.24145
0.21679
0.19093
0.16552
0.14184
0.12090
0.10337
0.08967
0.07984
0.07350
0.06977
0.06738
0.06487
0.06086
0.05447
0.04548
0.03448
0.02256
0.01101
0.00085
-0.00758
-0.01468
-0.02154
-0.02948
-0.03966
-0.05265
-0.06826
-0.08566
-0.10367
-0.12125
-0.13777
-0.15325
-0.16825
-0.18358
-0.19995
-0.21767
-0.23642
-0.25535
-0.27318
-0.28859
-0.30045
-0.30811
-0.31148
-0.31100
-0.30748
-0.30181
-0.29473
-0.28664
-0.27761
-0.26754
-0.25644
-0.24472
-0.23330
-0.22358
-0.21703
-0.21471
-0.21671
-0.22179
-0.22740
-0.23010
-0.22632
-0.21324
-0.18951
-0.15563
-0.11383
-0.06741
-0.01990
0.02594
0.06878
0.10889
0.14779
0.18754
0.22984
0.27533
0.32330
0.37180
0.41810
0.45935
0.49318
0.51805
0.53352
0.54009
0.53905
0.53207
0.52086
0.50694
0.49138
0.47488
0.45781
0.44037
0.42270
0.40476
0.38621
0.36612
0.34281
0.31390
0.27675
0.22911
0.16997
0.10021
0.02277
-0.05774
-0.13598
-0.20711
-0.26787
-0.31721
-0.35633
-0.38807
-0.41603
-0.44355
-0.47296
-0.50504
-0.53884
-0.57193
-0.60078
-0.62144
-0.63029
-0.62482
-0.60421
-0.56963
-0.52411
-0.47191
-0.41765
-0.36526
-0.31717
-0.27397
-0.23453
-0.19672
-0.15821
-0.11731
-0.07326
-0.02623
0.02308
0.07395
0.12585
0.17848
0.23147
0.28402
0.33474
0.38169
0.42270
0.45580
0.47971
0.49406
0.49950
0.49752
0.49005
0.47904
0.46597
0.45150
0.43534
0.41635
0.39290
0.36339
0.32674
0.28280
0.23251
0.17783
0.12142
0.06621
0.01484
-0.03077
-0.06981
-0.10256
-0.13024
-0.15457
-0.17723
-0.19947
-0.22184
-0.24418
-0.26587
-0.28608
-0.30410
-0.31956
-0.33262
-0.34390
-0.35437
-0.36509
-0.37687
-0.38984
-0.40317
-0.41492
-0.42220
-0.42159
-0.40990
-0.38496
-0.34627
-0.29527
-0.23525
-0.17065
-0.10609
-0.04536
0.00944
0.05822
0.10258
0.14502
0.18783
0.23212
0.27732
0.32132
0.36112
0.39376
0.41721
0.43080
0.43527
0.43229
0.42386
0.41170
0.39686
0.37973
0.36020
0.33812
0.31363
0.28736
0.26031
0.23358
0.20798
0.18370
0.16029
0.13682
0.11232
0.08615
0.05824
0.02913
-0.00031
-0.02925
-0.05717
-0.08409
-0.11053
-0.13731
-0.16533
-0.19522
-0.22713
-0.26056
-0.29437
-0.32686
-0.35624
-0.38103
-0.40061
-0.41554
-0.42744
-0.43852
-0.45071
-0.46481
-0.47984
-0.49301
-0.50013
-0.49666
-0.47883
-0.44467
-0.39458
-0.33132
-0.25932
-0.18374
-0.10938
-0.03975
0.02340
0.08009
0.13170
0.18030
0.22783
0.27546
0.32323
0.37005
0.41398
0.45281
0.48455
0.50791
0.52241
0.52836
0.52658
0.51816
0.50427
0.48605
0.46459
0.44085
0.41556
0.38909
0.36134
0.33186
0.29999
0.26526
0.22764
0.18777
0.14694
0.10683
0.06909
0.03491
0.00474
-0.02179
-0.04562
-0.06790
-0.08955
-0.11100
-0.13209
-0.15222
-0.17068
-0.18693
-0.20097
-0.21336
-0.22518
-0.23773
-0.25213
-0.26902
-0.28825
-0.30902
-0.33001
-0.34985
-0.36751
-0.38260
-0.39553
-0.40730
-0.41919
-0.43225
-0.44685
-0.46234
-0.47696
-0.48806
-0.49249
-0.48724
-0.47002
-0.43977
-0.39686
-0.34310
-0.28141
-0.21527
-0.14811
-0.08265
-0.02052
0.03791
0.09328
0.14680
0.19958
0.25220
0.30437
0.35496
0.40221
0.44417
0.47912
0.50595
0.52434
0.53480
0.53847
0.53681
0.53128
0.52299
0.51252
0.49992
0.48483
0.46672
0.44520
0.42020
0.39203
0.36122
0.32839
0.29403
0.25843
0.22179
0.18449
0.14723
0.11113
0.07753
0.04766
0.02224
0.00122
-0.01628
-0.03168
-0.04662
-0.06247
-0.08005
-0.09945
-0.12014
-0.14126
-0.16193
-0.18157
-0.20001
-0.21741
-0.23405
-0.25013
-0.26562
-0.28026
-0.29360
-0.30513
-0.31442
-0.32117
-0.32528
-0.32689
-0.32633
-0.32409
-0.32074
-0.31685
-0.31288
-0.30914
-0.30571
-0.30257
-0.29957
-0.29667
-0.29406
-0.29227
-0.29215
-0.29468
-0.30054
-0.30956
-0.32030
-0.32984
-0.33412
-0.32874
-0.31008
-0.27639
-0.22840
-0.16926
-0.10384
-0.03741
0.02552
0.08218
0.13181
0.17544
0.21522
0.25354
0.29237
0.33271
0.37434
0.41589
0.45515
0.48951
0.51656
0.53467
0.54341
0.54367
0.53744
0.52727
0.51546
0.50342
0.49129
0.47793
0.46152
0.44025
0.41314
0.38050
0.34392
0.30589
0.26907
0.23558
0.20650
0.18173
0.16014
0.14002
0.11951
0.09699
0.07125
0.04163
0.00803
-0.02903
-0.06837
-0.10815
-0.14609
-0.17986
-0.20764
-0.22860
-0.24304
-0.25237
-0.25856
-0.26358
-0.26894
-0.27539
-0.28297
-0.29130
-0.29982
-0.30813
-0.31603
-0.32352
-0.33060
-0.33718
-0.34299
-0.34775
-0.35126
-0.35366
-0.35546
-0.35745
-0.36046
-0.36504
-0.37123
-0.37847
-0.38570
-0.39150
-0.39429
-0.39250
-0.38468
-0.36959
-0.34646
-0.31508
-0.27597
-0.23034
-0.17995
-0.12675
-0.07262
-0.01903
0.03310
0.08348
0.13229
0.17997
0.22688
0.27314
0.31847
0.36221
0.40347
0.44128
0.47475
0.50313
0.52581
0.54229
0.55209
0.55487
0.55045
0.53898
0.52105
0.49773
0.47041
0.44055
0.40945
0.37798
0.34655
0.31518
0.28378
0.25233
0.22106
0.19036
0.16066
0.13217
0.10477
0.07800
0.05121
0.02388
-0.00416
-0.03258
-0.06060
-0.08725
-0.11159
-0.13300
-0.15123
-0.16636
-0.17873
-0.18876
-0.19696
-0.20391
-0.21020
-0.21646
-0.22323
-0.23086
-0.23934
-0.24832
-0.25709
-0.26480
-0.27072
-0.27443
-0.27606
-0.27618
-0.27568
-0.27541
-0.27591
-0.27728
-0.27917
-0.28096
-0.28207
-0.28214
-0.28110
-0.27905
-0.27597
-0.27152
-0.26489
-0.25488
-0.24015
-0.21953
-0.19231
-0.15842
-0.11848
-0.07369
-0.02568
0.02369
0.07254
0.11914
0.16219
0.20094
0.23528
0.26568
0.29294
0.31785
0.34083
0.36169
0.37956
0.39305
0.40060
0.40091
0.39331
0.37798
0.35594
0.32883
0.29853
0.26682
0.23496
0.20355
0.17251
0.14117
0.10865
0.07417
0.03738
-0.00160
-0.04215
-0.08335
-0.12412
-0.16332
-0.19967
-0.23174
-0.25782
-0.27610
-0.28489
-0.28304
-0.27040
-0.24810
-0.21855
-0.18506
-0.15116
-0.11978
-0.09260
-0.06968
-0.04972
-0.03059
-0.01019
0.01284
0.03867
0.06631
0.09400
0.11987
0.14248
0.16117
0.17607
0.18786
0.19737
0.20520
0.21150
0.21593
0.21771
0.21588
0.20950
0.19788
0.18073
0.15817
0.13061
0.09864
0.06293
0.02424
-0.01647
-0.05792
-0.09845
-0.13615
-0.16914
-0.19598
-0.21615
-0.23025
-0.23998
-0.24774
-0.25597
-0.26647
-0.27978
-0.29496
-0.30973
-0.32105
-0.32589
-0.32201
-0.30861
-0.28647
-0.25781
-0.22563
-0.19293
-0.16192
-0.13350
-0.10713
-0.08106
-0.05294
-0.02043
0.01813
0.06331
0.11438
0.16942
0.22550
0.27913
0.32675
0.36523
0.39236
0.40713
0.40981
0.40180
0.38528
0.36270
0.33640
0.30816
0.27905
0.24943
0.21912
0.18768
0.15467
0.11988
0.08350
0.04609
0.00863
-0.02766
-0.06147
-0.09168
-0.11765
-0.13939
-0.15773
-0.17416
-0.19052
-0.20849
-0.22899
-0.25178
-0.27528
-0.29680
-0.31311
-0.32125
-0.31915
-0.30613
-0.28282
-0.25082
-0.21217
-0.16873
-0.12190
-0.07255
-0.02120
0.03164
0.08508
0.13775
0.18778
0.23301
0.27129
0.30082
0.32038
0.32952
0.32850
0.31819
0.29987
0.27501
0.24503
0.21124
0.17484
0.13699
0.09884
0.06151
0.02597
-0.00706
-0.03727
-0.06475
-0.08993
-0.11352
-0.13629
-0.15901
-0.18224
-0.20626
-0.23094
-0.25572
-0.27964
-0.30138
-0.31939
-0.33197
-0.33744
-0.33431
-0.32147
-0.29832
-0.26497
-0.22221
-0.17154
-0.11496
-0.05484
0.00641
0.06655
0.12371
0.17647
0.22387
0.26524
0.30011
0.32803
0.34855
0.36133
0.36627
0.36364
0.35412
0.33865
0.31824
0.29377
0.26579
0.23457
0.20026
0.16315
0.12386
0.08347
0.04336
0.00493
-0.03080
-0.06341
-0.09317
-0.12075
-0.14688
-0.17196
-0.19585
-0.21797
-0.23758
-0.25419
-0.26784
-0.27917
-0.28921
-0.29895
-0.30880
-0.31816
-0.32527
-0.32742
-0.32143
-0.30442
-0.27458
-0.23175
-0.17765
-0.11568
-0.05020
0.01434
0.07432
0.12751
0.17325
0.21211
0.24530
0.27402
0.29899
0.32018
0.33694
0.34826
0.35312
0.35086
0.34135
0.32503
0.30282
0.27594
0.24570
0.21331
0.17976
0.14573
0.11158
0.07737
0.04301
0.00836
-0.02663
-0.06180
-0.09676
-0.13093
-0.16365
-0.19442
-0.22297
-0.24930
-0.27353
-0.29567
-0.31524
-0.33117
-0.34175
-0.34494
-0.33882
-0.32211
-0.29457
-0.25722
-0.21212
-0.16203
-0.10978
-0.05787
-0.00813
0.03834
0.08100
0.11966
0.15428
0.18479
0.21113
0.23322
0.25103
0.26454
0.27376
0.27866
0.27919
0.27534
0.26718
0.25494
0.23896
0.21961
0.19716
0.17173
0.14333
0.11207
0.07834
0.04302
0.00742
-0.02688
-0.05837
-0.08600
-0.10951
-0.12957
-0.14757
-0.16531
-0.18444
-0.20600
-0.23003
-0.25551
-0.28049
-0.30255
-0.31920
-0.32842
-0.32901
-0.32073
-0.30421
-0.28075
-0.25188
-0.21904
-0.18331
-0.14529
-0.10521
-0.06318
-0.01948
0.02517
0.06953
0.11198
0.15087
0.18498
0.21381
0.23776
0.25792
0.27573
0.29253
0.30913
0.32556
0.34105
0.35422
0.36340
0.36697
0.36370
0.35295
0.33478
0.30992
0.27970
0.24580
0.20999
0.17380
0.13825
0.10373
0.07009
0.03682
0.00336
-0.03059
-0.06497
-0.09934
-0.13298
-0.16517
-0.19530
-0.22307
-0.24845
-0.27169
-0.29320
-0.31332
-0.33222
-0.34967
-0.36504
-0.37732
-0.38526
-0.38765
-0.38350
-0.37216
-0.35335
-0.32716
-0.29400
-0.25462
-0.21018
-0.16234
-0.11321
-0.06520
-0.02065
0.01852
0.05125
0.07739
0.09770
0.11345
0.12609
0.13686
0.14661
0.15578
0.16455
0.17304
0.18149
0.19032
0.20011
0.21139
0.22441
0.23895
0.25406
0.26822
0.27948
0.28596
0.28633
0.28021
0.26821
0.25171
0.23228
0.21118
0.18895
0.16541
0.14001
0.11224
0.08208
0.05014
0.01755
-0.01449
-0.04501
-0.07364
-0.10052
-0.12621
-0.15126
-0.17604
-0.20051
-0.22430
-0.24684
-0.26753
-0.28583
-0.30132
-0.31356
-0.32200
-0.32593
-0.32445
-0.31654
-0.30120
-0.27763
-0.24542
-0.20476
-0.15658
-0.10270
-0.04575
0.01105
0.06429
0.11097
0.14903
0.17780
0.19813
0.21224
0.22317
0.23412
0.24766
0.26509
0.28620
0.30935
0.33187
0.35075
0.36328
0.36759
0.36290
0.34949
0.32835
0.30079
0.26796
0.23066
0.18926
0.14393
0.09498
0.04305
-0.01083
-0.06543
-0.11964
-0.17281
-0.22480
-0.27596
-0.32669
-0.37700
-0.42606
-0.47190
-0.51153
-0.54136
-0.55799
-0.55906
-0.54392
-0.51390
-0.47199
-0.42208
-0.36805
-0.31293
-0.25851
-0.20542
-0.15356
-0.10261
-0.05242
-0.00311
0.04509
0.09201
0.13776
0.18262
0.22689
0.27057
0.31313
0.35340
0.38977
0.42040
0.44368
0.45853
0.46458
0.46214
0.45198
0.43503
0.41212
0.38392
0.35097
0.31386
0.27345
0.23089
0.18759
0.14496
0.10414
0.06578
0.02994
-0.00383
-0.03627
-0.06817
-0.10011
-0.13239
-0.16505
-0.19801
-0.23120
-0.26468
-0.29852
-0.33263
-0.36643
-0.39845
-0.42618
-0.44618
-0.45465
-0.44827
-0.42523
-0.38593
-0.33322
-0.27179
-0.20709
-0.14385
-0.08501
-0.03120
0.01890
0.06750
0.11647
0.16630
0.21568
0.26182
0.30140
0.33161
0.35107
0.36022
0.36109
0.35652
0.34930
0.34129
0.33305
0.32395
0.31265
0.29783
0.27884
0.25592
0.23013
0.20290
0.17547
0.14855
0.12222
0.09609
0.06960
0.04217
0.01333
-0.01736
-0.05033
-0.08590
-0.12410
-0.16441
-0.20569
-0.24634
-0.28468
-0.31951
-0.35047
-0.37817
-0.40390
-0.42900
-0.45415
-0.47881
-0.50109
-0.51809
-0.52664
-0.52413
-0.50923
-0.48216
-0.44442
-0.39818
-0.34549
-0.28771
-0.22544
-0.15876
-0.08790
-0.01379
0.06170
0.13598
0.20629
0.27049
0.32754
0.37758
0.42157
0.46056
0.49504
0.52453
0.54761
0.56232
0.56677
0.55969
0.54084
0.51111
0.47238
0.42725
0.37863
0.32929
0.28150
0.23672
0.19538
0.15690
0.11989
0.08256
0.04332
0.00134
-0.04304
-0.08825
-0.13189
-0.17133
-0.20465
-0.23128
-0.25234
-0.27044
-0.28896
-0.31096
-0.33813
-0.36997
-0.40363
-0.43441
-0.45683
-0.46593
-0.45847
-0.43360
-0.39285
-0.33953
-0.27767
-0.21104
-0.14243
-0.07343
-0.00468
0.06363
0.13115
0.19706
0.26000
0.31826
0.37009
0.41394
0.44864
0.47335
0.48756
0.49100
0.48376
0.46632
0.43968
0.40533
0.36512
0.32099
0.27467
0.22745
0.18011
0.13296
0.08611
0.03967
-0.00602
-0.05044
-0.09289
-0.13280
-0.16988
-0.20431
-0.23668
-0.26788
-0.29888
-0.33054
-0.36347
-0.39795
-0.43392
-0.47088
-0.50784
-0.54320
-0.57470
-0.59961
-0.61498
-0.61814
-0.60721
-0.58145
-0.54142
-0.48883
-0.42620
-0.35642
-0.28235
-0.20651
-0.13092
-0.05706
0.01411
0.08207
0.14674
0.20831
0.26709
0.32322
0.37639
0.42560
0.46915
0.50491
0.53082
0.54554
0.54900
0.54261
0.52908
0.51175
0.49366
0.47674
0.46132
0.44620
0.42923
0.40824
0.38177
0.34956
0.31254
0.27237
0.23087
0.18949
0.14912
0.11016
0.07285
0.03759
0.00501
-0.02406
-0.04897
-0.06960
-0.08662
-0.10157
-0.11644
-0.13310
-0.15258
-0.17444
-0.19665
-0.21599
-0.22882
-0.23231
-0.22527
-0.20872
-0.18568
-0.16038
-0.13712
-0.11922
-0.10829
-0.10414
-0.10521
-0.10928
-0.11418
-0.11833
-0.12092
-0.12183
-0.12143
-0.12027
-0.11893
-0.11783
-0.11719
-0.11696
-0.11675
-0.11599
-0.11404
-0.11050
-0.10553
-0.09993
-0.09510
-0.09269
-0.09411
-0.09996
-0.10977
-0.12210
-0.13496
-0.14657
-0.15606
-0.16386
-0.17165
-0.18174
-0.19614
-0.21555
-0.23867
-0.26213
-0.28109
-0.29051
-0.28648
-0.26735
-0.23414
-0.19009
-0.13957
-0.08678
-0.03462
0.01576
0.06476
0.11362
0.16361
0.21525
0.26809
0.32076
0.37138
0.41798
0.45882
0.49256
0.51828
0.53545
0.54395
0.54408
0.53665
0.52294
0.50447
0.48276
0.45897
0.43365
0.40668
0.37741
0.34501
0.30882
0.26872
0.22527
0.17963
0.13337
0.08819
0.04553
0.00640
-0.02880
-0.06028
-0.08870
-0.11496
-0.13989
-0.16399
-0.18722
-0.20898
-0.22824
-0.24392
-0.25518
-0.26177
-0.26414
-0.26333
-0.26074
-0.25780
-0.25559
-0.25468
-0.25504
-0.25615
-0.25723
-0.25761
-0.25693
-0.25528
-0.25321
-0.25146
-0.25066
-0.25104
-0.25223
-0.25328
-0.25290
-0.24981
-0.24325
-0.23331
-0.22109
-0.20861
-0.19845
-0.19305
-0.19406
-0.20170
-0.21447
-0.22930
-0.24202
-0.24831
-0.24463
-0.22901
-0.20146
-0.16376
-0.11890
-0.07010
-0.02009
0.02955
0.07843
0.12709
0.17644
0.22720
0.27936
0.33206
0.38370
0.43230
0.47602
0.51354
0.54419
0.56783
0.58451
0.59404
0.59587
0.58908
0.57283
0.54688
0.51197
0.46994
0.42337
0.37494
0.32657
0.27899
0.23158
0.18292
0.13166
0.07740
0.02130
-0.03393
-0.08469
-0.12752
-0.16016
-0.18222
-0.19530
-0.20239
-0.20700
-0.21217
-0.21975
-0.23013
-0.24240
-0.25490
-0.26588
-0.27401
-0.27878
-0.28044
-0.27976
-0.27767
-0.27485
-0.27160
-0.26779
-0.26311
-0.25730
-0.25037
-0.24262
-0.23450
-0.22641
-0.21846
-0.21044
-0.20197
-0.19287
-0.18355
-0.17518
-0.16964
-0.16893
-0.17442
-0.18600
-0.20163
-0.21740
-0.22826
-0.22931
-0.21708
-0.19053
-0.15135
-0.10343
-0.05163
-0.00035
0.04770
0.09202
0.13411
0.17656
0.22180
0.27106
0.32373
0.37743
0.42855
0.47313
0.50766
0.52977
0.53839
0.53382
0.51735
0.49106
0.45740
0.41901
0.37845
0.33801
0.29945
0.26387
0.23152
0.20186
0.17363
0.14520
0.11498
0.08187
0.04568
0.00729
-0.03145
-0.06814
-0.10050
-0.12701
-0.14739
-0.16272
-0.17510
-0.18700
-0.20051
-0.21672
-0.23551
-0.25571
-0.27560
-0.29350
-0.30830
-0.31967
-0.32797
-0.33391
-0.33813
-0.34097
-0.34242
-0.34233
-0.34065
-0.33764
-0.33373
-0.32926
-0.32412
-0.31751
-0.30797
-0.29378
-0.27343
-0.24626
-0.21271
-0.17427
-0.13305
-0.09114
-0.04996
-0.00991
0.02967
0.07019
0.11320
0.15984
0.21028
0.26355
0.31760
0.36968
0.41687
0.45661
0.48713
0.50760
0.51813
0.51948
0.51283
0.49944
0.48054
0.45716
0.43012
0.39996
0.36694
0.33099
0.29177
0.24881
0.20184
0.15113
0.09779
0.04390
-0.00771
-0.05399
-0.09234
-0.12133
-0.14110
-0.15340
-0.16114
-0.16763
-0.17572
-0.18706
-0.20183
-0.21881
-0.23594
-0.25107
-0.26270
-0.27037
-0.27477
-0.27737
-0.27989
-0.28373
-0.28957
-0.29722
-0.30586
-0.31438
-0.32187
-0.32793
-0.33268
-0.33659
-0.33997
-0.34251
-0.34294
-0.33914
-0.32851
-0.30869
-0.27821
-0.23698
-0.18637
-0.12887
-0.06750
-0.00520
0.05567
0.11358
0.16782
0.21827
0.26512
0.30858
0.34859
0.38481
0.41653
0.44293
0.46322
0.47693
0.48402
0.48486
0.48012
0.47050
0.45654
0.43847
0.41624
0.38969
0.35882
0.32405
0.28632
0.24694
0.20742
0.16899
0.13241
0.09779
0.06475
0.03269
0.00114
-0.03003
-0.06059
-0.09011
-0.11818
-0.14462
-0.16950
-0.19305
-0.21541
-0.23645
-0.25574
-0.27254
-0.28609
-0.29581
-0.30157
-0.30380
-0.30345
-0.30179
-0.30004
-0.29903
-0.29889
-0.29901
-0.29819
-0.29510
-0.28887
-0.27949
-0.26810
-0.25672
-0.24766
-0.24265
-0.24206
-0.24444
-0.24666
-0.24449
-0.23374
-0.21137
-0.17638
-0.13010
-0.07578
-0.01769
0.04010
0.09473
0.14507
0.19153
0.23547
0.27825
0.32051
0.36174
0.40030
0.43389
0.46015
0.47726
0.48429
0.48131
0.46918
0.44924
0.42296
0.39173
0.35675
0.31905
0.27963
0.23952
0.19968
0.16085
0.12332
0.08674
0.05020
0.01255
-0.02708
-0.06867
-0.11101
-0.15173
-0.18774
-0.21606
-0.23466
-0.24304
-0.24238
-0.23527
-0.22504
-0.21505
-0.20805
-0.20577
-0.20876
-0.21640
-0.22710
-0.23853
-0.24797
-0.25271
-0.25052
-0.24007
-0.22120
-0.19496
-0.16319
-0.12804
-0.09122
-0.05361
-0.01517
0.02469
0.06644
0.10982
0.15343
0.19483
0.23096
0.25890
0.27655
0.28312
0.27924
0.26676
0.24826
0.22644
0.20362
0.18137
0.16029
0.13997
0.11912
0.09592
0.06850
0.03546
-0.00355
-0.04754
-0.09432
-0.14093
-0.18452
-0.22311
-0.25613
-0.28435
-0.30930
-0.33228
-0.35348
-0.37155
-0.38382
-0.38708
-0.37863
-0.35726
-0.32368
-0.28042
-0.23113
-0.17963
-0.12909
-0.08141
-0.03702
0.00481
0.04557
0.08696
0.13032
0.17636
0.22488
0.27480
0.32421
0.37068
0.41153
0.44429
0.46705
0.47880
0.47953
0.47023
0.45256
0.42844
0.39948
0.36666
0.33022
0.28986
0.24528
0.19673
0.14537
0.09332
0.04324
-0.00234
-0.04179
-0.07482
-0.10250
-0.12680
-0.14986
-0.17323
-0.19747
-0.22203
-0.24568
-0.26696
-0.28475
-0.29859
-0.30882
-0.31645
-0.32288
-0.32947
-0.33706
-0.34555
-0.35356
-0.35851
-0.35706
-0.34584
-0.32246
-0.28626
-0.23864
-0.18280
-0.12294
-0.06320
-0.00668
0.04510
0.09218
0.13552
0.17621
0.21461
0.24993
0.28030
0.30324
0.31648
0.31866
0.30978
0.29123
0.26546
0.23533
0.20353
0.17208
0.14212
0.11399
0.08750
0.06225
0.03786
0.01414
-0.00901
-0.03171
-0.05419
-0.07686
-0.10022
-0.12471
-0.15050
-0.17738
-0.20452
-0.23040
-0.25283
-0.26916
-0.27666
-0.27304
-0.25694
-0.22826
-0.18820
-0.13902
-0.08360
-0.02499
0.03400
0.09098
0.14408
0.19194
0.23371
0.26906
0.29811
0.32123
0.33877
0.35081
0.35700
0.35652
0.34836
0.33176
0.30663
0.27394
0.23581
0.19531
0.15583
0.12039
0.09090
0.06773
0.04973
0.03464
0.01982
0.00295
-0.01741
-0.04161
-0.06896
-0.09803
-0.12710
-0.15456
-0.17922
-0.20047
-0.21831
-0.23318
-0.24579
-0.25695
-0.26738
-0.27770
-0.28842
-0.29997
-0.31276
-0.32710
-0.34315
-0.36072
-0.37909
-0.39696
-0.41246
-0.42329
-0.42707
-0.42173
-0.40588
-0.37908
-0.34195
-0.29602
-0.24342
-0.18638
-0.12677
-0.06581
-0.00397
0.05873
0.12235
0.18657
0.25044
0.31240
0.37056
0.42313
0.46873
0.50668
0.53686
0.55954
0.57508
0.58368
0.58533
0.57993
0.56750
0.54839
0.52351
0.49420
0.46204
0.42857
0.39496
0.36182
0.32918
0.29666
0.26369
0.22970
0.19424
0.15695
0.11744
0.07531
0.03021
-0.01788
-0.06837
-0.11984
-0.17000
-0.21604
-0.25520
-0.28549
-0.30630
-0.31868
-0.32512
-0.32895
-0.33349
-0.34122
-0.35328
-0.36925
-0.38753
-0.40582
-0.42183
-0.43397
-0.44171
-0.44578
-0.44793
-0.45038
-0.45519
-0.46345
-0.47480
-0.48715
-0.49696
-0.49993
-0.49188
-0.46986
-0.43288
-0.38222
-0.32118
-0.25427
-0.18608
-0.12018
-0.05850
-0.00111
0.05332
0.10674
0.16091
0.21675
0.27408
0.33168
0.38758
0.43947
0.48522
0.52320
0.55261
0.57350
0.58668
0.59330
0.59454
0.59117
0.58345
0.57114
0.55383
0.53124
0.50357
0.47163
0.43676
0.40056
0.36457
0.32992
0.29713
0.26606
0.23603
0.20603
0.17496
0.14192
0.10645
0.06865
0.02934
-0.01011
-0.04800
-0.08270
-0.11309
-0.13887
-0.16066
-0.17978
-0.19785
-0.21633
-0.23611
-0.25733
-0.27937
-0.30106
-0.32095
-0.33767
-0.35020
-0.35810
-0.36167
-0.36182
-0.35988
-0.35727
-0.35513
-0.35405
-0.35405
-0.35484
-0.35609
-0.35792
-0.36096
-0.36627
-0.37486
-0.38709
-0.40207
-0.41745
-0.42959
-0.43430
-0.42782
-0.40776
-0.37377
-0.32758
-0.27256
-0.21275
-0.15192
-0.09270
-0.03624
0.01765
0.06998
0.12191
0.17420
0.22700
0.27986
0.33202
0.38263
0.43092
0.47619
0.51764
0.55427
0.58489
0.60818
0.62299
0.62856
0.62474
0.61201
0.59144
0.56446
0.53268
0.49768
0.46079
0.42306
0.38518
0.34748
0.30997
0.27236
0.23422
0.19503
0.15445
0.11247
0.06953
0.02653
-0.01521
-0.05419
-0.08898
-0.11854
-0.14235
-0.16058
-0.17397
-0.18367
-0.19105
-0.19744
-0.20398
-0.21143
-0.22012
-0.22985
-0.24000
-0.24970
-0.25808
-0.26456
-0.26894
-0.27140
-0.27233
-0.27217
-0.27134
-0.27029
-0.26964
-0.27032
-0.27353
-0.28046
-0.29189
-0.30779
-0.32708
-0.34769
-0.36697
-0.38227
-0.39161
-0.39401
-0.38961
-0.37935
-0.36440
-0.34565
-0.32323
-0.29656
-0.26457
-0.22628
-0.18137
-0.13061
-0.07595
-0.02022
0.03355
0.08290
0.12663
0.16516
0.20037
0.23493
0.27135
0.31110
0.35400
0.39823
0.44078
0.47831
0.50804
0.52842
0.53939
0.54214
0.53859
0.53075
0.52017
0.50768
0.49340
0.47696
0.45778
0.43530
0.40907
0.37883
0.34444
0.30591
0.26345
0.21765
0.16955
0.12071
0.07304
0.02851
-0.01122
-0.04525
-0.07359
-0.09722
-0.11778
-0.13707
-0.15651
-0.17676
-0.19754
-0.21780
-0.23606
-0.25088
-0.26122
-0.26669
-0.26756
-0.26478
-0.25980
-0.25441
-0.25051
-0.24992
-0.25407
-0.26373
-0.27889
-0.29874
-0.32190
-0.34677
-0.37185
-0.39600
-0.41848
-0.43877
-0.45631
-0.47013
-0.47866
-0.47971
-0.47063
-0.44880
-0.41221
-0.36021
-0.29394
-0.21659
-0.13303
-0.04911
0.02955
0.09864
0.15607
0.20222
0.23958
0.27188
0.30285
0.33513
0.36961
0.40522
0.43941
0.46894
0.49085
0.50323
0.50565
0.49912
0.48571
0.46796
0.44821
0.42820
0.40877
0.38991
0.37090
0.35055
0.32742
0.30012
0.26756
0.22937
0.18611
0.13953
0.09242
0.04819
0.01020
-0.01905
-0.03859
-0.04936
-0.05404
-0.05641
-0.06046
-0.06930
-0.08450
-0.10584
-0.13154
-0.15903
-0.18571
-0.20965
-0.22998
-0.24691
-0.26138
-0.27463
-0.28785
-0.30189
-0.31720
-0.33396
-0.35210
-0.37131
-0.39094
-0.40987
-0.42651
-0.43889
-0.44500
-0.44312
-0.43213
-0.41168
-0.38200
-0.34374
-0.29758
-0.24414
-0.18393
-0.11760
-0.04618
0.02868
0.10472
0.17917
0.24913
0.31192
0.36545
0.40842
0.44040
0.46178
0.47361
0.47747
0.47513
0.46830
0.45826
0.44564
0.43030
0.41144
0.38799
0.35909
0.32462
0.28550
0.24371
0.20193
0.16290
0.12867
0.10010
0.07656
0.05621
0.03655
0.01516
-0.00959
-0.03811
-0.06949
-0.10177
-0.13248
-0.15940
-0.18109
-0.19737
-0.20923
-0.21855
-0.22747
-0.23771
-0.25012
-0.26440
-0.27930
-0.29301
-0.30381
-0.31065
-0.31350
-0.31346
-0.31244
-0.31262
-0.31581
-0.32277
-0.33274
-0.34337
-0.35097
-0.35129
-0.34048
-0.31606
-0.27768
-0.22728
-0.16870
-0.10675
-0.04606
0.01002
0.06005
0.10458
0.14564
0.18589
0.22765
0.27220
0.31929
0.36723
0.41325
0.45417
0.48707
0.50988
0.52169
0.52281
0.51455
0.49895
0.47835
0.45498
0.43063
0.40636
0.38244
0.35838
0.33314
0.30548
0.27435
0.23927
0.20053
0.15916
0.11675
0.07492
0.03488
-0.00302
-0.03933
-0.07528
-0.11223
-0.15104
-0.19164
-0.23292
-0.27299
-0.30971
-0.34127
-0.36659
-0.38548
-0.39859
-0.40709
-0.41233
-0.41554
-0.41760
-0.41906
-0.42028
-0.42161
-0.42352
-0.42646
-0.43058
-0.43531
-0.43908
-0.43936
-0.43312
-0.41763
-0.39132
-0.35445
-0.30918
-0.25907
-0.20808
-0.15943
-0.11477
-0.07389
-0.03504
0.00422
0.04611
0.09192
0.14173
0.19449
0.24848
0.30184
0.35293
0.40057
0.44397
0.48255
0.51572
0.54269
0.56248
0.57404
0.57651
0.56956
0.55350
0.52938
0.49878
0.46360
0.42576
0.38701
0.34882
0.31233
0.27830
0.24703
0.21840
0.19179
0.16626
0.14067
0.11401
0.08556
0.05510
0.02293
-0.01023
-0.04333
-0.07523
-0.10478
-0.13106
-0.15351
-0.17209
-0.18729
-0.20007
-0.21160
-0.22307
-0.23538
-0.24901
-0.26399
-0.27998
-0.29642
-0.31261
-0.32782
-0.34139
-0.35274
-0.36159
-0.36810
-0.37294
-0.37724
-0.38224
-0.38876
-0.39664
-0.40446
-0.40963
-0.40897
-0.39963
-0.38001
-0.35034
-0.31277
-0.27081
-0.22831
-0.18840
-0.15266
-0.12081
-0.09108
-0.06093
-0.02802
0.00906
0.05043
0.09499
0.14096
0.18643
0.22992
0.27064
0.30842
0.34344
0.37587
0.40555
0.43188
0.45390
0.47055
0.48098
0.48478
0.48213
0.47368
0.46037
0.44322
0.42313
0.40083
0.37690
0.35187
0.32623
0.30039
0.27462
0.24888
0.22278
0.19557
0.16635
0.13433
0.09911
0.06091
0.02065
-0.02016
-0.05967
-0.09604
-0.12784
-0.15434
-0.17564
-0.19257
-0.20639
-0.21839
-0.22958
-0.24036
-0.25062
-0.25984
-0.26741
-0.27289
-0.27619
-0.27754
-0.27738
-0.27620
-0.27448
-0.27268
-0.27146
-0.27170
-0.27451
-0.28086
-0.29124
-0.30511
-0.32070
-0.33507
-0.34455
-0.34553
-0.33525
-0.31246
-0.27777
-0.23340
-0.18269
-0.12931
-0.07660
-0.02709
0.01771
0.05719
0.09146
0.12113
0.14715
0.17075
0.19333
0.21632
0.24093
0.26783
0.29683
0.32676
0.35562
0.38092
0.40029
0.41203
0.41555
0.41137
0.40094
0.38606
0.36834
0.34875
0.32743
0.30379
0.27691
0.24591
0.21036
0.17052
0.12733
0.08228
0.03724
-0.00584
-0.04519
-0.07950
-0.10809
-0.13108
-0.14921
-0.16359
-0.17528
-0.18497
-0.19281
-0.19852
-0.20165
-0.20204
-0.20002
-0.19659
-0.19328
-0.19177
-0.19360
-0.19974
-0.21037
-0.22487
-0.24184
-0.25932
-0.27500
-0.28654
-0.29186
-0.28946
-0.27875
-0.26015
-0.23510
-0.20573
-0.17425
-0.14233
-0.11056
-0.07826
-0.04383
-0.00546
0.03795
0.08617
0.13728
0.18809
0.23481
0.27405
0.30365
0.32307
0.33335
0.33662
0.33533
0.33153
0.32634
0.31978
0.31100
0.29863
0.28142
0.25867
0.23051
0.19793
0.16258
0.12640
0.09126
0.05864
0.02944
0.00394
-0.01824
-0.03795
-0.05632
-0.07444
-0.09299
-0.11203
-0.13089
-0.14840
-0.16328
-0.17460
-0.18216
-0.18654
-0.18902
-0.19113
-0.19425
-0.19929
-0.20649
-0.21550
-0.22550
-0.23537
-0.24394
-0.25007
-0.25273
-0.25115
-0.24476
-0.23325
-0.21659
-0.19488
-0.16838
-0.13732
-0.10195
-0.06250
-0.01924
0.02745
0.07702
0.12868
0.18139
0.23369
0.28378
0.32950
0.36853
0.39872
0.41849
0.42717
0.42520
0.41407
0.39598
0.37338
0.34834
0.32205
0.29462
0.26518
0.23231
0.19475
0.15197
0.10465
0.05467
0.00472
-0.04232
-0.08416
-0.11964
-0.14891
-0.17332
-0.19482
-0.21537
-0.23630
-0.25800
-0.27986
-0.30060
-0.31875
-0.33319
-0.34355
-0.35032
-0.35476
-0.35843
-0.36265
-0.36790
-0.37343
-0.37722
-0.37629
-0.36743
-0.34812
-0.31732
-0.27590
-0.22656
-0.17319
-0.11994
-0.07012
-0.02551
0.01390
0.04972
0.08438
0.12030
0.15899
0.20060
0.24382
0.28628
0.32519
0.35813
0.38356
0.40118
0.41172
0.41665
0.41756
0.41569
0.41164
0.40540
0.39657
0.38473
0.36978
0.35201
0.33204
0.31054
0.28791
0.26421
0.23911
0.21223
0.18335
0.15267
0.12086
0.08882
0.05742
0.02711
-0.00219
-0.03105
-0.06017
-0.08999
-0.12027
-0.14997
-0.17746
-0.20106
-0.21965
-0.23308
-0.24230
-0.24897
-0.25503
-0.26203
-0.27088
-0.28167
-0.29386
-0.30645
-0.31832
-0.32841
-0.33600
-0.34088
-0.34350
-0.34496
-0.34680
-0.35058
-0.35723
-0.36656
-0.37692
-0.38538
-0.38821
-0.38188
-0.36395
-0.33385
-0.29315
-0.24517
-0.19420
-0.14435
-0.09854
-0.05784
-0.02136
0.01332
0.04919
0.08888
0.13374
0.18338
0.23582
0.28799
0.33657
0.37885
0.41323
0.43939
0.45811
0.47075
0.47880
0.48347
0.48543
0.48488
0.48162
0.47530
0.46557
0.45221
0.43522
0.41473
0.39108
0.36471
0.33615
0.30605
0.27502
0.24362
0.21225
0.18109
0.15014
0.11925
0.08830
0.05718
0.02593
-0.00535
-0.03642
-0.06692
-0.09636
-0.12411
-0.14955
-0.17218
-0.19178
-0.20846
-0.22264
-0.23487
-0.24572
-0.25564
-0.26499
-0.27405
-0.28313
-0.29254
-0.30250
-0.31296
-0.32340
-0.33291
-0.34036
-0.34485
-0.34619
-0.34518
-0.34356
-0.34356
-0.34714
-0.35523
-0.36717
-0.38067
-0.39225
-0.39818
-0.39543
-0.38250
-0.35972
-0.32892
-0.29270
-0.25343
-0.21252
-0.17013
-0.12546
-0.07740
-0.02535
0.03026
0.08781
0.14488
0.19888
0.24778
0.29068
0.32789
0.36073
0.39090
0.41980
0.44796
0.47470
0.49833
0.51656
0.52720
0.52878
0.52099
0.50477
0.48206
0.45532
0.42702
0.39914
0.37292
0.34876
0.32637
0.30497
0.28358
0.26130
0.23750
0.21187
0.18440
0.15526
0.12463
0.09266
0.05947
0.02518
-0.00993
-0.04538
-0.08052
-0.11455
-0.14668
-0.17622
-0.20260
-0.22543
-0.24449
-0.25976
-0.27153
-0.28037
-0.28718
-0.29301
-0.29885
-0.30539
-0.31282
-0.32083
-0.32874
-0.33584
-0.34165
-0.34619
-0.34999
-0.35387
-0.35860
-0.36455
-0.37146
-0.37837
-0.38388
-0.38636
-0.38433
-0.37660
-0.36237
-0.34125
-0.31313
-0.27819
-0.23688
-0.18992
-0.13836
-0.08351
-0.02683
0.03026
0.08655
0.14109
0.19323
0.24251
0.28861
0.33123
0.37014
0.40511
0.43596
0.46253
0.48466
0.50224
0.51515
0.52327
0.52648
0.52459
0.51740
0.50475
0.48668
0.46358
0.43618
0.40557
0.37292
0.33934
0.30560
0.27209
0.23880
0.20545
0.17160
0.13683
0.10079
0.06328
0.02428
-0.01602
-0.05719
-0.09856
-0.13927
-0.17846
-0.21539
-0.24961
-0.28104
-0.30982
-0.33618
-0.36028
-0.38210
-0.40155
-0.41858
-0.43335
-0.44628
-0.45796
-0.46895
-0.47957
-0.48960
-0.49822
-0.50405
-0.50539
-0.50059
-0.48834
-0.46800
-0.43961
-0.40379
-0.36154
-0.31396
-0.26210
-0.20696
-0.14948
-0.09059
-0.03126
0.02763
0.08535
0.14136
0.19539
0.24730
0.29707
0.34460
0.38968
0.43177
0.46997
0.50302
0.52947
0.54795
0.55754
0.55802
0.55005
0.53502
0.51484
0.49155
0.46684
0.44176
0.41661
0.39094
0.36386
0.33440
0.30179
0.26579
0.22667
0.18521
0.14251
0.09972
0.05795
0.01813
-0.01896
-0.05268
-0.08253
-0.10819
-0.12959
-0.14698
-0.16097
-0.17256
-0.18297
-0.19352
-0.20533
-0.21911
-0.23509
-0.25294
-0.27195
-0.29121
-0.30987
-0.32725
-0.34288
-0.35655
-0.36823
-0.37808
-0.38658
-0.39447
-0.40273
-0.41234
-0.42377
-0.43654
-0.44886
-0.45773
-0.45940
-0.45036
-0.42834
-0.39305
-0.34641
-0.29206
-0.23437
-0.17730
-0.12342
-0.07353
-0.02687
0.01829
0.06377
0.11088
0.15994
0.21033
0.26069
0.30941
0.35502
0.39653
0.43355
0.46618
0.49478
0.51959
0.54052
0.55699
0.56807
0.57266
0.56987
0.55929
0.54122
0.51667
0.48716
0.45447
0.42017
0.38542
0.35072
0.31597
0.28059
0.24387
0.20525
0.16457
0.12221
0.07903
0.03615
-0.00520
-0.04401
-0.07961
-0.11180
-0.14074
-0.16694
-0.19109
-0.21392
-0.23615
-0.25828
-0.28051
-0.30270
-0.32433
-0.34468
-0.36304
-0.37895
-0.39237
-0.40368
-0.41355
-0.42277
-0.43196
-0.44150
-0.45141
-0.46141
-0.47093
-0.47914
-0.48485
-0.48650
-0.48210
-0.46942
-0.44638
-0.41154
-0.36456
-0.30656
-0.24013
-0.16893
-0.09709
-0.02842
0.03421
0.08938
0.13714
0.17884
0.21666
0.25301
0.28995
0.32862
0.36899
0.40981
0.44890
0.48362
0.51144
0.53052
0.54010
0.54063
0.53373
0.52169
0.50695
0.49144
0.47613
0.46085
0.44447
0.42536
0.40190
0.37300
0.33831
0.29824
0.25376
0.20607
0.15638
0.10582
0.05538
0.00605
-0.04121
-0.08545
-0.12594
-0.16233
-0.19485
-0.22436
-0.25211
-0.27940
-0.30704
-0.33499
-0.36226
-0.38718
-0.40806
-0.42388
-0.43482
-0.44241
-0.44907
-0.45736
-0.46893
-0.48368
-0.49936
-0.51174
-0.51546
-0.50519
-0.47704
-0.42966
-0.36483
-0.28731
-0.20391
-0.12209
-0.04828
0.01350
0.06237
0.10048
0.13202
0.16186
0.19397
0.23044
0.27115
0.31412
0.35647
0.39541
0.42899
0.45638
0.47764
0.49319
0.50331
0.50782
0.50618
0.49773
0.48214
0.45971
0.43144
0.39875
0.36309
0.32540
0.28589
0.24394
0.19857
0.14896
0.09513
0.03833
-0.01897
-0.07364
-0.12271
-0.16426
-0.19801
-0.22535
-0.24882
-0.27127
-0.29494
-0.32093
-0.34916
-0.37883
-0.40908
-0.43952
-0.47030
-0.50165
-0.53302
-0.56237
-0.58575
-0.59783
-0.59297
-0.56685
-0.51783
-0.44776
-0.36181
-0.26738
-0.17245
-0.08393
-0.00639
0.05842
0.11122
0.15438
0.19092
0.22368
0.25486
0.28591
0.31763
0.35026
0.38358
0.41684
0.44877
0.47763
0.50151
0.51862
0.52782
0.52887
0.52255
0.51042
0.49439
0.47609
0.45642
0.43516
0.41110
0.38227
0.34659
0.30249
0.24954
0.18877
0.12262
0.05454
-0.01173
-0.07298
-0.12716
-0.17375
-0.21360
-0.24847
-0.28024
-0.31033
-0.33927
-0.36668
-0.39157
-0.41274
-0.42928
-0.44084
-0.44769
-0.45071
-0.45109
-0.45022
-0.44938
-0.44968
-0.45186
-0.45617
-0.46209
-0.46819
-0.47203
-0.47044
-0.46001
-0.43785
-0.40236
-0.35378
-0.29429
-0.22758
-0.15801
-0.08957
-0.02502
0.03455
0.08962
0.14171
0.19260
0.24360
0.29516
0.34662
0.39651
0.44290
0.48395
0.51832
0.54540
0.56532
0.57872
0.58644
0.58923
0.58756
0.58164
0.57145
0.55688
0.53774
0.51377
0.48464
0.45002
0.40969
0.36377
0.31284
0.25803
0.20088
0.14311
0.08641
0.03222
-0.01835
-0.06451
-0.10577
-0.14187
-0.17278
-0.19867
-0.21992
-0.23707
-0.25077
-0.26171
-0.27055
-0.27793
-0.28444
-0.29065
-0.29715
-0.30445
-0.31289
-0.32255
-0.33311
-0.34396
-0.35434
-0.36354
-0.37126
-0.37772
-0.38373
-0.39052
-0.39940
-0.41138
-0.42671
-0.44458
-0.46299
-0.47887
-0.48844
-0.48785
-0.47390
-0.44477
-0.40046
-0.34286
-0.27532
-0.20203
-0.12712
-0.05402
0.01497
0.07875
0.13727
0.19118
0.24147
0.28916
0.33504
0.37953
0.42260
0.46380
0.50242
0.53762
0.56855
0.59442
0.61442
0.62783
0.63395
0.63235
0.62297
0.60628
0.58332
0.55552
0.52444
0.49137
0.45700
0.42136
0.38380
0.34339
0.29927
0.25115
0.19951
0.14568
0.09160
0.03939
-0.00911
-0.05271
-0.09103
-0.12438
-0.15348
-0.17919
-0.20233
-0.22358
-0.24345
-0.26231
-0.28036
-0.29762
-0.31392
-0.32904
-0.34273
-0.35476
-0.36494
-0.37303
-0.37874
-0.38178
-0.38203
-0.37967
-0.37538
-0.37033
-0.36602
-0.36396
-0.36531
-0.37055
-0.37925
-0.39007
-0.40095
-0.40947
-0.41330
-0.41056
-0.40011
-0.38155
-0.35510
-0.32135
-0.28106
-0.23515
-0.18477
-0.13146
-0.07721
-0.02427
0.02523
0.06986
0.10937
0.14490
0.17880
0.21405
0.25339
0.29861
0.34995
0.40603
0.46409
0.52056
0.57169
0.61409
0.64519
0.66344
0.66845
0.66090
0.64248
0.61556
0.58288
0.54702
0.50991
0.47244
0.43436
0.39453
0.35149
0.30418
0.25254
0.19775
0.14208
0.08825
0.03864
-0.00542
-0.04402
-0.07857
-0.11127
-0.14431
-0.17914
-0.21601
-0.25395
-0.29124
-0.32604
-0.35713
-0.38436
-0.40869
-0.43189
-0.45594
-0.48225
-0.51103
-0.54092
-0.56903
-0.59134
-0.60344
-0.60150
-0.58303
-0.54745
-0.49616
-0.43224
-0.35982
-0.28333
-0.20686
-0.13378
-0.06660
-0.00696
0.04437
0.08748
0.12334
0.15371
0.18082
0.20687
0.23355
0.26164
0.29092
0.32031
0.34820
0.37286
0.39290
0.40749
0.41657
0.42077
0.42123
0.41921
0.41570
0.41101
0.40458
0.39493
0.37993
0.35724
0.32492
0.28210
0.22932
0.16875
0.10379
0.03839
-0.02382
-0.08037
-0.13045
-0.17482
-0.21540
-0.25449
-0.29407
-0.33534
-0.37845
-0.42263
-0.46618
-0.50667
-0.54103
-0.56584
-0.57778
-0.57435
-0.55452
-0.51913
-0.47085
-0.41352
-0.35121
-0.28723
-0.22355
-0.16080
-0.09884
-0.03746
0.02298
0.08138
0.13616
0.18579
0.22944
0.26731
0.30069
0.33155
0.36191
0.39311
0.42530
0.45716
0.48624
0.50953
0.52428
0.52877
0.52277
0.50758
0.48561
0.45974
0.43248
0.40546
0.37913
0.35287
0.32532
0.29487
0.26008
0.22002
0.17445
0.12383
0.06931
0.01262
-0.04414
-0.09871
-0.14903
-0.19361
-0.23177
-0.26381
-0.29081
-0.31431
-0.33582
-0.35640
-0.37639
-0.39539
-0.41250
-0.42676
-0.43754
-0.44486
-0.44952
-0.45292
-0.45668
-0.46204
-0.46942
-0.47800
-0.48574
-0.48975
-0.48694
-0.47482
-0.45214
-0.41911
-0.37728
-0.32897
-0.27660
-0.22216
-0.16693
-0.11148
-0.05601
-0.00062
0.05440
0.10856
0.16125
0.21193
0.26028
0.30618
0.34966
0.39075
0.42940
0.46536
0.49818
0.52721
0.55158
0.57035
0.58257
0.58746
0.58465
0.57432
0.55726
0.53477
0.50839
0.47940
0.44850
0.41557
0.37975
0.33986
0.29499
0.24503
0.19102
0.13507
0.07991
0.02829
-0.01769
-0.05699
-0.08973
-0.11698
-0.14031
-0.16122
-0.18072
-0.19912
-0.21604
-0.23068
-0.24226
-0.25031
-0.25493
-0.25673
-0.25668
-0.25581
-0.25497
-0.25482
-0.25583
-0.25844
-0.26306
-0.27006
-0.27953
-0.29114
-0.30401
-0.31687
-0.32840
-0.33759
-0.34420
-0.34886
-0.35287
-0.35765
-0.36400
-0.37145
-0.37793
-0.38005
-0.37385
-0.35599
-0.32479
-0.28097
-0.22764
-0.16963
-0.11231
-0.06022
-0.01595
0.02033
0.05076
0.07894
0.10881
0.14348
0.18435
0.23082
0.28060
0.33041
0.37695
0.41772
0.45158
0.47874
0.50033
0.51775
0.53189
0.54275
0.54942
0.55036
0.54399
0.52915
0.50544
0.47328
0.43378
0.38857
0.33953
0.28866
0.23782
0.18866
0.14238
0.09960
0.06039
0.02431
-0.00933
-0.04121
-0.07174
-0.10090
-0.12824
-0.15294
-0.17406
-0.19077
-0.20267
-0.20998
-0.21351
-0.21453
-0.21444
-0.21444
-0.21534
-0.21746
-0.22081
-0.22522
-0.23047
-0.23637
-0.24265
-0.24890
-0.25447
-0.25857
-0.26043
-0.25945
-0.25544
-0.24872
-0.24011
-0.23082
-0.22230
-0.21597
-0.21303
-0.21425
-0.21972
-0.22883
-0.24017
-0.25173
-0.26114
-0.26612
-0.26492
-0.25665
-0.24140
-0.22000
-0.19362
-0.16324
-0.12927
-0.09152
-0.04953
-0.00314
0.04704
0.09942
0.15172
0.20149
0.24681
0.28680
0.32178
0.35299
0.38216
0.41081
0.43972
0.46865
0.49630
0.52068
0.53953
0.55094
0.55372
0.54761
0.53319
0.51152
0.48372
0.45060
0.41247
0.36928
0.32094
0.26775
0.21063
0.15126
0.09187
0.03494
-0.01730
-0.06329
-0.10244
-0.13529
-0.16340
-0.18897
-0.21428
-0.24106
-0.26988
-0.29993
-0.32912
-0.35469
-0.37412
-0.38597
-0.39058
-0.39002
-0.38763
-0.38697
-0.39070
-0.39965
-0.41249
-0.42602
-0.43607
-0.43872
-0.43134
-0.41334
-0.38614
-0.35266
-0.31628
-0.27984
-0.24486
-0.21123
-0.17752
-0.14171
-0.10210
-0.05814
-0.01075
0.03788
0.08500
0.12824
0.16646
0.20013
0.23113
0.26199
0.29493
0.33087
0.36900
0.40690
0.44120
0.46866
0.48708
0.49596
0.49643
0.49078
0.48152
0.47052
0.45826
0.44376
0.42481
0.39870
0.36317
0.31714
0.26128
0.19799
0.13105
0.06478
0.00320
-0.05081
-0.09600
-0.13282
-0.16311
-0.18939
-0.21419
-0.23938
-0.26574
-0.29296
-0.31978
-0.34443
-0.36521
-0.38088
-0.39104
-0.39619
-0.39757
-0.39677
-0.39528
-0.39398
-0.39280
-0.39061
-0.38536
-0.37448
-0.35551
-0.32664
-0.28719
-0.23782
-0.18052
-0.11837
-0.05512
0.00533
0.05957
0.10517
0.14112
0.16805
0.18808
0.20445
0.22080
0.24040
0.26535
0.29607
0.33104
0.36713
0.40023
0.42625
0.44209
0.44649
0.44020
0.42571
0.40629
0.38492
0.36326
0.34120
0.31717
0.28889
0.25447
0.21331
0.16647
0.11645
0.06641
0.01925
-0.02318
-0.06048
-0.09359
-0.12421
-0.15417
-0.18473
-0.21625
-0.24814
-0.27913
-0.30770
-0.33257
-0.35304
-0.36930
-0.38231
-0.39364
-0.40502
-0.41775
-0.43230
-0.44789
-0.46254
-0.47340
-0.47731
-0.47153
-0.45433
-0.42532
-0.38544
-0.33656
-0.28100
-0.22099
-0.15843
-0.09479
-0.03139
0.03049
0.08941
0.14398
0.19308
0.23628
0.27399
0.30747
0.33850
0.36886
0.39983
0.43173
0.46379
0.49428
0.52096
0.54159
0.55449
0.55882
0.55466
0.54285
0.52460
0.50109
0.47307
0.44074
0.40379
0.36173
0.31433
0.26202
0.20608
0.14858
0.09197
0.03858
-0.00988
-0.05263
-0.08983
-0.12233
-0.15119
-0.17732
-0.20120
-0.22284
-0.24197
-0.25826
-0.27156
-0.28203
-0.29012
-0.29651
-0.30190
-0.30689
-0.31185
-0.31688
-0.32184
-0.32645
-0.33037
-0.33328
-0.33501
-0.33560
-0.33537
-0.33502
-0.33558
-0.33823
-0.34401
-0.35327
-0.36532
-0.37813
-0.38858
-0.39303
-0.38823
-0.37223
-0.34493
-0.30798
-0.26426
-0.21691
-0.16850
-0.12044
-0.07302
-0.02578
0.02190
0.07027
0.11903
0.16742
0.21458
0.25987
0.30319
0.34494
0.38581
0.42642
0.46689
0.50659
0.54404
0.57712
0.60337
0.62053
0.62694
0.62191
0.60596
0.58075
0.54886
0.51328
0.47688
0.44175
0.40879
0.37765
0.34691
0.31464
0.27897
0.23867
0.19347
0.14406
0.09197
0.03919
-0.01213
-0.05994
-0.10250
-0.13851
-0.16724
-0.18862
-0.20327
-0.21251
-0.21813
-0.22214
-0.22642
-0.23235
-0.24062
-0.25114
-0.26319
-0.27568
-0.28751
-0.29786
-0.30641
-0.31334
-0.31923
-0.32473
-0.33030
-0.33595
-0.34124
-0.34546
-0.34799
-0.34868
-0.34813
-0.34765
-0.34894
-0.35358
-0.36243
-0.37514
-0.39013
-0.40483
-0.41619
-0.42136
-0.41812
-0.40514
-0.38191
-0.34854
-0.30563
-0.25412
-0.19553
-0.13200
-0.06646
-0.00231
0.05707
0.10916
0.15291
0.18917
0.22054
0.25073
0.28353
0.32176
0.36644
0.41644
0.46863
0.51868
0.56204
0.59503
0.61570
0.62412
0.62220
0.61305
0.60002
0.58582
0.57190
0.55822
0.54352
0.52589
0.50345
0.47488
0.43979
0.39865
0.35257
0.30286
0.25071
0.19695
0.14213
0.08666
0.03111
-0.02357
-0.07601
-0.12455
-0.16749
-0.20355
-0.23210
-0.25338
-0.26840
-0.27869
-0.28592
-0.29154
-0.29655
-0.30137
-0.30590
-0.30969
-0.31217
-0.31289
-0.31173
-0.30896
-0.30520
-0.30119
-0.29762
-0.29484
-0.29285
-0.29129
-0.28967
-0.28755
-0.28467
-0.28107
-0.27696
-0.27259
-0.26812
-0.26356
-0.25888
-0.25413
-0.24959
-0.24580
-0.24337
-0.24264
-0.24339
-0.24457
-0.24443
-0.24091
-0.23222
-0.21738
-0.19646
-0.17042
-0.14064
-0.10834
-0.07407
-0.03770
0.00138
0.04371
0.08931
0.13739
0.18644
0.23463
0.28035
0.32266
0.36149
0.39748
0.43157
0.46446
0.49618
0.52598
0.55246
0.57399
0.58916
0.59712
0.59759
0.59073
0.57685
0.55621
0.52889
0.49493
0.45448
0.40811
0.35686
0.30214
0.24550
0.18826
0.13134
0.07522
0.02019
-0.03331
-0.08440
-0.13164
-0.17324
-0.20744
-0.23308
-0.25003
-0.25936
-0.26317
-0.26405
-0.26447
-0.26618
-0.26986
-0.27518
-0.28110
-0.28644
-0.29040
-0.29294
-0.29492
-0.29785
-0.30337
-0.31258
-0.32554
-0.34094
-0.35638
-0.36900
-0.37639
-0.37742
-0.37275
-0.36461
-0.35607
-0.34982
-0.34711
-0.34700
-0.34646
-0.34123
-0.32705
-0.30113
-0.26309
-0.21514
-0.16144
-0.10686
-0.05555
-0.00980
0.03037
0.06689
0.10275
0.14097
0.18360
0.23124
0.28294
0.33659
0.38951
0.43911
0.48340
0.52129
0.55262
0.57785
0.59776
0.61294
0.62351
0.62888
0.62786
0.61883
0.60013
0.57043
0.52907
0.47620
0.41288
0.34092
0.26275
0.18117
0.09913
0.01960
-0.05471
-0.12153
-0.17923
-0.22698
-0.26475
-0.29327
-0.31374
-0.32762
-0.33635
-0.34121
-0.34323
-0.34335
-0.34247
-0.34167
-0.34218
-0.34526
-0.35203
-0.36306
-0.37814
-0.39604
-0.41455
-0.43074
-0.44143
-0.44379
-0.43591
-0.41716
-0.38818
-0.35047
-0.30587
-0.25600
-0.20202
-0.14470
-0.08492
-0.02407
0.03569
0.09161
0.14100
0.18199
0.21424
0.23909
0.25918
0.27757
0.29680
0.31816
0.34147
0.36545
0.38827
0.40826
0.42423
0.43549
0.44150
0.44155
0.43444
0.41859
0.39244
0.35496
0.30623
0.24773
0.18234
0.11392
0.04673
-0.01527
-0.06905
-0.11293
-0.14670
-0.17142
-0.18905
-0.20180
-0.21165
-0.21992
-0.22721
-0.23353
-0.23872
-0.24287
-0.24660
-0.25103
-0.25744
-0.26662
-0.27822
-0.29037
-0.29979
-0.30240
-0.29441
-0.27346
-0.23940
-0.19448
-0.14274
-0.08879
-0.03653
0.01185
0.05622
0.09805
0.13950
0.18230
0.22693
0.27224
0.31574
0.35419
0.38446
0.40430
0.41269
0.40990
0.39715
0.37607
0.34816
0.31452
0.27569
0.23194
0.18359
0.13142
0.07681
0.02174
-0.03162
-0.08128
-0.12585
-0.16477
-0.19824
-0.22710
-0.25254
-0.27584
-0.29811
-0.32006
-0.34171
-0.36228
-0.38015
-0.39311
-0.39883
-0.39541
-0.38202
-0.35910
-0.32830
-0.29203
-0.25276
-0.21249
-0.17244
-0.13311
-0.09454
-0.05666
-0.01950
0.01672
0.05169
0.08518
0.11719
0.14802
0.17824
0.20854
0.23946
0.27104
0.30261
0.33257
0.35858
0.37792
0.38807
0.38734
0.37527
0.35267
0.32142
0.28389
0.24252
0.19944
0.15647
0.11525
0.07734
0.04426
0.01730
-0.00288
-0.01655
-0.02514
-0.03099
-0.03681
-0.04504
-0.05708
-0.07302
-0.09173
-0.11144
-0.13051
-0.14817
-0.16484
-0.18181
-0.20056
-0.22173
-0.24424
-0.26504
-0.27962
-0.28314
-0.27202
-0.24521
-0.20477
-0.15547
-0.10349
-0.05474
-0.01330
0.01943
0.04464
0.06516
0.08407
0.10342
0.12349
0.14274
0.15853
0.16806
0.16926
0.16138
0.14508
0.12216
0.09506
