0.38000
0.38400
0.38400
0.38000
0.38800
0.38400
0.39200
0.39200
0.39600
0.41200
0.41600
0.41200
0.40800
0.41600
0.41200
0.41200
0.40800
0.41200
0.41200
0.41200
0.40800
0.41600
0.40800
0.41200
0.40800
0.41200
0.42000
0.42000
0.41600
0.42000
0.41200
0.41600
0.41600
0.41200
0.41200
0.40800
0.42000
0.41600
0.42000
0.42400
0.42800
0.43200
0.42400
0.42400
0.41600
0.41600
0.40800
0.40800
0.40800
0.40400
0.40400
0.40000
0.40400
0.39600
0.40000
0.40000
0.40000
0.40000
0.40000
0.40000
0.40000
0.40000
0.40000
0.40800
0.40000
0.40400
0.40400
0.41200
0.41600
0.41200
0.41200
0.40800
0.41200
0.40800
0.42000
0.41600
0.42000
0.42000
0.41200
0.41600
0.41200
0.41200
0.41200
0.40800
0.40400
0.40400
0.40400
0.40000
0.40000
0.40000
0.39600
0.39600
0.39600
0.39600
0.39600
0.39200
0.39200
0.39600
0.39200
0.39200
0.38800
0.39200
0.39200
0.39600
0.40400
0.40000
0.40400
0.40800
0.40800
0.41200
0.41200
0.42000
0.41200
0.41600
0.41600
0.41200
0.41600
0.41600
0.40800
0.41200
0.40800
0.40800
0.40400
0.40800
0.40400
0.40000
0.40400
0.40000
0.39600
0.40000
0.39600
0.39600
0.39200
0.39600
0.39200
0.39600
0.39200
0.39200
0.39600
0.39600
0.40000
0.39600
0.40400
0.40000
0.40800
0.40800
0.40800
0.41600
0.41600
0.41200
0.41600
0.41200
0.40800
0.41200
0.41600
0.43200
0.44000
0.42800
0.43600
0.42400
0.42400
0.42000
0.41200
0.41200
0.41200
0.40400
0.40800
0.40400
0.40000
0.42000
0.42000
0.43200
0.42800
0.42400
0.42000
0.42000
0.41600
0.41600
0.42800
0.42000
0.41600
0.42400
0.42000
0.42000
0.42000
0.41600
0.41600
0.41200
0.40800
0.40800
0.40800
0.40800
0.40400
0.40000
0.40400
0.40400
0.40400
0.41600
0.41200
0.41600
0.41200
0.40800
0.41200
0.40800
0.40800
0.40400
0.41200
0.41200
0.40800
0.40800
0.40800
0.40000
0.40000
0.40400
0.39600
0.40000
0.39600
0.39600
0.40400
0.40800
0.41200
0.41600
0.41600
0.42000
0.41200
0.41200
0.41600
0.40400
0.40800
0.41600
0.41200
0.41200
0.42000
0.41600
0.41200
0.41200
0.42000
0.44000
0.42400
0.42000
0.41600
0.41200
0.41600
0.40800
0.41200
0.40800
0.40800
0.40400
0.40400
0.40400
0.41200
0.40800
0.40400
0.41200
0.41200
0.42000
0.41200
0.41200
0.40800
0.40800
0.40400
0.40400
0.40000
0.40000
0.40000
0.40000
0.40400
0.40800
0.40400
