408.00000
914.00000
1518.00000
1998.00000
2485.00000
3093.00000
3676.00000
4241.00000
4759.00000
5461.00000
5997.00000
6482.00000
6903.00000
7303.00000
7755.00000
8147.00000
8455.00000
8758.00000
9194.00000
9787.00000
10305.00000
10777.00000
11196.00000
11695.00000
12172.00000
12699.00000
13229.00000
13774.00000
14252.00000
14704.00000
15135.00000
15697.00000
15977.00000
16291.00000
16702.00000
17104.00000
17508.00000
17936.00000
18297.00000
18756.00000
19053.00000
19450.00000
19958.00000
20666.00000
21230.00000
21799.00000
22302.00000
22896.00000
23497.00000
24207.00000
24798.00000
25431.00000
26037.00000
26592.00000
27063.00000
27565.00000
28066.00000
28577.00000
29226.00000
29733.00000
30278.00000
30708.00000
31106.00000
31549.00000
31999.00000
32578.00000
33198.00000
33923.00000
34588.00000
35238.00000
35864.00000
36562.00000
37273.00000
37683.00000
38187.00000
38689.00000
39112.00000
39593.00000
40053.00000
40461.00000
40886.00000
41585.00000
42014.00000
42524.00000
43137.00000
43683.00000
44242.00000
44749.00000
45245.00000
45814.00000
46261.00000
46758.00000
47355.00000
47944.00000
48447.00000
49128.00000
49581.00000
50022.00000
50499.00000
51094.00000
51535.00000
52055.00000
52389.00000
52885.00000
53378.00000
53895.00000
54526.00000
55009.00000
55371.00000
55816.00000
56421.00000
56984.00000
57562.00000
58178.00000
58894.00000
59565.00000
60119.00000
60607.00000
61168.00000
61768.00000
62312.00000
62882.00000
63493.00000
64103.00000
64717.00000
65243.00000
65792.00000
66367.00000
67065.00000
67679.00000
68290.00000
68793.00000
69351.00000
69853.00000
70341.00000
70867.00000
71471.00000
71968.00000
72577.00000
73335.00000
73738.00000
74202.00000
74676.00000
75156.00000
75662.00000
76106.00000
76603.00000
77131.00000
77660.00000
78200.00000
78630.00000
79102.00000
79555.00000
79972.00000
80349.00000
80858.00000
81391.00000
81928.00000
82467.00000
83043.00000
83569.00000
84120.00000
84663.00000
85085.00000
85487.00000
85778.00000
86117.00000
86429.00000
86677.00000
86922.00000
87223.00000
87616.00000
88453.00000
88828.00000
89209.00000
89604.00000
89996.00000
90372.00000
90735.00000
91099.00000
91492.00000
91956.00000
92404.00000
92836.00000
93288.00000
93689.00000
94084.00000
94601.00000
95046.00000
95540.00000
96043.00000
96465.00000
97032.00000
97547.00000
97994.00000
98537.00000
99108.00000
99569.00000
99958.00000
