27.00000
90.00000
160.00000
220.00000
293.00000
377.00000
434.00000
503.00000
577.00000
642.00000
710.00000
775.00000
833.00000
891.00000
957.00000
1023.00000
1079.00000
1140.00000
1205.00000
1261.00000
1321.00000
1387.00000
1442.00000
1505.00000
1577.00000
1635.00000
1691.00000
1745.00000
1799.00000
1865.00000
1939.00000
2007.00000
2076.00000
2154.00000
2226.00000
2301.00000
2363.00000
2424.00000
2486.00000
2550.00000
2620.00000
2687.00000
2754.00000
2807.00000
2875.00000
2943.00000
3008.00000
3079.00000
3152.00000
3230.00000
3301.00000
3390.00000
3470.00000
3539.00000
3612.00000
3690.00000
3752.00000
3826.00000
3898.00000
3978.00000
4044.00000
4105.00000
4176.00000
4251.00000
4327.00000
4392.00000
4459.00000
4522.00000
4584.00000
4634.00000
4689.00000
4808.00000
4856.00000
4933.00000
5000.00000
5056.00000
5118.00000
5184.00000
5251.00000
5352.00000
5428.00000
5484.00000
5541.00000
5605.00000
5666.00000
5735.00000
5810.00000
5870.00000
5937.00000
6013.00000
6112.00000
6178.00000
6236.00000
6401.00000
6461.00000
6527.00000
6578.00000
6638.00000
6719.00000
6795.00000
6869.00000
6947.00000
7026.00000
7100.00000
7159.00000
7214.00000
7279.00000
7333.00000
7389.00000
7446.00000
7503.00000
7568.00000
7634.00000
7702.00000
7763.00000
7823.00000
7881.00000
7940.00000
8003.00000
8063.00000
8118.00000
8177.00000
8236.00000
8294.00000
8355.00000
8427.00000
8495.00000
8554.00000
8604.00000
8657.00000
8716.00000
8787.00000
8846.00000
8909.00000
8964.00000
9019.00000
9077.00000
9136.00000
9196.00000
